49.294921875 49.326171875 49.326171875 49.349609375 49.349609375 49.349609375 49.380859375 49.380859375 49.380859375 
51.451171875 51.451171875 51.451171875 51.451171875 51.451171875 51.451171875 51.451171875 51.451171875 
53.1171875 53.1171875 53.1171875 53.1171875 53.1171875 53.1171875 53.1171875 53.1171875 
54.6640625 54.6640625 54.6640625 54.6640625 54.6640625 54.6640625 54.6640625 54.6640625 
56.2109375 56.2109375 56.2109375 56.2109375 56.2109375 56.2109375 56.2109375 56.2109375 
57.7578125 57.7578125 57.7578125 57.7578125 57.7578125 57.7578125 57.7578125 57.7578125 
59.3046875 59.3046875 59.3046875 59.3046875 59.3046875 59.3046875 59.3046875 59.3046875 
60.8515625 60.8515625 60.8515625 60.8515625 60.8515625 60.8515625 60.8515625 60.8515625 
62.3984375 62.3984375 62.3984375 62.3984375 62.3984375 62.3984375 62.3984375 62.3984375 62.3984375 
64.0908203125 64.0908203125 64.0908203125 64.0908203125 64.0908203125 64.0908203125 64.0908203125 64.0908203125 64.0908203125 
59.115234375 59.115234375 59.115234375 59.115234375 59.115234375 59.115234375 59.115234375 59.115234375 
53.4248046875 53.4248046875 53.4248046875 53.4248046875 53.4248046875 53.4248046875 53.4248046875 53.4248046875 53.4248046875 
54.2802734375 54.2802734375 54.2802734375 54.2802734375 54.2802734375 54.2802734375 54.2802734375 54.2802734375 54.2802734375 
56.1865234375 56.1865234375 56.1865234375 56.1865234375 56.1865234375 56.1865234375 56.1865234375 56.1865234375 
57.912109375 57.912109375 57.912109375 57.912109375 57.912109375 57.912109375 57.912109375 57.912109375 57.912109375 
59.7470703125 59.7470703125 59.7470703125 59.7470703125 59.7470703125 59.7470703125 59.7470703125 59.7470703125 59.7470703125 
61.6533203125 61.6533203125 61.6533203125 61.6533203125 61.6533203125 61.6533203125 61.6533203125 61.6533203125 
63.37890625 63.37890625 63.37890625 63.37890625 63.37890625 63.37890625 63.37890625 63.37890625 63.37890625 
