52.6748046875 52.7060546875 52.7060546875 52.7294921875 52.7294921875 52.7294921875 52.7607421875 52.7607421875 52.7607421875 
54.7265625 54.7265625 54.7265625 54.7265625 54.7265625 54.7265625 54.7265625 54.7265625 
55.6279296875 55.0380859375 55.0380859375 55.0380859375 55.0380859375 55.0380859375 55.0380859375 55.0380859375 
51.857421875 51.857421875 51.857421875 51.857421875 51.857421875 51.857421875 51.857421875 51.857421875 
53.5234375 53.5234375 53.5234375 53.5234375 53.5234375 53.5234375 53.5234375 53.5234375 
55.0703125 55.0703125 55.0703125 55.0703125 55.0703125 55.0703125 55.0703125 55.0703125 
56.6171875 56.6171875 56.6171875 56.6171875 56.6171875 56.6171875 56.6171875 56.6171875 
58.1640625 58.1640625 58.1640625 58.1640625 58.1640625 58.1640625 58.1640625 58.1640625 
59.7109375 59.7109375 59.7109375 59.7109375 59.7109375 59.7109375 59.7109375 59.7109375 59.7109375 
61.4033203125 61.4033203125 61.4033203125 61.4033203125 61.4033203125 61.4033203125 61.4033203125 61.4033203125 61.4033203125 
63.3232421875 63.3232421875 63.3232421875 63.3232421875 63.3232421875 63.3232421875 63.3232421875 63.3232421875 
64.580078125 64.580078125 64.580078125 64.580078125 64.580078125 64.580078125 64.580078125 64.580078125 64.580078125 
60.2685546875 60.2685546875 60.2685546875 60.2685546875 60.2685546875 60.2685546875 60.2685546875 60.2685546875 60.2685546875 
52.9443359375 52.9443359375 52.9443359375 52.9443359375 52.9443359375 52.9443359375 52.9443359375 52.9443359375 
54.669921875 54.669921875 54.669921875 54.669921875 54.669921875 54.669921875 54.669921875 54.669921875 54.669921875 
56.5048828125 56.5048828125 56.5048828125 56.5048828125 56.5048828125 56.5048828125 56.5048828125 56.5048828125 56.5048828125 
58.4111328125 58.4111328125 58.4111328125 58.4111328125 58.4111328125 58.4111328125 58.4111328125 58.4111328125 
60.13671875 60.13671875 60.13671875 60.13671875 60.13671875 60.13671875 60.13671875 60.13671875 60.13671875 
61.900390625 61.900390625 61.900390625 61.900390625 61.900390625 61.900390625 61.900390625 61.900390625 61.900390625 
63.7353515625 63.7353515625 63.7353515625 63.7353515625 63.7353515625 63.7353515625 63.7353515625 63.7353515625 
65.4609375 65.4609375 65.4609375 65.4609375 65.4609375 65.4609375 65.4609375 65.4609375 65.4609375 
59.3447265625 59.3447265625 59.3447265625 59.3447265625 59.3447265625 59.3447265625 59.3447265625 59.3447265625 59.3447265625 
52.2548828125 52.2548828125 52.2548828125 52.2548828125 52.2548828125 52.2548828125 52.2548828125 52.2548828125 52.2548828125 52.2548828125 
54.431640625 54.431640625 54.431640625 54.431640625 54.431640625 54.431640625 54.431640625 54.431640625 54.431640625 
56.2666015625 56.2666015625 56.2666015625 56.2666015625 56.2666015625 56.2666015625 56.2666015625 56.2666015625 56.2666015625 
58.1728515625 58.1728515625 58.1728515625 58.1728515625 58.1728515625 58.1728515625 58.1728515625 58.1728515625 
59.8984375 59.8984375 59.8984375 59.8984375 59.8984375 59.8984375 59.8984375 59.8984375 59.8984375 
61.5908203125 61.5908203125 61.5908203125 61.5908203125 61.5908203125 61.5908203125 61.5908203125 61.5908203125 61.5908203125 
63.4970703125 63.4970703125 63.4970703125 63.4970703125 63.4970703125 63.4970703125 63.4970703125 63.4970703125 
65.22265625 65.22265625 65.22265625 65.22265625 65.22265625 65.22265625 65.22265625 65.22265625 65.22265625 
60.2998046875 60.2998046875 60.2998046875 60.2998046875 60.2998046875 60.2998046875 60.2998046875 60.2998046875 60.2998046875 
52.8037109375 52.8037109375 52.8037109375 52.8037109375 52.8037109375 52.8037109375 52.8037109375 52.8037109375 
54.58984375 54.58984375 54.58984375 54.58984375 54.58984375 54.58984375 54.58984375 54.58984375 54.58984375 
56.353515625 56.353515625 56.353515625 56.353515625 56.353515625 56.353515625 56.353515625 56.353515625 56.353515625 
58.193359375 58.193359375 58.193359375 58.193359375 58.193359375 58.193359375 58.193359375 58.193359375 
59.859375 59.859375 59.859375 59.859375 59.859375 59.859375 59.859375 59.859375 59.859375 
61.48046875 61.48046875 61.48046875 61.48046875 61.48046875 61.48046875 61.48046875 61.48046875 61.48046875 
63.244140625 63.244140625 63.244140625 63.244140625 63.244140625 63.244140625 63.244140625 63.244140625 
64.91015625 64.91015625 64.91015625 64.91015625 64.91015625 64.91015625 64.91015625 64.91015625 64.91015625 
65.794921875 65.794921875 65.794921875 65.794921875 65.794921875 65.794921875 65.794921875 65.794921875 65.794921875 
51.802734375 51.802734375 51.802734375 51.802734375 51.802734375 51.802734375 51.802734375 51.802734375 
53.4560546875 53.4560546875 53.4560546875 53.4560546875 53.4560546875 53.4560546875 53.4560546875 53.4560546875 53.4560546875 
55.3837890625 55.3837890625 55.3837890625 55.3837890625 55.3837890625 55.3837890625 55.3837890625 55.3837890625 55.3837890625 
57.2900390625 57.2900390625 57.2900390625 57.2900390625 57.2900390625 57.2900390625 57.2900390625 57.2900390625 57.2900390625 57.2900390625 
59.404296875 59.404296875 59.404296875 59.404296875 59.404296875 59.404296875 59.404296875 59.404296875 59.404296875 
61.2392578125 61.2392578125 61.2392578125 61.2392578125 61.2392578125 61.2392578125 61.2392578125 61.2392578125 61.2392578125 
63.1455078125 63.1455078125 63.1455078125 63.1455078125 63.1455078125 63.1455078125 63.1455078125 63.1455078125 
64.87109375 64.87109375 64.87109375 64.87109375 64.87109375 64.87109375 64.87109375 64.87109375 64.87109375 
66.2158203125 66.2158203125 66.2158203125 66.2158203125 66.2158203125 66.2158203125 66.2158203125 66.2158203125 66.2158203125 
51.931640625 51.931640625 51.931640625 51.931640625 51.931640625 51.931640625 51.931640625 51.931640625 
53.5625 53.5625 53.5625 53.5625 53.5625 53.5625 53.5625 53.5625 53.5625 
55.041015625 55.041015625 55.041015625 55.041015625 55.041015625 55.041015625 55.041015625 55.041015625 55.041015625 
56.888671875 56.888671875 56.888671875 56.888671875 56.888671875 56.888671875 56.888671875 56.888671875 
58.5546875 58.5546875 58.5546875 58.5546875 58.5546875 58.5546875 58.5546875 58.5546875 58.5546875 
60.2470703125 60.2470703125 60.2470703125 60.2470703125 60.2470703125 60.2470703125 60.2470703125 60.2470703125 60.2470703125 
62.162109375 62.162109375 62.162109375 62.162109375 62.162109375 62.162109375 62.162109375 62.162109375 
63.828125 63.828125 63.828125 63.828125 63.828125 63.828125 63.828125 63.828125 63.828125 
65.44921875 65.44921875 65.44921875 65.44921875 65.44921875 65.44921875 65.44921875 65.44921875 65.44921875 
59.9931640625 59.9931640625 59.9931640625 59.9931640625 59.9931640625 59.9931640625 59.9931640625 59.9931640625 
52.583984375 52.583984375 52.583984375 52.583984375 52.583984375 52.583984375 52.583984375 52.583984375 52.583984375 
54.423828125 54.423828125 54.423828125 54.423828125 54.423828125 54.423828125 54.423828125 54.423828125 54.423828125 
56.2587890625 56.2587890625 56.2587890625 56.2587890625 56.2587890625 56.2587890625 56.2587890625 56.2587890625 
57.984375 57.984375 57.984375 57.984375 57.984375 57.984375 57.984375 57.984375 57.984375 
59.60546875 59.60546875 59.60546875 59.60546875 59.60546875 59.60546875 59.60546875 59.60546875 59.60546875 
61.369140625 61.369140625 61.369140625 61.369140625 61.369140625 61.369140625 61.369140625 61.369140625 
63.03515625 63.03515625 63.03515625 63.03515625 63.03515625 63.03515625 63.03515625 63.03515625 63.03515625 
64.798828125 64.798828125 64.798828125 64.798828125 64.798828125 64.798828125 64.798828125 64.798828125 64.798828125 
66.064453125 66.064453125 66.064453125 66.064453125 66.064453125 66.064453125 66.064453125 66.064453125 
51.7158203125 51.7158203125 51.7158203125 51.7158203125 51.7158203125 51.7158203125 51.7158203125 51.7158203125 51.7158203125 
53.630859375 53.630859375 53.630859375 53.630859375 53.630859375 53.630859375 53.630859375 53.630859375 53.630859375 
55.4658203125 55.4658203125 55.4658203125 55.4658203125 55.4658203125 55.4658203125 55.4658203125 55.4658203125 
57.19140625 57.19140625 57.19140625 57.19140625 57.19140625 57.19140625 57.19140625 57.19140625 57.19140625 
58.955078125 58.955078125 58.955078125 58.955078125 58.955078125 58.955078125 58.955078125 58.955078125 58.955078125 
60.7900390625 60