48.6982421875 48.7294921875 48.7294921875 48.7529296875 48.7529296875 48.7529296875 48.7841796875 48.7841796875 48.7841796875 
50.9375 50.9375 50.9375 50.9375 50.9375 50.9375 50.9375 50.9375 
52.3056640625 52.3056640625 52.3056640625 52.3056640625 52.3056640625 52.3056640625 52.3056640625 52.3056640625 
52.6328125 50.22265625 50.22265625 50.22265625 50.22265625 50.22265625 50.22265625 50.22265625 
51.8955078125 51.8955078125 51.8955078125 51.8955078125 51.8955078125 51.8955078125 51.8955078125 51.8955078125 
53.6376953125 53.6376953125 53.6376953125 53.6376953125 53.6376953125 53.6376953125 53.6376953125 53.6376953125 
55.36328125 55.36328125 55.36328125 55.36328125 55.36328125 55.36328125 55.36328125 55.36328125 55.36328125 
57.126953125 57.126953125 57.126953125 57.126953125 57.126953125 57.126953125 57.126953125 57.126953125 
58.79296875 58.79296875 58.79296875 58.79296875 58.79296875 58.79296875 58.79296875 58.79296875 58.79296875 
59.759765625 59.759765625 59.759765625 59.759765625 59.759765625 59.759765625 59.759765625 59.759765625 59.759765625 
49.73828125 49.73828125 49.73828125 49.73828125 49.73828125 49.73828125 49.73828125 49.73828125 
51.32421875 51.32421875 51.32421875 51.32421875 51.32421875 51.32421875 51.32421875 51.32421875 51.32421875 
53.099609375 53.099609375 53.099609375 53.099609375 53.099609375 53.099609375 53.099609375 53.099609375 53.099609375 
54.943359375 54.943359375 54.943359375 54.943359375 54.943359375 54.943359375 54.943359375 54.943359375 
56.609375 56.609375 56.609375 56.609375 56.609375 56.609375 56.609375 56.609375 56.609375 
58.23046875 58.23046875 58.23046875 58.23046875 58.23046875 58.23046875 58.23046875 58.23046875 58.23046875 
59.994140625 59.994140625 59.994140625 59.994140625 59.994140625 59.994140625 59.994140625 59.994140625 
50.1015625 50.1015625 50.1015625 50.1015625 50.1015625 50.1015625 50.1015625 50.1015625 50.1015625 
51.7763671875 51.7763671875 51.7763671875 51.7763671875 51.7763671875 51.7763671875 51.7763671875 51.7763671875 51.7763671875 
53.708984375 53.708984375 53.708984375 53.708984375 53.708984375 53.708984375 53.708984375 53.708984375 
55.375 55.375 55.375 55.375 55.375 55.375 55.375 55.375 55.375 
56.7822265625 56.7822265625 56.7822265625 56.7822265625 56.7822265625 56.7822265625 56.7822265625 56.7822265625 56.7822265625 
58.6884765625 58.6884765625 58.6884765625 58.6884765625 58.6884765625 58.6884765625 58.6884765625 58.6884765625 
60.4140625 60.4140625 60.4140625 60.4140625 60.4140625 60.4140625 60.4140625 60.4140625 60.4140625 
57.6826171875 57.6826171875 57.6826171875 57.6826171875 57.6826171875 57.6826171875 57.6826171875 57.6826171875 57.6826171875 
51.607421875 51.607421875 51.607421875 51.607421875 51.607421875 51.607421875 51.607421875 51.607421875 
53.2734375 53.2734375 53.2734375 53.2734375 53.2734375 53.2734375 53.2734375 53.2734375 53.2734375 
54.9658203125 54.9658203125 54.9658203125 54.9658203125 54.9658203125 54.9658203125 54.9658203125 54.9658203125 54.9658203125 
56.8720703125 56.8720703125 56.8720703125 56.8720703125 56.8720703125 56.8720703125 56.8720703125 56.8720703125 
58.59765625 58.59765625 58.59765625 58.59765625 58.59765625 58.59765625 58.59765625 58.59765625 58.59765625 
60.361328125 60.361328125 60.361328125 60.361328125 60.361328125 60.361328125 60.361328125 60.361328125 60.361328125 
49.7470703125 49.7470703125 49.7470703125 49.7470703125 49.7470703125 49.7470703125 49.7470703125 49.7470703125 
51.458984375 51.458984375 51.458984375 51.458984375 51.458984375 51.458984375 51.458984375 51.458984375 51.458984375 
53.298828125 53.298828125 53.298828125 53.298828125 53.298828125 53.298828125 53.298828125 53.298828125 53.298828125 
55.1337890625 55.1337890625 55.1337890625 55.1337890625 55.1337890625 55.1337890625 55.1337890625 55.1337890625 
56.859375 56.859375 56.859375 56.859375 56.859375 56.859375 56.859375 56.859375 56.859375 
58.48046875 58.48046875 58.48046875 58.48046875 58.48046875 58.48046875 58.48046875 58.48046875 58.48046875 
60.244140625 60.244140625 60.244140625 60.244140625 60.244140625 60.244140625 60.244140625 60.244140625 
50.2744140625 50.2744140625 50.2744140625 50.2744140625 50.2744140625 50.2744140625 50.2744140625 50.2744140625 50.2744140625 
52.189453125 52.189453125 52.189453125 52.189453125 52.189453125 52.189453125 52.189453125 52.189453125 52.189453125 
54.0244140625 54.0244140625 54.0244140625 54.0244140625 54.0244140625 54.0244140625 54.0244140625 54.0244140625 
55.75 55.75 55.75 55.75 55.75 55.75 55.75 55.75 55.75 
57.0859375 57.0859375 57.0859375 57.0859375 57.0859375 57.0859375 57.0859375 57.0859375 57.0859375 
58.7783203125 58.7783203125 58.7783203125 58.7783203125 58.7783203125 58.7783203125 58.7783203125 58.7783203125 
60.50390625 60.50390625 60.50390625 60.50390625 60.50390625 60.50390625 60.50390625 60.50390625 60.50390625 
50.2412109375 50.2412109375 50.2412109375 50.2412109375 50.2412109375 50.2412109375 50.2412109375 50.2412109375 50.2412109375 
52.1474609375 52.1474609375 52.1474609375 52.1474609375 52.1474609375 52.1474609375 52.1474609375 52.1474609375 
53.873046875 53.873046875 53.873046875 53.873046875 53.873046875 53.873046875 53.873046875 53.873046875 53.873046875 
55.7080078125 55.7080078125 55.7080078125 55.7080078125 55.7080078125 55.7080078125 55.7080078125 55.7080078125 55.7080078125 
57.6142578125 57.6142578125 57.6142578125 57.6142578125 57.6142578125 57.6142578125 57.6142578125 57.6142578125 
59.33984375 59.33984375 59.33984375 59.33984375 59.33984375 59.33984375 59.33984375 59.33984375 59.33984375 
61.103515625 61.103515625 61.103515625 61.103515625 61.103515625 61.103515625 61.103515625 61.103515625 61.103515625 
50.7919921875 50.7919921875 50.7919921875 50.7919921875 50.7919921875 50.7919921875 50.7919921875 50.7919921875 
52.50390625 52.50390625 52.50390625 52.50390625 52.50390625 52.50390625 52.50390625 52.50390625 52.50390625 
54.267578125 54.267578125 54.267578125 54.267578125 54.267578125 54.267578125 54.267578125 54.267578125 54.267578125 
56.107421875 56.107421875 56.107421875 56.107421875 56.107421875 56.107421875 56.107421875 56.107421875 
57.7734375 57.7734375 57.7734375 57.7734375 57.7734375 57.7734375 57.7734375 57.7734375 57.7734375 
59.4658203125 59.4658203125 59.4658203125 59.4658203125 59.4658203125 59.4658203125 59.4658203125 59.4658203125 59.4658203125 
58.5087890625 58.5087890625 58.5087890625 58.5087890625 58.5087890625 58.5087890625 58.5087890625 58.5087890625 
51.3486328125 51.3486328125 51.3486328125 51.3486328125 51.3486328125 51.3486328125 51.3486328125 51.3486328125 51.3486328125 
53.2548828125 53.2548828125 53.2548828125 53.2548828125 53.2548828125 53.2548828125 53.2548828125 53.2548828125 53.2548828125 
55.1611328125 55.1611328125 55.1611328125 55.1611328125 55.1611328125 55.1611328125 55.1611328125 55.1611328125 
56.88671875 56.88671875 56.88671875 56.88671875 56.88671875 56.88671875 56.88671875 56.88671875 56.88671875 
58.650390625 58.650390625 58.650390625 58.650390625 58.650390625 58.650390625 58.650390625 58.650390625 58.650390625 
60.4853515625 60.4853515625 60.4853515625 60.4853515625 60.4853515625 60.4853515625 60.4853515625 60.4853515625 
57.1376953125 57.1376953125 57.1376953125 57.1376953125 57.1376953125 57.1376953125 57.1376953125 57.1376953125 57.1376953125 
51.2841796875 51.2841796875 51.2841796875 51.2841796875 51.2841796875 51.2841796875 51.2841796875 51.2841796875 51.2841796875 
53.1904296875 53.1904296875 53.1904296875 53.1904296875 53.1904296875 53.1904296875 53.1904296875 53.1904296875 
54.916015625 54.916015625 54.916015625 54.916015625 54.916015625 54.916015625 54.916015625 54.916015625 54.916015625 
56.7509765625 56.7509765625 56.7509765625 56.7509765625 56.7509765625 56.7509765625 56.7509765625 56.7509765625 56.7509765625 
58.6572265625 58.6572265625 58.6572265625 58.6572265625 58.6572265625 58.6572265625 58.6572265625 58.6572265625 
60.3828125 60.3828125 60.3828125 60.3828125 60.3828125 60.3828125 60.3828125 60.3828125 60.3828125 
50.216796875 50.216796875 50.216796875 50.216796875 50.216796875 50.216796875 50.216796875 50.216796875 50.216796875 
52.04296875 52.04296875 52.04296875 52.04296875 52.04296875 52.04296875 52.04296875 52.04296875 
53.6494140625 53.6494140625 53.6494140625 53.6494140625 53.6494140625 53.6494140625 53.6494140625 53.6494140625 53.6494140625 
55.564453125 55.564453125 55.564453125 55.564453125 55.564453125 55.564453125 55.564453125 55.564453125 55.564453125 
57.3994140625 57.3994140625 57.3994140625 57.3994140625 57.3994140625 57.3994140625 57.3994140625 57.3994140625 
59.125 59.125 59.125 59.125 59.125 59.125 59.125 59.125 59.125 
60.5322265625 60.5322265625 60.5322265625 60.5322265625 60.5322265625 60.5322265625 60.5322265625 60.5322265625 60.5322265625 
49.703125 49.703125 49.703125 49.703125 49.703125 49.703125 49.703125 49.703125 
51.1455078125 51.1455078125 51.1455078125 51.1455078125 51.1455078125 51.1455078125 51.1455078125 51.1455078125 51.1455078125 
53.0966796875 53.0966796875 53.0966796875 53.0966796875 53.0966796875 53.0966796875 53.0966796875 53.0966796875 53.0966796875 
55.0029296875 55.0029296875 55.0029296875 55.0029296875 55.0029296875 55.0029296875 55.0029296875 55.0029296875 
56.728515625 56.728515625 56.728515625 56.728515625 56.728515625 56.728515625 56.728515625 56.728515625 56.728515625 
58.5634765625 58.5634765625 58.5634765625 58.5634765625 58.5634765625 58.5634765625 58.5634765625 58.5634765625 58.5634765625 
60.4697265625 60.4697265625 60.4697265625 60.4697265625 60.4697265625 60.4697265625 60.4697265625 60.4697265625 
50.6748046875 50.6748046875 50.6748046875 50.6748046875 50.6748046875 50.6748046875 50.6748046875 50.6748046875 50.6748046875 
52.5810546875 52.5810546875 52.5810546875 52.5810546875 52.5810546875 52.5810546875 52.5810546875 52.5810546875 52.5810546875 
54.4873046875 54.4873046875 54.4873046875 54.4873046875 54.4873046875 54.4873046875 54.4873046875 54.4873046875 
56.212890625 56.212890625 56.212890625 56.212890625 56.212890625 56.212890625 56.212890625 56.212890625 56.212890625 
58.0478515625 58.0478515625 58.0478515625 58.0478515625 58.0478515625 58.0478515625 58.0478515625 58.0478515625 58.0478515625 
59.9541015625 59.9541015625 59.9541015625 59.9541015625 59.9541015625 59.9541015625 59.9541015625 59.9541015625 
57.4462890625 57.4462890625 57.4462890625 57.4462890625 57.4462890625 57.4462890625 57.4462890625 57.4462890625 57.4462890625 
51.3642578125 51.3642578125 51.3642578125 51.3642578125 51.3642578125 51.3642578125 51.3642578125 51.3642578125 51.3642578125 
53.2705078125 53.2705078125 53.2705078125 53.2705078125 53.2705078125 53.2705078125 53.2705078125 53.2705078125 
54.99609375 54.99609375 54.99609375 54.99609375 54.99609375 54.99609375 54.99609375 54.99609375 54.99609375 
56.759765625 56.759765625 56.759765625 56.759765625 56.759765625 56.759765625 56.759765625 56.759765625 56.759765625 
58.5947265625 58.5947265625 58.5947265625 58.5947265625 58.5947265625 58.5947265625 58.5947265625 58.5947265625 
60.3203125 60.3203125 60.3203125 60.3203125 60.3203125 60.3203125 60.3203125 60.3203125 60.3203125 
58.890625 58.890625 58.890625 58.890625 58.890625 58.890625 58.890625 58.890625 58.890625 
51.1240234375 51.1240234375 51.1240234375 51.1240234375 51.1240234375 51.1240234375 51.1240234375 51.1240234375 
52.87109375 52.87109375 52.87109375 52.87109375 52.87109375 52.87109375 52.87109375 52.87109375 52.87109375 
54.634765625 54.634765625 54.634765625 54.634765625 54.634765625 54.634765625 54.634765625 54.634765625 54.634765625 
56.474609375 56.474609375 56.474609375 56.474609375 56.474609375 56.474609375 56.474609375 56.474609375 
58.140625 58.140625 58.140625 58.140625 58.140625 58.140625 58.140625 58.140625 58.140625 
59.76171875 59.76171875 59.76171875 59.76171875 59.76171875 59.76171875 59.76171875 59.76171875 59.76171875 
58.138671875 58.138671875 58.138671875 58.138671875 58.138671875 58.138671875 58.138671875 58.138671875 
51.31640625 51.31640625 51.31640625 51.31640625 51.31640625 51.31640625 51.31640625 51.31640625 51.31640625 
53.083984375 53.083984375 53.083984375 53.083984375 53.083984375 53.083984375 53.083984375 53.083984375 53.083984375 
54.927734375 54.927734375 54.927734375 54.927734375 54.927734375 54.927734375 54.927734375 54.927734375 
56.59375 56.59375 56.59375 56.59375 56.59375 56.59375 56.59375 56.59375 56.59375 
58.1435546875 58.1435546875 58.1435546875 58.1435546875 58.1435546875 58.1435546875 58.1435546875 58.1435546875 58.1435546875 
60.05859375 60.05859375 60.05859375 60.05859375 60.05859375 60.05859375 60.05859375 60.05859375 
58.3046875 58.3046875 58.3046875 58.3046875 58.3046875 58.3046875 58.3046875 58.3046875 58.3046875 
51.28515625 51.28515625 51.28515625 51.28515625 51.28515625 51.28515625 51.28515625 51.28515625 51.28515625 
53.0576171875 53.0576171875 53.0576171875 53.0576171875 53.0576171875 53.0576171875 53.0576171875 53.0576171875 
54.787109375 54.787109375 54.787109375 54.787109375 54.787109375 54.787109375 54.787109375 54.787109375 54.787109375 
56.626953125 56.626953125 56.626953125 56.626953125 56.626953125 56.626953125 56.626953125 56.626953125 56.626953125 
58.4619140625 58.4619140625 58.4619140625 58.4619140625 58.4619140625 58.4619140625 58.4619140625 58.4619140625 
60.1875 60.1875 60.1875 60.1875 60.1875 60.1875 60.1875 60.1875 60.1875 
58.142578125 58.142578125 58.142578125 58.142578125 58.142578125 58.142578125 58.142578125 58.142578125 58.142578125 
51.421875 51.421875 51.421875 51.421875 51.421875 51.421875 51.421875 51.421875 
52.9091796875 52.9091796875 52.9091796875 52.9091796875 52.9091796875 52.9091796875 52.9091796875 52.9091796875 52.9091796875 
54.82421875 54.82421875 54.82421875 54.82421875 54.82421875 54.82421875 54.82421875 54.82421875 54.82421875 
56.587890625 56.587890625 56.587890625 56.587890625 56.587890625 56.587890625 56.587890625 56.587890625 
58.25390625 58.25390625 58.25390625 58.25390625 58.25390625 58.25390625 58.25390625 58.25390625 58.25390625 58.25390625 
60.2490234375 60.2490234375 60.2490234375 60.2490234375 60.2490234375 60.2490234375 60.2490234375 60.2490234375 60.2490234375 
57.9228515625 57.9228515625 57.9228515625 57.9228515625 57.9228515625 57.9228515625 57.9228515625 57.9228515625 
51.6044921875 51.6044921875 51.6044921875 51.6044921875 51.6044921875 51.6044921875 51.6044921875 51.6044921875 51.6044921875 51.6044921875 
53.732421875 53.732421875 53.732421875 53.732421875 53.732421875 53.732421875 53.732421875 53.732421875 53.732421875 
55.5673828125 55.5673828125 55.5673828125 55.5673828125 55.5673828125 55.5673828125 55.5673828125 55.5673828125 
57.29296875 57.29296875 57.29296875 57.29296875 57.29296875 57.29296875 57.29296875 57.29296875 57.29296875 57.29296875 
59.2255859375 59.2255859375 59.2255859375 59.2255859375 59.2255859375 59.2255859375 59.2255859375 59.2255859375 59.2255859375 
58.1005859375 58.1005859375 58.1005859375 58.1005859375 58.1005859375 58.1005859375 58.1005859375 58.1005859375 
51.1689453125 51.1689453125 51.1689453125 51.1689453125 51.1689453125 51.1689453125 51.1689453125 51.1689453125 51.1689453125 51.1689453125 
53.26953125 53.26953125 53.26953125 53.26953125 53.26953125 53.26953125 53.26953125 53.26953125 53.26953125 53.26953125 
55.2021484375 55.2021484375 55.2021484375 55.2021484375 55.2021484375 55.2021484375 55.2021484375 55.2021484375 
56.927734375 56.927734375 56.927734375 56.927734375 56.927734375 56.927734375 56.927734375 56.927734375 56.927734375 56.927734375 
58.9443359375 58.9443359375 58.9443359375 58.9443359375 58.9443359375 58.9443359375 58.9443359375 58.9443359375 58.9443359375 58.9443359375 
61.044921875 61.044921875 61.044921875 61.044921875 61.044921875 61.044921875 61.044921875 61.044921875 
49.822265625 49.822265625 49.822265625 49.822265625 49.822265625 49.822265625 49.822265625 49.822265625 49.822265625 49.822265625 
51.8291015625 51.8291015625 51.8291015625 51.8291015625 51.8291015625 51.8291015625 51.8291015625 51.8291015625 51.8291015625 51.8291015625 
53.939453125 53.939453125 53.939453125 53.939453125 53.939453125 53.939453125 53.939453125 53.939453125 
55.60546875 55.60546875 55.60546875 55.60546875 55.60546875 55.60546875 55.60546875 55.60546875 55.60546875 55.60546875 
57.5380859375 57.5380859375 57.5380859375 57.5380859375 57.5380859375 57.5380859375 57.5380859375 57.5380859375 57.5380859375 57.5380859375 
59.638671875 59.638671875 59.638671875 59.638671875 59.638671875 59.638671875 59.638671875 59.638671875 
57.18359375 57.18359375 57.18359375 57.18359375 57.18359375 57.18359375 57.18359375 57.18359375 57.18359375 57.18359375 
51.3984375 51.3984375 51.3984375 51.3984375 51.3984375 51.3984375 51.3984375 51.3984375 51.3984375 51.3984375 
53.2470703125 53.2470703125 53.2470703125 53.2470703125 53.2470703125 53.2470703125 53.2470703125 53.2470703125 
54.97265625 54.97265625 54.97265625 54.97265625 54.97265625 54.97265625 54.97265625 54.97265625 54.97265625 54.97265625 
56.9052734375 56.9052734375 56.9052734375 56.9052734375 56.9052734375 56.9052734375 56.9052734375 56.9052734375 56.9052734375 56.9052734375 
59.025390625 59.025390625 59.025390625 59.025390625 59.025390625 59.025390625 59.025390625 59.025390625 
60.69140625 60.69140625 60.69140625 60.69140625 60.69140625 60.69140625 60.69140625 60.69140625 60.69140625 60.69140625 
50.6806640625 50.6806640625 50.6806640625 50.6806640625 50.6806640625 50.6806640625 50.6806640625 50.6806640625 50.6806640625 50.6806640625 
52.78125 52.78125 52.78125 52.78125 52.78125 52.78125 52.78125 52.78125 
54.208984375 54.208984375 54.208984375 54.208984375 54.208984375 54.208984375 54.208984375 54.208984375 54.208984375 54.208984375 
56.2255859375 56.2255859375 56.2255859375 56.2255859375 56.2255859375 56.2255859375 56.2255859375 56.2255859375 56.2255859375 56.2255859375 
58.326171875 58.326171875 58.326171875 58.326171875 58.326171875 58.326171875 58.326171875 58.326171875 
59.9921875 59.9921875 59.9921875 59.9921875 59.9921875 59.9921875 59.9921875 59.9921875 59.9921875 59.9921875 
58.5537109375 58.5537109375 58.5537109375 58.5537109375 58.5537109375 58.5537109375 58.5537109375 58.5537109375 58.5537109375 58.5537109375 
51.9111328125 51.9111328125 51.9111328125 51.9111328125 51.9111328125 51.9111328125 51.9111328125 51.9111328125 
53.63671875 53.63671875 53.63671875 53.63671875 53.63671875 53.63671875 53.63671875 53.63671875 53.63671875 53.63671875 
55.5693359375 55.5693359375 55.5693359375 55.5693359375 55.5693359375 55.5693359375 55.5693359375 55.5693359375 55.5693359375 55.5693359375 
57.669921875 57.669921875 57.669921875 57.669921875 57.669921875 57.669921875 57.669921875 57.669921875 
59.3359375 59.3359375 59.3359375 59.3359375 59.3359375 59.3359375 59.3359375 59.3359375 59.3359375 59.3359375 
58.2177734375 58.2177734375 58.2177734375 58.2177734375 58.2177734375 58.2177734375 58.2177734375 58.2177734375 58.2177734375 58.2177734375 
51.607421875 51.607421875 51.607421875 51.607421875 51.607421875 51.607421875 51.607421875 51.607421875 
53.326171875 53.326171875 53.326171875 53.326171875 53.326171875 53.326171875 53.326171875 53.326171875 53.326171875 53.326171875 
55.3681640625 55.3681640625 55.3681640625 55.3681640625 55.3681640625 55.3681640625 55.3681640625 55.3681640625 55.3681640625 55.3681640625 
57.478515625 57.478515625 57.478515625 57.478515625 57.478515625 57.478515625 57.478515625 57.478515625 
59.14453125 59.14453125 59.14453125 59.14453125 59.14453125 59.14453125 59.14453125 59.14453125 59.14453125 59.14453125 
61.0771484375 61.0771484375 61.0771484375 61.0771484375 61.0771484375 61.0771484375 61.0771484375 61.0771484375 61.0771484375 61.0771484375 
50.1376953125 50.1376953125 50.1376953125 50.1376953125 50.1376953125 50.1376953125 50.1376953125 50.1376953125 
51.8359375 51.8359375 51.8359375 51.8359375 51.8359375 51.8359375 51.8359375 51.8359375 51.8359375 51.8359375 
53.6845703125 53.6845703125 53.6845703125 53.6845703125 53.6845703125 53.6845703125 53.6845703125 53.6845703125 53.6845703125 53.6845703125 
55.8125 55.8125 55.8125 55.8125 55.8125 55.8125 55.8125 55.8125 
57.1806640625 57.1806640625 57.1806640625 57.1806640625 57.1806640625 57.1806640625 57.1806640625 57.1806640625 57.1806640625 57.1806640625 
59.28125 59.28125 59.28125 59.28125 59.28125 59.28125 59.28125 59.28125 59.28125 59.28125 
57.564453125 57.564453125 57.564453125 57.564453125 57.564453125 57.564453125 57.564453125 57.564453125 
51.111328125 51.111328125 51.111328125 51.111328125 51.111328125 51.111328125 51.111328125 51.111328125 51.111328125 51.111328125 
53.1533203125 53.1533203125 53.1533203125 53.1533203125 53.1533203125 53.1533203125 53.1533203125 53.1533203125 53.1533203125 53.1533203125 
55.263671875 55.263671875 55.263671875 55.263671875 55.263671875 55.263671875 55.263671875 55.263671875 
56.9296875 56.9296875 56.9296875 56.9296875 56.9296875 56.9296875 56.9296875 56.9296875 56.9296875 56.9296875 
58.7783203125 58.7783203125 58.7783203125 58.7783203125 58.7783203125 58.7783203125 58.7783203125 58.7783203125 58.7783203125 58.7783203125 
56.6826171875 56.6826171875 56.6826171875 56.6826171875 56.6826171875 56.6826171875 56.6826171875 56.6826171875 
51.169921875 51.169921875 51.169921875 51.169921875 51.169921875 51.169921875 51.169921875 51.169921875 51.169921875 51.169921875 
53.1767578125 53.1767578125 53.1767578125 53.1767578125 53.1767578125 53.1767578125 53.1767578125 53.1767578125 53.1767578125 53.1767578125 
55.287109375 55.287109375 55.287109375 55.287109375 55.287109375 55.287109375 55.287109375 55.287109375 
56.953125 56.953125 56.953125 56.953125 56.953125 56.953125 56.953125 56.953125 56.953125 56.953125 
58.7177734375 58.7177734375 58.7177734375 58.7177734375 58.7177734375 58.7177734375 58.7177734375 58.7177734375 58.7177734375 58.7177734375 
60.818359375 60.818359375 60.818359375 60.818359375 60.818359375 60.818359375 60.818359375 60.818359375 
58.505859375 58.505859375 58.505859375 58.505859375 58.505859375 58.505859375 58.505859375 58.505859375 58.505859375 58.505859375 
51.8857421875 51.8857421875 51.8857421875 51.8857421875 51.8857421875 51.8857421875 51.8857421875 51.8857421875 51.8857421875 51.8857421875 
53.99609375 53.99609375 53.99609375 53.99609375 53.99609375 53.99609375 53.99609375 53.99609375 
55.6025390625 55.6025390625 55.6025390625 55.6025390625 55.6025390625 55.6025390625 55.6025390625 55.6025390625 55.6025390625 55.6025390625 
57.703125 57.703125 57.703125 57.703125 57.703125 57.703125 57.703125 57.703125 57.703125 57.703125 
59.4677734375 59.4677734375 59.4677734375 59.4677734375 59.4677734375 59.4677734375 59.4677734375 59.4677734375 
61.193359375 61.193359375 61.193359375 61.193359375 61.193359375 61.193359375 61.193359375 61.193359375 61.193359375 61.193359375 
51.0126953125 51.0126953125 51.0126953125 51.0126953125 51.0126953125 51.0126953125 51.0126953125 51.0126953125 51.0126953125 51.0126953125 
53.11328125 53.11328125 53.11328125 53.11328125 53.11328125 53.11328125 53.11328125 53.11328125 
54.7197265625 54.7197265625 54.7197265625 54.7197265625 54.7197265625 54.7197265625 54.7197265625 54.7197265625 54.7197265625 54.7197265625 
56.8203125 56.8203125 56.8203125 56.8203125 56.8203125 56.8203125 56.8203125 56.8203125 56.8203125 56.8203125 
58.6689453125 58.6689453125 58.6689453125 58.6689453125 58.6689453125 58.6689453125 58.6689453125 58.6689453125 58.6689453125 
60.5751953125 60.5751953125 60.5751953125 60.5751953125 60.5751953125 60.5751953125 60.5751953125 60.5751953125 60.5751953125 60.5751953125 
50.8212890625 50.8212890625 50.8212890625 50.8212890625 50.8212890625 50.8212890625 50.8212890625 50.8212890625 50.8212890625 50.8212890625 
52.921875 52.921875 52.921875 52.921875 52.921875 52.921875 52.921875 52.921875 
54.4091796875 54.4091796875 54.4091796875 54.4091796875 54.4091796875 54.4091796875 54.4091796875 54.4091796875 54.4091796875 54.4091796875 
56.509765625 56.509765625 56.509765625 56.509765625 56.509765625 56.509765625 56.509765625 56.509765625 56.509765625 56.509765625 
58.5263671875 58.5263671875 58.5263671875 58.5263671875 58.5263671875 58.5263671875 58.5263671875 58.5263671875 
60.251953125 60.251953125 60.251953125 60.251953125 60.251953125 60.251953125 60.251953125 60.251953125 60.251953125 60.251953125 
57.6298828125 57.6298828125 57.6298828125 57.6298828125 57.6298828125 57.6298828125 57.6298828125 57.6298828125 57.6298828125 57.6298828125 
52.0126953125 52.0126953125 52.0126953125 52.0126953125 52.0126953125 52.0126953125 52.0126953125 52.0126953125 
53.73828125 53.73828125 53.73828125 53.73828125 53.73828125 53.73828125 53.73828125 53.73828125 53.73828125 53.73828125 
55.6708984375 55.6708984375 55.6708984375 55.6708984375 55.6708984375 55.6708984375 55.6708984375 55.6708984375 55.6708984375 55.6708984375 
57.771484375 57.771484375 57.771484375 57.771484375 57.771484375 57.771484375 57.771484375 57.771484375 
59.4375 59.4375 59.4375 59.4375 59.4375 59.4375 59.4375 59.4375 59.4375 59.4375 
57.90234375 57.90234375 57.90234375 57.90234375 57.90234375 57.90234375 57.90234375 57.90234375 57.90234375 57.90234375 
51.259765625 51.259765625 51.259765625 51.259765625 51.259765625 51.259765625 51.259765625 51.259765625 
52.890625 52.890625 52.890625 52.890625 52.890625 52.890625 52.890625 52.890625 52.890625 52.890625 
54.6552734375 54.6552734375 54.6552734375 54.6552734375 54.6552734375 54.6552734375 54.6552734375 54.6552734375 54.6552734375 54.6552734375 
56.791015625 56.791015625 56.791015625 56.791015625 56.791015625 56.791015625 56.791015625 56.791015625 
58.45703125 58.45703125 58.45703125 58.45703125 58.45703125 58.45703125 58.45703125 58.45703125 58.45703125 58.45703125 
60.3896484375 60.3896484375 60.3896484375 60.3896484375 60.3896484375 60.3896484375 60.3896484375 60.3896484375 60.3896484375 60.3896484375 
49.69140625 49.69140625 49.69140625 49.69140625 49.69140625 49.69140625 49.69140625 49.69140625 
51.2548828125 51.2548828125 51.2548828125 51.2548828125 51.2548828125 51.2548828125 51.2548828125 51.2548828125 51.2548828125 51.2548828125 
53.3984375 53.3984375 53.3984375 53.3984375 53.3984375 53.3984375 53.3984375 53.3984375 53.3984375 53.3984375 
55.2470703125 55.2470703125 55.2470703125 55.2470703125 55.2470703125 55.2470703125 55.2470703125 55.2470703125 
56.97265625 56.97265625 56.97265625 56.97265625 56.97265625 56.97265625 56.97265625 56.97265625 
58.5791015625 58.5791015625 58.5791015625 58.5791015625 58.5791015625 58.5791015625 58.5791015625 58.5791015625 
60.3046875 60.3046875 60.3046875 60.3046875 60.3046875 60.3046875 60.3046875 60.3046875 
50.39453125 50.39453125 50.39453125 50.39453125 50.39453125 50.39453125 50.39453125 50.39453125 
51.9580078125 51.9580078125 51.9580078125 51.9580078125 51.9580078125 51.9580078125 51.9580078125 51.9580078125 
53.69921875 53.69921875 53.69921875 53.69921875 53.69921875 53.69921875 53.69921875 53.69921875 
55.3056640625 55.3056640625 55.3056640625 55.3056640625 55.3056640625 55.3056640625 55.3056640625 55.3056640625 
57.03125 57.03125 57.03125 57.03125 57.03125 57.03125 57.03125 57.03125 
58.458984375 58.458984375 58.458984375 58.458984375 58.458984375 58.458984375 58.458984375 58.458984375 
60.125 60.125 60.125 60.125 60.125 60.125 60.125 60.125 
59.1435546875 59.1435546875 59.1435546875 59.1435546875 59.1435546875 59.1435546875 59.1435546875 59.1435546875 
50.951171875 50.951171875 50.951171875 50.951171875 50.951171875 50.951171875 50.951171875 50.951171875 
52.609375 52.609375 52.609375 52.609375 52.609375 52.609375 52.609375 52.609375 
54.0966796875 54.0966796875 54.0966796875 54.0966796875 54.0966796875 54.0966796875 54.0966796875 54.0966796875 
55.830078125 55.830078125 55.830078125 55.830078125 55.830078125 55.830078125 55.830078125 55.830078125 
57.49609375 57.49609375 57.49609375 57.49609375 57.49609375 57.49609375 57.49609375 57.49609375 
59.1025390625 59.1025390625 59.1025390625 59.1025390625 59.1025390625 59.1025390625 59.1025390625 59.1025390625 59.1025390625 
61.0224609375 61.0224609375 61.0224609375 61.0224609375 61.0224609375 61.0224609375 61.0224609375 61.0224609375 61.0224609375 
50.927734375 50.927734375 50.927734375 50.927734375 50.927734375 50.927734375 50.927734375 50.927734375 50.927734375 
52.75390625 52.75390625 52.75390625 52.75390625 52.75390625 52.75390625 52.75390625 52.75390625 52.75390625 
54.517578125 54.517578125 54.517578125 54.517578125 54.517578125 54.517578125 54.517578125 54.517578125 54.517578125 
56.3525390625 56.3525390625 56.3525390625 56.3525390625 56.3525390625 56.3525390625 56.3525390625 56.3525390625 
58.078125 58.078125 58.078125 58.078125 58.078125 58.078125 58.078125 58.078125 58.078125 
59.69921875 59.69921875 59.69921875 59.69921875 59.69921875 59.69921875 59.69921875 59.69921875 59.69921875 
58.7431640625 58.7431640625 58.7431640625 58.7431640625 58.7431640625 58.7431640625 58.7431640625 58.7431640625 
51.2919921875 51.2919921875 51.2919921875 51.2919921875 51.2919921875 51.2919921875 51.2919921875 51.2919921875 51.2919921875 
53.20703125 53.20703125 53.20703125 53.20703125 53.20703125 53.20703125 53.20703125 53.20703125 53.20703125 
54.970703125 54.970703125 54.970703125 54.970703125 54.970703125 54.970703125 54.970703125 54.970703125 
56.63671875 56.63671875 56.63671875 56.63671875 56.63671875 56.63671875 56.63671875 56.63671875 56.63671875 
58.400390625 58.400390625 58.400390625 58.400390625 58.400390625 58.400390625 58.400390625 58.400390625 58.400390625 
60.2353515625 60.2353515625 60.2353515625 60.2353515625 60.2353515625 60.2353515625 60.2353515625 60.2353515625 
58.95703125 58.95703125 58.95703125 58.95703125 58.95703125 58.95703125 58.95703125 58.95703125 58.95703125 
51.28515625 51.28515625 51.28515625 51.28515625 51.28515625 51.28515625 51.28515625 51.28515625 51.28515625 
53.048828125 53.048828125 53.048828125 53.048828125 53.048828125 53.048828125 53.048828125 53.048828125 
54.71484375 54.71484375 54.71484375 54.71484375 54.71484375 54.71484375 54.71484375 54.71484375 54.71484375 
56.478515625 56.478515625 56.478515625 56.478515625 56.478515625 56.478515625 56.478515625 56.478515625 56.478515625 
58.322265625 58.322265625 58.322265625 58.322265625 58.322265625 58.322265625 58.322265625 58.322265625 
59.98828125 59.98828125 59.98828125 59.98828125 59.98828125 59.98828125 59.98828125 59.98828125 59.98828125 
57.5693359375 57.5693359375 57.5693359375 57.5693359375 57.5693359375 57.5693359375 57.5693359375 57.5693359375 57.5693359375 
51.3544921875 51.3544921875 51.3544921875 51.3544921875 51.3544921875 51.3544921875 51.3544921875 51.3544921875 51.3544921875 51.3544921875 
53.46875 53.46875 53.46875 53.46875 53.46875 53.46875 53.46875 53.46875 53.46875 
55.0185546875 55.0185546875 55.0185546875 55.0185546875 55.0185546875 55.0185546875 55.0185546875 55.0185546875 55.0185546875 
56.9248046875 56.9248046875 56.9248046875 56.9248046875 56.9248046875 56.9248046875 56.9248046875 56.9248046875 
58.650390625 58.650390625 58.650390625 58.650390625 58.650390625 58.650390625 58.650390625 58.650390625 58.650390625 
60.4853515625 60.4853515625 60.4853515625 60.4853515625 60.4853515625 60.4853515625 60.4853515625 60.4853515625 60.4853515625 
49.9404296875 49.9404296875 49.9404296875 49.9404296875 49.9404296875 49.9404296875 49.9404296875 49.9404296875 
51.638671875 51.638671875 51.638671875 51.638671875 51.638671875 51.638671875 51.638671875 51.638671875 51.638671875 
53.478515625 53.478515625 53.478515625 53.478515625 53.478515625 53.478515625 53.478515625 53.478515625 53.478515625 
55.3134765625 55.3134765625 55.3134765625 55.3134765625 55.3134765625 55.3134765625 55.3134765625 55.3134765625 
57.0390625 57.0390625 57.0390625 57.0390625 57.0390625 57.0390625 57.0390625 57.0390625 57.0390625 
58.7314453125 58.7314453125 58.7314453125 58.7314453125 58.7314453125 58.7314453125 58.7314453125 58.7314453125 58.7314453125 
60.646484375 60.646484375 60.646484375 60.646484375 60.646484375 60.646484375 60.646484375 60.646484375 
50.6904296875 50.6904296875 50.6904296875 50.6904296875 50.6904296875 50.6904296875 50.6904296875 50.6904296875 50.6904296875 
52.5966796875 52.5966796875 52.5966796875 52.5966796875 52.5966796875 52.5966796875 52.5966796875 52.5966796875 52.5966796875 
54.5029296875 54.5029296875 54.5029296875 54.5029296875 54.5029296875 54.5029296875 54.5029296875 54.5029296875 
56.228515625 56.228515625 56.228515625 56.228515625 56.228515625 56.228515625 56.228515625 56.228515625 56.228515625 
58.0634765625 58.0634765625 58.0634765625 58.0634765625 58.0634765625 58.0634765625 58.0634765625 58.0634765625 58.0634765625 
59.9697265625 59.9697265625 59.9697265625 59.9697265625 59.9697265625 59.9697265625 59.9697265625 59.9697265625 
57.787109375 57.787109375 57.787109375 57.787109375 57.787109375 57.787109375 57.787109375 57.787109375 57.787109375 
51.3193359375 51.3193359375 51.3193359375 51.3193359375 51.3193359375 51.3193359375 51.3193359375 51.3193359375 51.3193359375 
53.234375 53.234375 53.234375 53.234375 53.234375 53.234375 53.234375 53.234375 
54.7216796875 54.7216796875 54.7216796875 54.7216796875 54.7216796875 54.7216796875 54.7216796875 54.7216796875 54.7216796875 
56.6279296875 56.6279296875 56.6279296875 56.6279296875 56.6279296875 56.6279296875 56.6279296875 56.6279296875 56.6279296875 
58.5341796875 58.5341796875 58.5341796875 58.5341796875 58.5341796875 58.5341796875 58.5341796875 58.5341796875 
60.259765625 60.259765625 60.259765625 60.259765625 60.259765625 60.259765625 60.259765625 60.259765625 60.259765625 
49.8173828125 49.8173828125 49.8173828125 49.8173828125 49.8173828125 49.8173828125 49.8173828125 49.8173828125 49.8173828125 
51.7236328125 51.7236328125 51.7236328125 51.7236328125 51.7236328125 51.7236328125 51.7236328125 51.7236328125 
53.44921875 53.44921875 53.44921875 53.44921875 53.44921875 53.44921875 53.44921875 53.44921875 53.44921875 
55.212890625 55.212890625 55.212890625 55.212890625 55.212890625 55.212890625 55.212890625 55.212890625 55.212890625 
57.0478515625 57.0478515625 57.0478515625 57.0478515625 57.0478515625 57.0478515625 57.0478515625 57.0478515625 
58.7734375 58.7734375 58.7734375 58.7734375 58.7734375 58.7734375 58.7734375 58.7734375 58.7734375 
