48.6982421875 48.7294921875 48.7294921875 48.7529296875 48.7529296875 48.7529296875 48.7841796875 48.7841796875 48.7841796875 
50.609375 50.609375 50.609375 50.609375 50.609375 50.609375 50.609375 50.609375 
49.5673828125 50.1064453125 50.1064453125 50.1064453125 50.1064453125 50.1064453125 50.1064453125 50.1064453125 
51.8779296875 51.8779296875 51.8779296875 51.8779296875 51.8779296875 51.8779296875 51.8779296875 51.8779296875 
53.603515625 53.603515625 53.603515625 53.603515625 53.603515625 53.603515625 53.603515625 53.603515625 
55.26953125 55.26953125 55.26953125 55.26953125 55.26953125 55.26953125 55.26953125 55.26953125 
56.8759765625 56.8759765625 56.8759765625 56.8759765625 56.8759765625 56.8759765625 56.8759765625 56.8759765625 
58.6015625 58.6015625 58.6015625 58.6015625 58.6015625 58.6015625 58.6015625 58.6015625 
59.6796875 59.6796875 59.6796875 59.6796875 59.6796875 59.6796875 59.6796875 59.6796875 59.6796875 
50.3271484375 50.3271484375 50.3271484375 50.3271484375 50.3271484375 50.3271484375 50.3271484375 50.3271484375 50.3271484375 
52.3212890625 52.3212890625 52.3212890625 52.3212890625 52.3212890625 52.3212890625 52.3212890625 52.3212890625 
54.046875 54.046875 54.046875 54.046875 54.046875 54.046875 54.046875 54.046875 54.046875 
55.66796875 55.66796875 55.66796875 55.66796875 55.66796875 55.66796875 55.66796875 55.66796875 55.66796875 
57.431640625 57.431640625 57.431640625 57.431640625 57.431640625 57.431640625 57.431640625 57.431640625 
59.09765625 59.09765625 59.09765625 59.09765625 59.09765625 59.09765625 59.09765625 59.09765625 59.09765625 
49.4150390625 49.4150390625 49.4150390625 49.4150390625 49.4150390625 49.4150390625 49.4150390625 49.4150390625 49.4150390625 
51.3212890625 51.3212890625 51.3212890625 51.3212890625 51.3212890625 51.3212890625 51.3212890625 51.3212890625 
53.046875 53.046875 53.046875 53.046875 53.046875 53.046875 53.046875 53.046875 53.046875 
54.66796875 54.66796875 54.66796875 54.66796875 54.66796875 54.66796875 54.66796875 54.66796875 54.66796875 
56.431640625 56.431640625 56.431640625 56.431640625 56.431640625 56.431640625 56.431640625 56.431640625 
58.09765625 58.09765625 58.09765625 58.09765625 58.09765625 58.09765625 58.09765625 58.09765625 58.09765625 
49.423828125 49.423828125 49.423828125 49.423828125 49.423828125 49.423828125 49.423828125 49.423828125 49.423828125 
51.25 51.25 51.25 51.25 51.25 51.25 51.25 51.25 
52.4990234375 52.4990234375 52.4990234375 52.4990234375 52.4990234375 52.4990234375 52.4990234375 52.4990234375 52.4990234375 
54.4140625 54.4140625 54.4140625 54.4140625 54.4140625 54.4140625 54.4140625 54.4140625 54.4140625 
56.1064453125 56.1064453125 56.1064453125 56.1064453125 56.1064453125 56.1064453125 56.1064453125 56.1064453125 
57.83203125 57.83203125 57.83203125 57.83203125 57.83203125 57.83203125 57.83203125 57.83203125 57.83203125 
59.595703125 59.595703125 59.595703125 59.595703125 59.595703125 59.595703125 59.595703125 59.595703125 59.595703125 
49.5791015625 49.5791015625 49.5791015625 49.5791015625 49.5791015625 49.5791015625 49.5791015625 49.5791015625 
51.291015625 51.291015625 51.291015625 51.291015625 51.291015625 51.291015625 51.291015625 51.291015625 51.291015625 
53.130859375 53.130859375 53.130859375 53.130859375 53.130859375 53.130859375 53.130859375 53.130859375 53.130859375 
54.9658203125 54.9658203125 54.9658203125 54.9658203125 54.9658203125 54.9658203125 54.9658203125 54.9658203125 
56.69140625 56.69140625 56.69140625 56.69140625 56.69140625 56.69140625 56.69140625 56.69140625 56.69140625 
58.455078125 58.455078125 58.455078125 58.455078125 58.455078125 58.455078125 58.455078125 58.455078125 58.455078125 
49.4453125 49.4453125 49.4453125 49.4453125 49.4453125 49.4453125 49.4453125 49.4453125 
50.9638671875 50.9638671875 50.9638671875 50.9638671875 50.9638671875 50.9638671875 50.9638671875 50.9638671875 50.9638671875 
52.9072265625 52.9072265625 52.9072265625 52.9072265625 52.9072265625 52.9072265625 52.9072265625 52.9072265625 52.9072265625 
54.8134765625 54.8134765625 54.8134765625 54.8134765625 54.8134765625 54.8134765625 54.8134765625 54.8134765625 
56.5390625 56.5390625 56.5390625 56.5390625 56.5390625 56.5390625 56.5390625 56.5390625 56.5390625 
58.2314453125 58.2314453125 58.2314453125 58.2314453125 58.2314453125 58.2314453125 58.2314453125 58.2314453125 58.2314453125 
49.484375 49.484375 49.484375 49.484375 49.484375 49.484375 49.484375 49.484375 
50.9267578125 50.9267578125 50.9267578125 50.9267578125 50.9267578125 50.9267578125 50.9267578125 50.9267578125 50.9267578125 
52.8779296875 52.8779296875 52.8779296875 52.8779296875 52.8779296875 52.8779296875 52.8779296875 52.8779296875 52.8779296875 
54.7841796875 54.7841796875 54.7841796875 54.7841796875 54.7841796875 54.7841796875 54.7841796875 54.7841796875 
56.509765625 56.509765625 56.509765625 56.509765625 56.509765625 56.509765625 56.509765625 56.509765625 56.509765625 
58.3447265625 58.3447265625 58.3447265625 58.3447265625 58.3447265625 58.3447265625 58.3447265625 58.3447265625 58.3447265625 
60.2509765625 60.2509765625 60.2509765625 60.2509765625 60.2509765625 60.2509765625 60.2509765625 60.2509765625 
50.595703125 50.595703125 50.595703125 50.595703125 50.595703125 50.595703125 50.595703125 50.595703125 50.595703125 
52.435546875 52.435546875 52.435546875 52.435546875 52.435546875 52.435546875 52.435546875 52.435546875 52.435546875 
54.2705078125 54.2705078125 54.2705078125 54.2705078125 54.2705078125 54.2705078125 54.2705078125 54.2705078125 
55.99609375 55.99609375 55.99609375 55.99609375 55.99609375 55.99609375 55.99609375 55.99609375 55.99609375 
57.759765625 57.759765625 57.759765625 57.759765625 57.759765625 57.759765625 57.759765625 57.759765625 57.759765625 
59.5947265625 59.5947265625 59.5947265625 59.5947265625 59.5947265625 59.5947265625 59.5947265625 59.5947265625 
50.5166015625 50.5166015625 50.5166015625 50.5166015625 50.5166015625 50.5166015625 50.5166015625 50.5166015625 50.5166015625 
52.4365234375 52.4365234375 52.4365234375 52.4365234375 52.4365234375 52.4365234375 52.4365234375 52.4365234375 52.4365234375 
54.3427734375 54.3427734375 54.3427734375 54.3427734375 54.3427734375 54.3427734375 54.3427734375 54.3427734375 
56.068359375 56.068359375 56.068359375 56.068359375 56.068359375 56.068359375 56.068359375 56.068359375 56.068359375 
57.9033203125 57.9033203125 57.9033203125 57.9033203125 57.9033203125 57.9033203125 57.9033203125 57.9033203125 57.9033203125 
59.8095703125 59.8095703125 59.8095703125 59.8095703125 59.8095703125 59.8095703125 59.8095703125 59.8095703125 
50.595703125 50.595703125 50.595703125 50.595703125 50.595703125 50.595703125 50.595703125 50.595703125 50.595703125 
52.435546875 52.435546875 52.435546875 52.435546875 52.435546875 52.435546875 52.435546875 52.435546875 52.435546875 
54.2705078125 54.2705078125 54.2705078125 54.2705078125 54.2705078125 54.2705078125 54.2705078125 54.2705078125 
55.99609375 55.99609375 55.99609375 55.99609375 55.99609375 55.99609375 55.99609375 55.99609375 55.99609375 
57.759765625 57.759765625 57.759765625 57.759765625 57.759765625 57.759765625 57.759765625 57.759765625 57.759765625 
59.5947265625 59.5947265625 59.5947265625 59.5947265625 59.5947265625 59.5947265625 59.5947265625 59.5947265625 
50.5166015625 50.5166015625 50.5166015625 50.5166015625 50.5166015625 50.5166015625 50.5166015625 50.5166015625 50.5166015625 
52.4365234375 52.4365234375 52.4365234375 52.4365234375 52.4365234375 52.4365234375 52.4365234375 52.4365234375 52.4365234375 
54.3427734375 54.3427734375 54.3427734375 54.3427734375 54.3427734375 54.3427734375 54.3427734375 54.3427734375 
56.068359375 56.068359375 56.068359375 56.068359375 56.068359375 56.068359375 56.068359375 56.068359375 56.068359375 
57.9033203125 57.9033203125 57.9033203125 57.9033203125 57.9033203125 57.9033203125 57.9033203125 57.9033203125 57.9033203125 
59.8095703125 59.8095703125 59.8095703125 59.8095703125 59.8095703125 59.8095703125 59.8095703125 59.8095703125 
50.595703125 50.595703125 50.595703125 50.595703125 50.595703125 50.595703125 50.595703125 50.595703125 50.595703125 
52.435546875 52.435546875 52.435546875 52.435546875 52.435546875 52.435546875 52.435546875 52.435546875 52.435546875 
54.2705078125 54.2705078125 54.2705078125 54.2705078125 54.2705078125 54.2705078125 54.2705078125 54.2705078125 
55.99609375 55.99609375 55.99609375 55.99609375 55.99609375 55.99609375 55.99609375 55.99609375 55.99609375 
57.759765625 57.759765625 57.759765625 57.759765625 57.759765625 57.759765625 57.759765625 57.759765625 57.759765625 
59.5947265625 59.5947265625 59.5947265625 59.5947265625 59.5947265625 59.5947265625 59.5947265625 59.5947265625 
50.5166015625 50.5166015625 50.5166015625 50.5166015625 50.5166015625 50.5166015625 50.5166015625 50.5166015625 50.5166015625 
52.4365234375 52.4365234375 52.4365234375 52.4365234375 52.4365234375 52.4365234375 52.4365234375 52.4365234375 52.4365234375 
54.3427734375 54.3427734375 54.3427734375 54.3427734375 54.3427734375 54.3427734375 54.3427734375 54.3427734375 
56.068359375 56.068359375 56.068359375 56.068359375 56.068359375 56.068359375 56.068359375 56.068359375 56.068359375 
57.9033203125 57.9033203125 57.9033203125 57.9033203125 57.9033203125 57.9033203125 57.9033203125 57.9033203125 57.9033203125 
59.8095703125 59.8095703125 59.8095703125 59.8095703125 59.8095703125 59.8095703125 59.8095703125 59.8095703125 
50.595703125 50.595703125 50.595703125 50.595703125 50.595703125 50.595703125 50.595703125 50.595703125 50.595703125 
52.435546875 52.435546875 52.435546875 52.435546875 52.435546875 52.435546875 52.435546875 52.435546875 52.435546875 
54.2705078125 54.2705078125 54.2705078125 54.2705078125 54.2705078125 54.2705078125 54.2705078125 54.2705078125 
55.99609375 55.99609375 55.99609375 55.99609375 55.99609375 55.99609375 55.99609375 55.99609375 55.99609375 
57.759765625 57.759765625 57.759765625 57.759765625 57.759765625 57.759765625 57.759765625 57.759765625 57.759765625 
59.5947265625 59.5947265625 59.5947265625 59.5947265625 59.5947265625 59.5947265625 59.5947265625 59.5947265625 
50.5166015625 50.5166015625 50.5166015625 50.5166015625 50.5166015625 50.5166015625 50.5166015625 50.5166015625 50.5166015625 
52.4365234375 52.4365234375 52.4365234375 52.4365234375 52.4365234375 52.4365234375 52.4365234375 52.4365234375 52.4365234375 
54.3427734375 54.3427734375 54.3427734375 54.3427734375 54.3427734375 54.3427734375 54.3427734375 54.3427734375 
56.068359375 56.068359375 56.068359375 56.068359375 56.068359375 56.068359375 56.068359375 56.068359375 56.068359375 
57.9033203125 57.9033203125 57.9033203125 57.9033203125 57.9033203125 57.9033203125 57.9033203125 57.9033203125 57.9033203125 
59.8095703125 59.8095703125 59.8095703125 59.8095703125 59.8095703125 59.8095703125 59.8095703125 59.8095703125 
50.595703125 50.595703125 50.595703125 50.595703125 50.595703125 50.595703125 50.595703125 50.595703125 50.595703125 
52.435546875 52.435546875 52.435546875 52.435546875 52.435546875 52.435546875 52.435546875 52.435546875 52.435546875 
54.2705078125 54.2705078125 54.2705078125 54.2705078125 54.2705078125 54.2705078125 54.2705078125 54.2705078125 
55.99609375 55.99609375 55.99609375 55.99609375 55.99609375 55.99609375 55.99609375 55.99609375 55.99609375 
57.759765625 57.759765625 57.759765625 57.759765625 57.759765625 57.759765625 57.759765625 57.759765625 57.759765625 
59.5947265625 59.5947265625 59.5947265625 59.5947265625 59.5947265625 59.5947265625 59.5947265625 59.5947265625 
50.5166015625 50.5166015625 50.5166015625 50.5166015625 50.5166015625 50.5166015625 50.5166015625 50.5166015625 50.5166015625 
52.4365234375 52.4365234375 52.4365234375 52.4365234375 52.4365234375 52.4365234375 52.4365234375 52.4365234375 52.4365234375 
54.3427734375 54.3427734375 54.3427734375 54.3427734375 54.3427734375 54.3427734375 54.3427734375 54.3427734375 
56.068359375 56.068359375 56.068359375 56.068359375 56.068359375 56.068359375 56.068359375 56.068359375 56.068359375 
57.9033203125 57.9033203125 57.9033203125 57.9033203125 57.9033203125 57.9033203125 57.9033203125 57.9033203125 57.9033203125 
59.8095703125 59.8095703125 59.8095703125 59.8095703125 59.8095703125 59.8095703125 59.8095703125 59.8095703125 
50.595703125 50.595703125 50.595703125 50.595703125 50.595703125 50.595703125 50.595703125 50.595703125 50.595703125 
52.435546875 52.435546875 52.435546875 52.435546875 52.435546875 52.435546875 52.435546875 52.435546875 52.435546875 
54.2705078125 54.2705078125 54.2705078125 54.2705078125 54.2705078125 54.2705078125 54.2705078125 54.2705078125 
55.99609375 55.99609375 55.99609375 55.99609375 55.99609375 55.99609375 55.99609375 55.99609375 55.99609375 
57.759765625 57.759765625 57.759765625 57.759765625 57.759765625 57.759765625 57.759765625 57.759765625 57.759765625 
59.5947265625 59.5947265625 59.5947265625 59.5947265625 59.5947265625 59.5947265625 59.5947265625 59.5947265625 
50.5166015625 50.5166015625 50.5166015625 50.5166015625 50.5166015625 50.5166015625 50.5166015625 50.5166015625 50.5166015625 
52.4365234375 52.4365234375 52.4365234375 52.4365234375 52.4365234375 52.4365234375 52.4365234375 52.4365234375 52.4365234375 
54.3427734375 54.3427734375 54.3427734375 54.3427734375 54.3427734375 54.3427734375 54.3427734375 54.3427734375 
56.068359375 56.068359375 56.068359375 56.068359375 56.068359375 56.068359375 56.068359375 56.068359375 56.068359375 
57.9033203125 57.9033203125 57.9033203125 57.9033203125 57.9033203125 57.9033203125 57.9033203125 57.9033203125 57.9033203125 
59.8095703125 59.8095703125 59.8095703125 59.8095703125 59.8095703125 59.8095703125 59.8095703125 59.8095703125 
50.595703125 50.595703125 50.595703125 50.595703125 50.595703125 50.595703125 50.595703125 50.595703125 50.595703125 
52.435546875 52.435546875 52.435546875 52.435546875 52.435546875 52.435546875 52.435546875 52.435546875 52.435546875 
54.2705078125 54.2705078125 54.2705078125 54.2705078125 54.2705078125 54.2705078125 54.2705078125 54.2705078125 
55.99609375 55.99609375 55.99609375 55.99609375 55.99609375 55.99609375 55.99609375 55.99609375 55.99609375 
57.759765625 57.759765625 57.759765625 57.759765625 57.759765625 57.759765625 57.759765625 57.759765625 57.759765625 57.759765625 
59.8515625 59.8515625 59.8515625 59.8515625 59.8515625 59.8515625 59.8515625 59.8515625 
50.4794921875 50.4794921875 50.4794921875 50.4794921875 50.4794921875 50.4794921875 50.4794921875 50.4794921875 50.4794921875 50.4794921875 
52.630859375 52.630859375 52.630859375 52.630859375 52.630859375 52.630859375 52.630859375 52.630859375 52.630859375 
54.4658203125 54.4658203125 54.4658203125 54.4658203125 54.4658203125 54.4658203125 54.4658203125 54.4658203125 
56.19140625 56.19140625 56.19140625 56.19140625 56.19140625 56.19140625 56.19140625 56.19140625 56.19140625 56.19140625 
58.1240234375 58.1240234375 58.1240234375 58.1240234375 58.1240234375 58.1240234375 58.1240234375 58.1240234375 58.1240234375 
60.0302734375 60.0302734375 60.0302734375 60.0302734375 60.0302734375 60.0302734375 60.0302734375 60.0302734375 
51.0859375 51.0859375 51.0859375 51.0859375 51.0859375 51.0859375 51.0859375 51.0859375 51.0859375 51.0859375 
52.9345703125 52.9345703125 52.9345703125 52.9345703125 52.9345703125 52.9345703125 52.9345703125 52.9345703125 52.9345703125 52.9345703125 
55.0625 55.0625 55.0625 55.0625 55.0625 55.0625 55.0625 55.0625 
56.4306640625 56.4306640625 56.4306640625 56.4306640625 56.4306640625 56.4306640625 56.4306640625 56.4306640625 56.4306640625 56.4306640625 
58.53125 58.53125 58.53125 58.53125 58.53125 58.53125 58.53125 58.53125 58.53125 58.53125 
60.2119140625 60.2119140625 60.2119140625 60.2119140625 60.2119140625 60.2119140625 60.2119140625 60.2119140625 
51.0791015625 51.0791015625 51.0791015625 51.0791015625 51.0791015625 51.0791015625 51.0791015625 51.0791015625 51.0791015625 51.0791015625 
53.20703125 53.20703125 53.20703125 53.20703125 53.20703125 53.20703125 53.20703125 53.20703125 53.20703125 53.20703125 
55.1396484375 55.1396484375 55.1396484375 55.1396484375 55.1396484375 55.1396484375 55.1396484375 55.1396484375 
56.865234375 56.865234375 56.865234375 56.865234375 56.865234375 56.865234375 56.865234375 56.865234375 56.865234375 56.865234375 
58.8818359375 58.8818359375 58.8818359375 58.8818359375 58.8818359375 58.8818359375 58.8818359375 58.8818359375 58.8818359375 58.8818359375 
49.9521484375 49.9521484375 49.9521484375 49.9521484375 49.9521484375 49.9521484375 49.9521484375 49.9521484375 
51.650390625 51.650390625 51.650390625 51.650390625 51.650390625 51.650390625 51.650390625 51.650390625 51.650390625 51.650390625 
53.6845703125 53.6845703125 53.6845703125 53.6845703125 53.6845703125 53.6845703125 53.6845703125 53.6845703125 53.6845703125 53.6845703125 
55.794921875 55.794921875 55.794921875 55.794921875 55.794921875 55.794921875 55.794921875 55.794921875 
57.4609375 57.4609375 57.4609375 57.4609375 57.4609375 57.4609375 57.4609375 57.4609375 57.4609375 57.4609375 
59.3095703125 59.3095703125 59.3095703125 59.3095703125 59.3095703125 59.3095703125 59.3095703125 59.3095703125 59.3095703125 59.3095703125 
49.4970703125 49.4970703125 49.4970703125 49.4970703125 49.4970703125 49.4970703125 49.4970703125 49.4970703125 
51.1953125 51.1953125 51.1953125 51.1953125 51.1953125 51.1953125 51.1953125 51.1953125 51.1953125 51.1953125 
53.0439453125 53.0439453125 53.0439453125 53.0439453125 53.0439453125 53.0439453125 53.0439453125 53.0439453125 53.0439453125 53.0439453125 
55.171875 55.171875 55.171875 55.171875 55.171875 55.171875 55.171875 55.171875 
56.6591796875 56.6591796875 56.6591796875 56.6591796875 56.6591796875 56.6591796875 56.6591796875 56.6591796875 56.6591796875 56.6591796875 
58.759765625 58.759765625 58.759765625 58.759765625 58.759765625 58.759765625 58.759765625 58.759765625 58.759765625 58.759765625 
49.7373046875 49.7373046875 49.7373046875 49.7373046875 49.7373046875 49.7373046875 49.7373046875 49.7373046875 
51.435546875 51.435546875 51.435546875 51.435546875 51.435546875 51.435546875 51.435546875 51.435546875 51.435546875 51.435546875 
53.4697265625 53.4697265625 53.4697265625 53.4697265625 53.4697265625 53.4697265625 53.4697265625 53.4697265625 53.4697265625 53.4697265625 
55.580078125 55.580078125 55.580078125 55.580078125 55.580078125 55.580078125 55.580078125 55.580078125 
57.24609375 57.24609375 57.24609375 57.24609375 57.24609375 57.24609375 57.24609375 57.24609375 57.24609375 57.24609375 
59.1787109375 59.1787109375 59.1787109375 59.1787109375 59.1787109375 59.1787109375 59.1787109375 59.1787109375 59.1787109375 59.1787109375 
50.9140625 50.9140625 50.9140625 50.9140625 50.9140625 50.9140625 50.9140625 50.9140625 
52.4609375 52.4609375 52.4609375 52.4609375 52.4609375 52.4609375 52.4609375 52.4609375 52.4609375 52.4609375 
54.3095703125 54.3095703125 54.3095703125 54.3095703125 54.3095703125 54.3095703125 54.3095703125 54.3095703125 54.3095703125 54.3095703125 
56.41015625 56.41015625 56.41015625 56.41015625 56.41015625 56.41015625 56.41015625 56.41015625 
58.0166015625 58.0166015625 58.0166015625 58.0166015625 58.0166015625 58.0166015625 58.0166015625 58.0166015625 58.0166015625 58.0166015625 
60.1171875 60.1171875 60.1171875 60.1171875 60.1171875 60.1171875 60.1171875 60.1171875 60.1171875 60.1171875 
50.7392578125 50.7392578125 50.7392578125 50.7392578125 50.7392578125 50.7392578125 50.7392578125 50.7392578125 
52.466796875 52.466796875 52.466796875 52.466796875 52.466796875 52.466796875 52.466796875 52.466796875 52.466796875 52.466796875 
54.5009765625 54.5009765625 54.5009765625 54.5009765625 54.5009765625 54.5009765625 54.5009765625 54.5009765625 54.5009765625 54.5009765625 
56.611328125 56.611328125 56.611328125 56.611328125 56.611328125 56.611328125 56.611328125 56.611328125 
58.27734375 58.27734375 58.27734375 58.27734375 58.27734375 58.27734375 58.27734375 58.27734375 58.27734375 58.27734375 
60.2099609375 60.2099609375 60.2099609375 60.2099609375 60.2099609375 60.2099609375 60.2099609375 60.2099609375 60.2099609375 60.2099609375 
51.4189453125 51.4189453125 51.4189453125 51.4189453125 51.4189453125 51.4189453125 51.4189453125 51.4189453125 
53.14453125 53.14453125 53.14453125 53.14453125 53.14453125 53.14453125 53.14453125 53.14453125 53.14453125 53.14453125 
55.0771484375 55.0771484375 55.0771484375 55.0771484375 55.0771484375 55.0771484375 55.0771484375 55.0771484375 55.0771484375 55.0771484375 
57.177734375 57.177734375 57.177734375 57.177734375 57.177734375 57.177734375 57.177734375 57.177734375 
58.84375 58.84375 58.84375 58.84375 58.84375 58.84375 58.84375 58.84375 58.84375 58.84375 
49.13671875 49.13671875 49.13671875 49.13671875 49.13671875 49.13671875 49.13671875 49.13671875 49.13671875 49.13671875 
51.080078125 51.080078125 51.080078125 51.080078125 51.080078125 51.080078125 51.080078125 51.080078125 
52.74609375 52.74609375 52.74609375 52.74609375 52.74609375 52.74609375 52.74609375 52.74609375 52.74609375 52.74609375 
54.6787109375 54.6787109375 54.6787109375 54.6787109375 54.6787109375 54.6787109375 54.6787109375 54.6787109375 54.6787109375 54.6787109375 
56.798828125 56.798828125 56.798828125 56.798828125 56.798828125 56.798828125 56.798828125 56.798828125 
58.46484375 58.46484375 58.46484375 58.46484375 58.46484375 58.46484375 58.46484375 58.46484375 58.46484375 58.46484375 
49.8154296875 49.8154296875 49.8154296875 49.8154296875 49.8154296875 49.8154296875 49.8154296875 49.8154296875 49.8154296875 49.8154296875 
51.916015625 51.916015625 51.916015625 51.916015625 51.916015625 51.916015625 51.916015625 51.916015625 
53.58203125 53.58203125 53.58203125 53.58203125 53.58203125 53.58203125 53.58203125 53.58203125 53.58203125 53.58203125 
55.5146484375 55.5146484375 55.5146484375 55.5146484375 55.5146484375 55.5146484375 55.5146484375 55.5146484375 55.5146484375 55.5146484375 
57.615234375 57.615234375 57.615234375 57.615234375 57.615234375 57.615234375 57.615234375 57.615234375 
59.28125 59.28125 59.28125 59.28125 59.28125 59.28125 59.28125 59.28125 59.28125 59.28125 
49.2958984375 49.2958984375 49.2958984375 49.2958984375 49.2958984375 49.2958984375 49.2958984375 49.2958984375 49.2958984375 49.2958984375 
51.396484375 51.396484375 51.396484375 51.396484375 51.396484375 51.396484375 51.396484375 51.396484375 
53.0625 53.0625 53.0625 53.0625 53.0625 53.0625 53.0625 53.0625 53.0625 53.0625 
54.6591796875 54.6591796875 54.6591796875 54.6591796875 54.6591796875 54.6591796875 54.6591796875 54.6591796875 54.6591796875 54.6591796875 
56.759765625 56.759765625 56.759765625 56.759765625 56.759765625 56.759765625 56.759765625 56.759765625 
58.42578125 58.42578125 58.42578125 58.42578125 58.42578125 58.42578125 58.42578125 58.42578125 58.42578125 58.42578125 
49.4130859375 49.4130859375 49.4130859375 49.4130859375 49.4130859375 49.4130859375 49.4130859375 49.4130859375 49.4130859375 49.4130859375 
51.513671875 51.513671875 51.513671875 51.513671875 51.513671875 51.513671875 51.513671875 51.513671875 
53.1796875 53.1796875 53.1796875 53.1796875 53.1796875 53.1796875 53.1796875 53.1796875 53.1796875 53.1796875 
55.0283203125 55.0283203125 55.0283203125 55.0283203125 55.0283203125 55.0283203125 55.0283203125 55.0283203125 55.0283203125 55.0283203125 
57.12890625 57.12890625 57.12890625 57.12890625 57.12890625 57.12890625 57.12890625 57.12890625 
58.7353515625 58.7353515625 58.7353515625 58.7353515625 58.7353515625 58.7353515625 58.7353515625 58.7353515625 58.7353515625 58.7353515625 
49.4833984375 49.4833984375 49.4833984375 49.4833984375 49.4833984375 49.4833984375 49.4833984375 49.4833984375 49.4833984375 49.4833984375 
51.583984375 51.583984375 51.583984375 51.583984375 51.583984375 51.583984375 51.583984375 51.583984375 
53.25 53.25 53.25 53.25 53.25 53.25 53.25 53.25 53.25 53.25 
54.6787109375 54.6787109375 54.6787109375 54.6787109375 54.6787109375 54.6787109375 54.6787109375 54.6787109375 54.6787109375 54.6787109375 
56.779296875 56.779296875 56.779296875 56.779296875 56.779296875 56.779296875 56.779296875 56.779296875 
58.4453125 58.4453125 58.4453125 58.4453125 58.4453125 58.4453125 58.4453125 58.4453125 58.4453125 58.4453125 
49.3740234375 49.3740234375 49.3740234375 49.3740234375 49.3740234375 49.3740234375 49.3740234375 49.3740234375 49.3740234375 49.3740234375 
51.474609375 51.474609375 51.474609375 51.474609375 51.474609375 51.474609375 51.474609375 51.474609375 
53.140625 53.140625 53.140625 53.140625 53.140625 53.140625 53.140625 53.140625 53.140625 53.140625 
54.9052734375 54.9052734375 54.9052734375 54.9052734375 54.9052734375 54.9052734375 54.9052734375 54.9052734375 54.9052734375 54.9052734375 
57.005859375 57.005859375 57.005859375 57.005859375 57.005859375 57.005859375 57.005859375 57.005859375 
58.671875 58.671875 58.671875 58.671875 58.671875 58.671875 58.671875 58.671875 58.671875 58.671875 
49.4599609375 49.4599609375 49.4599609375 49.4599609375 49.4599609375 49.4599609375 49.4599609375 49.4599609375 49.4599609375 49.4599609375 
51.560546875 51.560546875 51.560546875 51.560546875 51.560546875 51.560546875 51.560546875 51.560546875 
53.2265625 53.2265625 53.2265625 53.2265625 53.2265625 53.2265625 53.2265625 53.2265625 53.2265625 53.2265625 
55.0751953125 55.0751953125 55.0751953125 55.0751953125 55.0751953125 55.0751953125 55.0751953125 55.0751953125 55.0751953125 55.0751953125 
57.17578125 57.17578125 57.17578125 57.17578125 57.17578125 57.17578125 57.17578125 57.17578125 
58.7822265625 58.7822265625 58.7822265625 58.7822265625 58.7822265625 58.7822265625 58.7822265625 58.7822265625 58.7822265625 58.7822265625 
49.4833984375 49.4833984375 49.4833984375 49.4833984375 49.4833984375 49.4833984375 49.4833984375 49.4833984375 
51.181640625 51.181640625 51.181640625 51.181640625 51.181640625 51.181640625 51.181640625 51.181640625 
52.84765625 52.84765625 52.84765625 52.84765625 52.84765625 52.84765625 52.84765625 52.84765625 52.84765625 52.84765625 
54.7880859375 54.7880859375 54.7880859375 54.7880859375 54.7880859375 54.7880859375 54.7880859375 54.7880859375 
56.513671875 56.513671875 56.513671875 56.513671875 56.513671875 56.513671875 56.513671875 56.513671875 
58.1796875 58.1796875 58.1796875 58.1796875 58.1796875 58.1796875 58.1796875 58.1796875 58.1796875 58.1796875 
49.48828125 49.48828125 49.48828125 49.48828125 49.48828125 49.48828125 49.48828125 49.48828125 
51.0712890625 51.0712890625 51.0712890625 51.0712890625 51.0712890625 51.0712890625 51.0712890625 51.0712890625 
52.8125 52.8125 52.8125 52.8125 52.8125 52.8125 52.8125 52.8125 
54.1806640625 54.1806640625 54.1806640625 54.1806640625 54.1806640625 54.1806640625 54.1806640625 54.1806640625 
55.90625 55.90625 55.90625 55.90625 55.90625 55.90625 55.90625 55.90625 
57.333984375 57.333984375 57.333984375 57.333984375 57.333984375 57.333984375 57.333984375 57.333984375 
59 59 59 59 59 59 59 59 
60.0703125 60.0703125 60.0703125 60.0703125 60.0703125 60.0703125 60.0703125 60.0703125 
50.037109375 50.037109375 50.037109375 50.037109375 50.037109375 50.037109375 50.037109375 50.037109375 
51.6953125 51.6953125 51.6953125 51.6953125 51.6953125 51.6953125 51.6953125 51.6953125 
53.2421875 53.2421875 53.2421875 53.2421875 53.2421875 53.2421875 53.2421875 53.2421875 
54.7890625 54.7890625 54.7890625 54.7890625 54.7890625 54.7890625 54.7890625 54.7890625 
56.3359375 56.3359375 56.3359375 56.3359375 56.3359375 56.3359375 56.3359375 56.3359375 56.3359375 
58.0283203125 58.0283203125 58.0283203125 58.0283203125 58.0283203125 58.0283203125 58.0283203125 58.0283203125 58.0283203125 
59.9560546875 59.9560546875 59.9560546875 59.9560546875 59.9560546875 59.9560546875 59.9560546875 59.9560546875 
50.640625 50.640625 50.640625 50.640625 50.640625 50.640625 50.640625 50.640625 50.640625 
52.26171875 52.26171875 52.26171875 52.26171875 52.26171875 52.26171875 52.26171875 52.26171875 52.26171875 
54.025390625 54.025390625 54.025390625 54.025390625 54.025390625 54.025390625 54.025390625 54.025390625 
55.69140625 55.69140625 55.69140625 55.69140625 55.69140625 55.69140625 55.69140625 55.69140625 55.69140625 
57.455078125 57.455078125 57.455078125 57.455078125 57.455078125 57.455078125 57.455078125 57.455078125 57.455078125 
59.294921875 59.294921875 59.294921875 59.294921875 59.294921875 59.294921875 59.294921875 59.294921875 59.294921875 
50.015625 50.015625 50.015625 50.015625 50.015625 50.015625 50.015625 50.015625 50.015625 
51.6865234375 51.6865234375 51.6865234375 51.6865234375 51.6865234375 51.6865234375 51.6865234375 51.6865234375 51.6865234375 
53.6279296875 53.6279296875 53.6279296875 53.6279296875 53.6279296875 53.6279296875 53.6279296875 53.6279296875 
55.353515625 55.353515625 55.353515625 55.353515625 55.353515625 55.353515625 55.353515625 55.353515625 55.353515625 
57.1884765625 57.1884765625 57.1884765625 57.1884765625 57.1884765625 57.1884765625 57.1884765625 57.1884765625 57.1884765625 
59.0947265625 59.0947265625 59.0947265625 59.0947265625 59.0947265625 59.0947265625 59.0947265625 59.0947265625 
49.5146484375 49.5146484375 49.5146484375 49.5146484375 49.5146484375 49.5146484375 49.5146484375 49.5146484375 49.5146484375 
51.4208984375 51.4208984375 51.4208984375 51.4208984375 51.4208984375 51.4208984375 51.4208984375 51.4208984375 51.4208984375 
53.3271484375 53.3271484375 53.3271484375 53.3271484375 53.3271484375 53.3271484375 53.3271484375 53.3271484375 
55.052734375 55.052734375 55.052734375 55.052734375 55.052734375 55.052734375 55.052734375 55.052734375 55.052734375 
56.8876953125 56.8876953125 56.8876953125 56.8876953125 56.8876953125 56.8876953125 56.8876953125 56.8876953125 56.8876953125 
58.7939453125 58.7939453125 58.7939453125 58.7939453125 58.7939453125 58.7939453125 58.7939453125 58.7939453125 
49.5146484375 49.5146484375 49.5146484375 49.5146484375 49.5146484375 49.5146484375 49.5146484375 49.5146484375 49.5146484375 
51.4208984375 51.4208984375 51.4208984375 51.4208984375 51.4208984375 51.4208984375 51.4208984375 51.4208984375 51.4208984375 
53.3271484375 53.3271484375 53.3271484375 53.3271484375 53.3271484375 53.3271484375 53.3271484375 53.3271484375 
55.052734375 55.052734375 55.052734375 55.052734375 55.052734375 55.052734375 55.052734375 55.052734375 55.052734375 
56.8876953125 56.8876953125 56.8876953125 56.8876953125 56.8876953125 56.8876953125 56.8876953125 56.8876953125 56.8876953125 
58.654296875 58.654296875 58.654296875 58.654296875 58.654296875 58.654296875 58.654296875 58.654296875 
49.4833984375 49.4833984375 49.4833984375 49.4833984375 49.4833984375 49.4833984375 49.4833984375 49.4833984375 49.4833984375 
51.3896484375 51.3896484375 51.3896484375 51.3896484375 51.3896484375 51.3896484375 51.3896484375 51.3896484375 51.3896484375 
53.2958984375 53.2958984375 53.2958984375 53.2958984375 53.2958984375 53.2958984375 53.2958984375 53.2958984375 53.2958984375 53.2958984375 
55.41015625 55.41015625 55.41015625 55.41015625 55.41015625 55.41015625 55.41015625 55.41015625 55.41015625 
57.173828125 57.173828125 57.173828125 57.173828125 57.173828125 57.173828125 57.173828125 57.173828125 57.173828125 
59.0087890625 59.0087890625 59.0087890625 59.0087890625 59.0087890625 59.0087890625 59.0087890625 59.0087890625 
49.51953125 49.51953125 49.51953125 49.51953125 49.51953125 49.51953125 49.51953125 49.51953125 49.51953125 
51.251953125 51.251953125 51.251953125 51.251953125 51.251953125 51.251953125 51.251953125 51.251953125 51.251953125 
53.095703125 53.095703125 53.095703125 53.095703125 53.095703125 53.095703125 53.095703125 53.095703125 
54.76171875 54.76171875 54.76171875 54.76171875 54.76171875 54.76171875 54.76171875 54.76171875 54.76171875 
56.525390625 56.525390625 56.525390625 56.525390625 56.525390625 56.525390625 56.525390625 56.525390625 56.525390625 
58.3603515625 58.3603515625 58.3603515625 58.3603515625 58.3603515625 58.3603515625 58.3603515625 58.3603515625 
49.341796875 49.341796875 49.341796875 49.341796875 49.341796875 49.341796875 49.341796875 49.341796875 49.341796875 
51.20703125 51.20703125 51.20703125 51.20703125 51.20703125 51.20703125 51.20703125 51.20703125 51.20703125 
52.970703125 52.970703125 52.970703125 52.970703125 52.970703125 52.970703125 52.970703125 52.970703125 
54.63671875 54.63671875 54.63671875 54.63671875 54.63671875 54.63671875 54.63671875 54.63671875 54.63671875 
56.400390625 56.400390625 56.400390625 56.400390625 56.400390625 56.400390625 56.400390625 56.400390625 56.400390625 
58.2353515625 58.2353515625 58.2353515625 58.2353515625 58.2353515625 58.2353515625 58.2353515625 58.2353515625 
59.9609375 59.9609375 59.9609375 59.9609375 59.9609375 59.9609375 59.9609375 59.9609375 59.9609375 
50.857421875 50.857421875 50.857421875 50.857421875 50.857421875 50.857421875 50.857421875 50.857421875 50.857421875 
52.7099609375 52.7099609375 52.7099609375 52.7099609375 52.7099609375 52.7099609375 52.7099609375 52.7099609375 
54.435546875 54.435546875 54.435546875 54.435546875 54.435546875 54.435546875 54.435546875 54.435546875 54.435546875 
56.2705078125 56.2705078125 56.2705078125 56.2705078125 56.2705078125 56.2705078125 56.2705078125 56.2705078125 56.2705078125 
58.185546875 58.185546875 58.185546875 58.185546875 58.185546875 58.185546875 58.185546875 58.185546875 58.185546875 58.185546875 
60.2060546875 60.2060546875 60.2060546875 60.2060546875 60.2060546875 60.2060546875 60.2060546875 60.2060546875 60.2060546875 
50.9306640625 50.9306640625 50.9306640625 50.9306640625 50.9306640625 50.9306640625 50.9306640625 50.9306640625 50.9306640625 
52.8369140625 52.8369140625 52.8369140625 52.8369140625 52.8369140625 52.8369140625 52.8369140625 52.8369140625 
54.5625 54.5625 54.5625 54.5625 54.5625 54.5625 54.5625 54.5625 54.5625 
56.041015625 56.041015625 56.041015625 56.041015625 56.041015625 56.041015625 56.041015625 56.041015625 56.041015625 
57.8759765625 57.8759765625 57.8759765625 57.8759765625 57.8759765625 57.8759765625 57.8759765625 57.8759765625 
59.6015625 59.6015625 59.6015625 59.6015625 59.6015625 59.6015625 59.6015625 59.6015625 59.6015625 
50.40234375 50.40234375 50.40234375 50.40234375 50.40234375 50.40234375 50.40234375 50.40234375 50.40234375 
52.1748046875 52.1748046875 52.1748046875 52.1748046875 52.1748046875 52.1748046875 52.1748046875 52.1748046875 
53.904296875 53.904296875 53.904296875 53.904296875 53.904296875 53.904296875 53.904296875 53.904296875 53.904296875 
55.744140625 55.744140625 55.744140625 55.744140625 55.744140625 55.744140625 55.744140625 55.744140625 55.744140625 
