48.3544921875 48.3857421875 48.3857421875 48.4091796875 48.4091796875 48.4091796875 48.4404296875 48.4404296875 48.4404296875
49.8828125 49.8828125 49.8828125 49.8828125 49.8828125 49.8828125 49.8828125 49.8828125
50.798828125 50.798828125 50.798828125 50.798828125 50.798828125 50.798828125 50.798828125 50.798828125
51.0908203125 51.0908203125 51.0908203125 51.0908203125 51.0908203125 51.0908203125 51.0908203125 51.0908203125 51.0908203125
52.0478515625 52.0478515625 52.0478515625 52.0478515625 52.0478515625 52.0478515625 52.0478515625 52.0478515625
46.4150390625 46.4150390625 46.4150390625 46.4150390625 46.4150390625 46.4150390625 46.4150390625 46.4150390625
47.44921875 47.44921875 47.44921875 47.44921875 47.44921875 47.44921875 47.44921875 47.44921875
48.5869140625 48.5869140625 48.5869140625 48.5869140625 48.5869140625 48.5869140625 48.5869140625 48.5869140625
49.716796875 49.716796875 49.716796875 49.716796875 49.716796875 49.716796875 49.716796875 49.716796875 49.716796875
50.849609375 50.849609375 50.849609375 50.849609375 50.849609375 50.849609375 50.849609375 50.849609375 50.849609375
51.9775390625 51.9775390625 51.9775390625 51.9775390625 51.9775390625 51.9775390625 51.9775390625 51.9775390625
53.091796875 53.091796875 53.091796875 53.091796875 53.091796875 53.091796875 53.091796875 53.091796875 53.091796875
54.2197265625 54.2197265625 54.2197265625 54.2197265625 54.2197265625 54.2197265625 54.2197265625 54.2197265625 54.2197265625
55.3837890625 55.3837890625 55.3837890625 55.3837890625 55.3837890625 55.3837890625 55.3837890625 55.3837890625
56.498046875 56.498046875 56.498046875 56.498046875 56.498046875 56.498046875 56.498046875 56.498046875 56.498046875
57.6259765625 57.6259765625 57.6259765625 57.6259765625 57.6259765625 57.6259765625 57.6259765625 57.6259765625 57.6259765625
58.78125 58.78125 58.78125 58.78125 58.78125 58.78125 58.78125 58.78125
59.6640625 59.6640625 59.6640625 59.6640625 59.6640625 59.6640625 59.6640625 59.6640625 59.6640625
60.73828125 60.73828125 60.73828125 60.73828125 60.73828125 60.73828125 60.73828125 60.73828125 60.73828125
61.5107421875 61.9794921875 61.9794921875 61.9794921875 61.9794921875 61.9794921875 61.9794921875 61.9794921875
58.7744140625 59.3134765625 59.3134765625 59.3134765625 59.3134765625 59.3134765625 59.3134765625 59.3134765625 59.3134765625
56.97265625 56.97265625 56.97265625 56.97265625 56.97265625 56.97265625 56.97265625 56.97265625 56.97265625
45.7685546875 45.7685546875 45.7685546875 45.7685546875 45.7685546875 45.7685546875 45.7685546875 45.7685546875
46.8828125 46.8828125 46.8828125 46.8828125 46.8828125 46.8828125 46.8828125 46.8828125 46.8828125
47.951171875 47.951171875 47.951171875 47.951171875 47.951171875 47.951171875 47.951171875 47.951171875 47.951171875
49.0966796875 49.0966796875 49.0966796875 49.0966796875 49.0966796875 49.0966796875 49.0966796875 49.0966796875
50.2109375 50.2109375 50.2109375 50.2109375 50.2109375 50.2109375 50.2109375 50.2109375 50.2109375
51.28515625 51.28515625 51.28515625 51.28515625 51.28515625 51.28515625 51.28515625 51.28515625 51.28515625
52.3857421875 52.3857421875 52.3857421875 52.3857421875 52.3857421875 52.3857421875 52.3857421875 52.3857421875
53.5 53.5 53.5 53.5 53.5 53.5 53.5 53.5 53.5
54.326171875 54.326171875 54.326171875 54.326171875 54.326171875 54.326171875 54.326171875 54.326171875 54.326171875
55.4541015625 55.4541015625 55.4541015625 55.4541015625 55.4541015625 55.4541015625 55.4541015625 55.4541015625
56.568359375 56.568359375 56.568359375 56.568359375 56.568359375 56.568359375 56.568359375 56.568359375 56.568359375
57.6962890625 57.6962890625 57.6962890625 57.6962890625 57.6962890625 57.6962890625 57.6962890625 57.6962890625 57.6962890625
58.8603515625 58.8603515625 58.8603515625 58.8603515625 58.8603515625 58.8603515625 58.8603515625 58.8603515625
59.505859375 59.505859375 59.505859375 59.505859375 59.505859375 59.505859375 59.505859375 59.505859375 59.505859375
60.6337890625 60.6337890625 60.6337890625 60.6337890625 60.6337890625 60.6337890625 60.6337890625 60.6337890625 60.6337890625
60.5712890625 60.5712890625 60.5712890625 60.5712890625 60.5712890625 60.5712890625 60.5712890625 60.5712890625
58.6640625 58.6640625 58.6640625 58.6640625 58.6640625 58.6640625 58.6640625 58.6640625 58.6640625
57.05859375 57.05859375 57.05859375 57.05859375 57.05859375 57.05859375 57.05859375 57.05859375 57.05859375
47.1162109375 47.1162109375 47.1162109375 47.1162109375 47.1162109375 47.1162109375 47.1162109375 47.1162109375
48.23046875 48.23046875 48.23046875 48.23046875 48.23046875 48.23046875 48.23046875 48.23046875 48.23046875
49.3134765625 49.3134765625 49.3134765625 49.3134765625 49.3134765625 49.3134765625 49.3134765625 49.3134765625 49.3134765625
50.486328125 50.486328125 50.486328125 50.486328125 50.486328125 50.486328125 50.486328125 50.486328125
51.5771484375 51.5771484375 51.5771484375 51.5771484375 51.5771484375 51.5771484375 51.5771484375 51.5771484375 51.5771484375
52.732421875 52.732421875 52.732421875 52.732421875 52.732421875 52.732421875 52.732421875 52.732421875 52.732421875
53.8603515625 53.8603515625 53.8603515625 53.8603515625 53.8603515625 53.8603515625 53.8603515625 53.8603515625
54.974609375 54.974609375 54.974609375 54.974609375 54.974609375 54.974609375 54.974609375 54.974609375 54.974609375
56.1025390625 56.1025390625 56.1025390625 56.1025390625 56.1025390625 56.1025390625 56.1025390625 56.1025390625 56.1025390625
57.2578125 57.2578125 57.2578125 57.2578125 57.2578125 57.2578125 57.2578125 57.2578125
58.173828125 58.173828125 58.173828125 58.173828125 58.173828125 58.173828125 58.173828125 58.173828125 58.173828125
59.3017578125 59.3017578125 59.3017578125 59.3017578125 59.3017578125 59.3017578125 59.3017578125 59.3017578125 59.3017578125
60.45703125 60.45703125 60.45703125 60.45703125 60.45703125 60.45703125 60.45703125 60.45703125
61.5234375 61.5234375 61.5234375 61.5234375 61.5234375 61.5234375 61.5234375 61.5234375 61.5234375
59.5498046875 59.5498046875 59.5498046875 59.5498046875 59.5498046875 59.5498046875 59.5498046875 59.5498046875 59.5498046875
57.6640625 57.6640625 57.6640625 57.6640625 57.6640625 57.6640625 57.6640625 57.6640625
58.580078125 58.580078125 58.580078125 58.580078125 58.580078125 58.580078125 58.580078125 58.580078125 58.580078125
47.140625 47.140625 47.140625 47.140625 47.140625 47.140625 47.140625 47.140625 47.140625
48.0595703125 48.0595703125 48.0595703125 48.0595703125 48.0595703125 48.0595703125 48.0595703125 48.0595703125
49.16015625 49.16015625 49.16015625 49.16015625 49.16015625 49.16015625 49.16015625 49.16015625 49.16015625
50.2607421875 50.2607421875 50.2607421875 50.2607421875 50.2607421875 50.2607421875 50.2607421875 50.2607421875 50.2607421875
51.4296875 51.4296875 51.4296875 51.4296875 51.4296875 51.4296875 51.4296875 51.4296875
52.345703125 52.345703125 52.345703125 52.345703125 52.345703125 52.345703125 52.345703125 52.345703125 52.345703125
53.4736328125 53.4736328125 53.4736328125 53.4736328125 53.4736328125 53.4736328125 53.4736328125 53.4736328125 53.4736328125
54.62890625 54.62890625 54.62890625 54.62890625 54.62890625 54.62890625 54.62890625 54.62890625
55.7158203125 55.7158203125 55.7158203125 55.7158203125 55.7158203125 55.7158203125 55.7158203125 55.7158203125 55.7158203125
56.87109375 56.87109375 56.87109375 56.87109375 56.87109375 56.87109375 56.87109375 56.87109375 56.87109375
57.9716796875 57.9716796875 57.9716796875 57.9716796875 57.9716796875 57.9716796875 57.9716796875 57.9716796875
59.0859375 59.0859375 59.0859375 59.0859375 59.0859375 59.0859375 59.0859375 59.0859375 59.0859375
60.16015625 60.16015625 60.16015625 60.16015625 60.16015625 60.16015625 60.16015625 60.16015625 60.16015625
61.2607421875 61.2607421875 61.2607421875 61.2607421875 61.2607421875 61.2607421875 61.2607421875 61.2607421875
62.375 62.375 62.375 62.375 62.375 62.375 62.375 62.375 62.375
63.23828125 63.23828125 63.23828125 63.23828125 63.23828125 63.23828125 63.23828125 63.23828125 63.23828125
60.93359375 60.93359375 60.93359375 60.93359375 60.93359375 60.93359375 60.93359375 60.93359375
59.255859375 59.255859375 59.255859375 59.255859375 59.255859375 59.255859375 59.255859375 59.255859375 59.255859375
47.453125 47.453125 47.453125 47.453125 47.453125 47.453125 47.453125 47.453125 47.453125
48.3720703125 48.3720703125 48.3720703125 48.3720703125 48.3720703125 48.3720703125 48.3720703125 48.3720703125
49.47265625 49.47265625 49.47265625 49.47265625 49.47265625 49.47265625 49.47265625 49.47265625 49.47265625
50.5732421875 50.5732421875 50.5732421875 50.5732421875 50.5732421875 50.5732421875 50.5732421875 50.5732421875 50.5732421875
51.7421875 51.7421875 51.7421875 51.7421875 51.7421875 51.7421875 51.7421875 51.7421875
52.658203125 52.658203125 52.658203125 52.658203125 52.658203125 52.658203125 52.658203125 52.658203125 52.658203125
53.7861328125 53.7861328125 53.7861328125 53.7861328125 53.7861328125 53.7861328125 53.7861328125 53.7861328125 53.7861328125
54.94140625 54.94140625 54.94140625 54.94140625 54.94140625 54.94140625 54.94140625 54.94140625
56.0078125 56.0078125 56.0078125 56.0078125 56.0078125 56.0078125 56.0078125 56.0078125 56.0078125
57.08203125 57.08203125 57.08203125 57.08203125 57.08203125 57.08203125 57.08203125 57.08203125 57.08203125
58.1826171875 58.1826171875 58.1826171875 58.1826171875 58.1826171875 58.1826171875 58.1826171875 58.1826171875
59.296875 59.296875 59.296875 59.296875 59.296875 59.296875 59.296875 59.296875 59.296875
60.2158203125 60.2158203125 60.2158203125 60.2158203125 60.2158203125 60.2158203125 60.2158203125 60.2158203125 60.2158203125
61.37109375 61.37109375 61.37109375 61.37109375 61.37109375 61.37109375 61.37109375 61.37109375
62.4375 62.4375 62.4375 62.4375 62.4375 62.4375 62.4375 62.4375 62.4375
63.3193359375 63.3193359375 63.3193359375 63.3193359375 63.3193359375 63.3193359375 63.3193359375 63.3193359375 63.3193359375
60.5751953125 60.5751953125 60.5751953125 60.5751953125 60.5751953125 60.5751953125 60.5751953125 60.5751953125
45.5615234375 45.5615234375 45.5615234375 45.5615234375 45.5615234375 45.5615234375 45.5615234375 45.5615234375 45.5615234375
46.373046875 46.373046875 46.373046875 46.373046875 46.373046875 46.373046875 46.373046875 46.373046875 46.373046875
47.4208984375 47.4208984375 47.4208984375 47.4208984375 47.4208984375 47.4208984375 47.4208984375 47.4208984375
48.6015625 48.6015625 48.6015625 48.6015625 48.6015625 48.6015625 48.6015625 48.6015625 48.6015625
49.6962890625 49.6962890625 49.6962890625 49.6962890625 49.6962890625 49.6962890625 49.6962890625 49.6962890625 49.6962890625
50.865234375 50.865234375 50.865234375 50.865234375 50.865234375 50.865234375 50.865234375 50.865234375
51.9560546875 51.9560546875 51.9560546875 51.9560546875 51.9560546875 51.9560546875 51.9560546875 51.9560546875 51.9560546875
53.111328125 53.111328125 53.111328125 53.111328125 53.111328125 53.111328125 53.111328125 53.111328125 53.111328125
54.2392578125 54.2392578125 54.2392578125 54.2392578125 54.2392578125 54.2392578125 54.2392578125 54.2392578125
55.353515625 55.353515625 55.353515625 55.353515625 55.353515625 55.353515625 55.353515625 55.353515625 55.353515625
56.4814453125 56.4814453125 56.4814453125 56.4814453125 56.4814453125 56.4814453125 56.4814453125 56.4814453125 56.4814453125
57.63671875 57.63671875 57.63671875 57.63671875 57.63671875 57.63671875 57.63671875 57.63671875
58.703125 58.703125 58.703125 58.703125 58.703125 58.703125 58.703125 58.703125 58.703125
59.6220703125 59.6220703125 59.6220703125 59.6220703125 59.6220703125 59.6220703125 59.6220703125 59.6220703125 59.6220703125
60.77734375 60.77734375 60.77734375 60.77734375 60.77734375 60.77734375 60.77734375 60.77734375
61.84375 61.84375 61.84375 61.84375 61.84375 61.84375 61.84375 61.84375 61.84375
62.744140625 62.744140625 62.744140625 62.744140625 62.744140625 62.744140625 62.744140625 62.744140625 62.744140625
59.0234375 59.0234375 59.0234375 59.0234375 59.0234375 59.0234375 59.0234375 59.0234375
59.939453125 59.939453125 59.939453125 59.939453125 59.939453125 59.939453125 59.939453125 59.939453125 59.939453125
47.2734375 47.2734375 47.2734375 47.2734375 47.2734375 47.2734375 47.2734375 47.2734375 47.2734375
48.2880859375 48.2880859375 48.2880859375 48.2880859375 48.2880859375 48.2880859375 48.2880859375 48.2880859375
49.46875 49.46875 49.46875 49.46875 49.46875 49.46875 49.46875 49.46875 49.46875
50.369140625 50.369140625 50.369140625 50.369140625 50.369140625 50.369140625 50.369140625 50.369140625 50.369140625
51.501953125 51.501953125 51.501953125 51.501953125 51.501953125 51.501953125 51.501953125 51.501953125
52.5927734375 52.5927734375 52.5927734375 52.5927734375 52.5927734375 52.5927734375 52.5927734375 52.5927734375 52.5927734375
53.7568359375 53.7568359375 53.7568359375 53.7568359375 53.7568359375 53.7568359375 53.7568359375 53.7568359375 53.7568359375
54.912109375 54.912109375 54.912109375 54.912109375 54.912109375 54.912109375 54.912109375 54.912109375
56.0029296875 56.0029296875 56.0029296875 56.0029296875 56.0029296875 56.0029296875 56.0029296875 56.0029296875 56.0029296875
57.158203125 57.158203125 57.158203125 57.158203125 57.158203125 57.158203125 57.158203125 57.158203125 57.158203125
58.2861328125 58.2861328125 58.2861328125 58.2861328125 58.2861328125 58.2861328125 58.2861328125 58.2861328125
59.400390625 59.400390625 59.400390625 59.400390625 59.400390625 59.400390625 59.400390625 59.400390625 59.400390625 59.400390625
60.763671875 60.763671875 60.763671875 60.763671875 60.763671875 60.763671875 60.763671875 60.763671875 60.763671875
61.8916015625 61.8916015625 61.8916015625 61.8916015625 61.8916015625 61.8916015625 61.8916015625 61.8916015625
63.005859375 63.005859375 63.005859375 63.005859375 63.005859375 63.005859375 63.005859375 63.005859375 63.005859375 63.005859375
60.798828125 60.798828125 60.798828125 60.798828125 60.798828125 60.798828125 60.798828125 60.798828125 60.798828125
59.294921875 59.294921875 59.294921875 59.294921875 59.294921875 59.294921875 59.294921875 59.294921875
50.2919921875 50.2919921875 50.2919921875 50.2919921875 50.2919921875 50.2919921875 50.2919921875 50.2919921875 50.2919921875 50.2919921875
47.8173828125 47.8173828125 47.8173828125 47.8173828125 47.8173828125 47.8173828125 47.8173828125 47.8173828125 47.8173828125
48.958984375 48.958984375 48.958984375 48.958984375 48.958984375 48.958984375 48.958984375 48.958984375
50.0498046875 50.0498046875 50.0498046875 50.0498046875 50.0498046875 50.0498046875 50.0498046875 50.0498046875 50.0498046875 50.0498046875
51.3994140625 51.3994140625 51.3994140625 51.3994140625 51.3994140625 51.3994140625 51.3994140625 51.3994140625 51.3994140625 51.3994140625
52.7353515625 52.7353515625 52.7353515625 52.7353515625 52.7353515625 52.7353515625 52.7353515625 52.7353515625
53.849609375 53.849609375 53.849609375 53.849609375 53.849609375 53.849609375 53.849609375 53.849609375 53.849609375 53.849609375
55.146484375 55.146484375 55.146484375 55.146484375 55.146484375 55.146484375 55.146484375 55.146484375 55.146484375 55.146484375
56.443359375 56.443359375 56.443359375 56.443359375 56.443359375 56.443359375 56.443359375 56.443359375
57.5341796875 57.5341796875 57.5341796875 57.5341796875 57.5341796875 57.5341796875 57.5341796875 57.5341796875 57.5341796875 57.5341796875
58.8701171875 58.8701171875 58.8701171875 58.8701171875 58.8701171875 58.8701171875 58.8701171875 58.8701171875 58.8701171875 58.8701171875
60.2060546875 60.2060546875 60.2060546875 60.2060546875 60.2060546875 60.2060546875 60.2060546875 60.2060546875
61.3203125 61.3203125 61.3203125 61.3203125 61.3203125 61.3203125 61.3203125 61.3203125 61.3203125 61.3203125
62.42578125 62.42578125 62.42578125 62.42578125 62.42578125 62.42578125 62.42578125 62.42578125 62.42578125 62.42578125
60.9033203125 60.9033203125 60.9033203125 60.9033203125 60.9033203125 60.9033203125 60.9033203125 60.9033203125
57.3525390625 57.3525390625 57.3525390625 57.3525390625 57.3525390625 57.3525390625 57.3525390625 57.3525390625 57.3525390625 57.3525390625
49.3505859375 49.3505859375 49.3505859375 49.3505859375 49.3505859375 49.3505859375 49.3505859375 49.3505859375 49.3505859375 49.3505859375
48.4521484375 48.4521484375 48.4521484375 48.4521484375 48.4521484375 48.4521484375 48.4521484375 48.4521484375
49.5390625 49.5390625 49.5390625 49.5390625 49.5390625 49.5390625 49.5390625 49.5390625 49.5390625 49.5390625
50.64453125 50.64453125 50.64453125 50.64453125 50.64453125 50.64453125 50.64453125 50.64453125 50.64453125 50.64453125
51.7880859375 51.7880859375 51.7880859375 51.7880859375 51.7880859375 51.7880859375 51.7880859375 51.7880859375
52.90234375 52.90234375 52.90234375 52.90234375 52.90234375 52.90234375 52.90234375 52.90234375 52.90234375 52.90234375
54.0380859375 54.0380859375 54.0380859375 54.0380859375 54.0380859375 54.0380859375 54.0380859375 54.0380859375 54.0380859375 54.0380859375
55.3935546875 55.3935546875 55.3935546875 55.3935546875 55.3935546875 55.3935546875 55.3935546875 55.3935546875
56.5078125 56.5078125 56.5078125 56.5078125 56.5078125 56.5078125 56.5078125 56.5078125 56.5078125 56.5078125
57.61328125 57.61328125 57.61328125 57.61328125 57.61328125 57.61328125 57.61328125 57.61328125 57.61328125 57.61328125
58.7490234375 58.7490234375 58.7490234375 58.7490234375 58.7490234375 58.7490234375 58.7490234375 58.7490234375
59.86328125 59.86328125 59.86328125 59.86328125 59.86328125 59.86328125 59.86328125 59.86328125 59.86328125 59.86328125
60.9990234375 60.9990234375 60.9990234375 60.9990234375 60.9990234375 60.9990234375 60.9990234375 60.9990234375 60.9990234375 60.9990234375
62.3349609375 62.3349609375 62.3349609375 62.3349609375 62.3349609375 62.3349609375 62.3349609375 62.3349609375
63.125 63.125 63.125 63.125 63.125 63.125 63.125 63.125 63.125 63.125
60.4609375 60.4609375 60.4609375 60.4609375 60.4609375 60.4609375 60.4609375 60.4609375 60.4609375 60.4609375
58.021484375 58.021484375 58.021484375 58.021484375 58.021484375 58.021484375 58.021484375 58.021484375
50.48828125 50.48828125 50.48828125 50.48828125 50.48828125 50.48828125 50.48828125 50.48828125 50.48828125 50.48828125
48.2724609375 48.2724609375 48.2724609375 48.2724609375 48.2724609375 48.2724609375 48.2724609375 48.2724609375 48.2724609375 48.2724609375
49.6083984375 49.6083984375 49.6083984375 49.6083984375 49.6083984375 49.6083984375 49.6083984375 49.6083984375
50.72265625 50.72265625 50.72265625 50.72265625 50.72265625 50.72265625 50.72265625 50.72265625 50.72265625 50.72265625
51.8583984375 51.8583984375 51.8583984375 51.8583984375 51.8583984375 51.8583984375 51.8583984375 51.8583984375 51.8583984375 51.8583984375
53.1943359375 53.1943359375 53.1943359375 53.1943359375 53.1943359375 53.1943359375 53.1943359375 53.1943359375
54.30859375 54.30859375 54.30859375 54.30859375 54.30859375 54.30859375 54.30859375 54.30859375 54.30859375 54.30859375
55.4443359375 55.4443359375 55.4443359375 55.4443359375 55.4443359375 55.4443359375 55.4443359375 55.4443359375 55.4443359375 55.4443359375
56.7802734375 56.7802734375 56.7802734375 56.7802734375 56.7802734375 56.7802734375 56.7802734375 56.7802734375
57.89453125 57.89453125 57.89453125 57.89453125 57.89453125 57.89453125 57.89453125 57.89453125 57.89453125 57.89453125
59.0302734375 59.0302734375 59.0302734375 59.0302734375 59.0302734375 59.0302734375 59.0302734375 59.0302734375 59.0302734375 59.0302734375
60.3662109375 60.3662109375 60.3662109375 60.3662109375 60.3662109375 60.3662109375 60.3662109375 60.3662109375
61.48046875 61.48046875 61.48046875 61.48046875 61.48046875 61.48046875 61.48046875 61.48046875 61.48046875 61.48046875
61.7919921875 61.7919921875 61.7919921875 61.7919921875 61.7919921875 61.7919921875 61.7919921875 61.7919921875 61.7919921875 61.7919921875
60.095703125 60.095703125 60.095703125 60.095703125 60.095703125 60.095703125 60.095703125 60.095703125
57.5048828125 57.5048828125 57.5048828125 57.5048828125 57.5048828125 57.5048828125 57.5048828125 57.5048828125 57.5048828125 57.5048828125
46.9228515625 46.9228515625 46.9228515625 46.9228515625 46.9228515625 46.9228515625 46.9228515625 46.9228515625 46.9228515625 46.9228515625
48.2587890625 48.2587890625 48.2587890625 48.2587890625 48.2587890625 48.2587890625 48.2587890625 48.2587890625
49.345703125 49.345703125 49.345703125 49.345703125 49.345703125 49.345703125 49.345703125 49.345703125 49.345703125 49.345703125
50.66015625 50.66015625 50.66015625 50.66015625 50.66015625 50.66015625 50.66015625 50.66015625 50.66015625 50.66015625
51.7958984375 51.7958984375 51.7958984375 51.7958984375 51.7958984375 51.7958984375 51.7958984375 51.7958984375
52.91015625 52.91015625 52.91015625 52.91015625 52.91015625 52.91015625 52.91015625 52.91015625 52.91015625 52.91015625
54.0458984375 54.0458984375 54.0458984375 54.0458984375 54.0458984375 54.0458984375 54.0458984375 54.0458984375 54.0458984375 54.0458984375
55.3916015625 55.3916015625 55.3916015625 55.3916015625 55.3916015625 55.3916015625 55.3916015625 55.3916015625
56.505859375 56.505859375 56.505859375 56.505859375 56.505859375 56.505859375 56.505859375 56.505859375 56.505859375 56.505859375
57.802734375 57.802734375 57.802734375 57.802734375 57.802734375 57.802734375 57.802734375 57.802734375 57.802734375 57.802734375
59.099609375 59.099609375 59.099609375 59.099609375 59.099609375 59.099609375 59.099609375 59.099609375
60.1904296875 60.1904296875 60.1904296875 60.1904296875 60.1904296875 60.1904296875 60.1904296875 60.1904296875 60.1904296875 60.1904296875
61.5263671875 61.5263671875 61.5263671875 61.5263671875 61.5263671875 61.5263671875 61.5263671875 61.5263671875 61.5263671875 61.5263671875
62.8623046875 62.8623046875 62.8623046875 62.8623046875 62.8623046875 62.8623046875 62.8623046875 62.8623046875
60.79296875 60.79296875 60.79296875 60.79296875 60.79296875 60.79296875 60.79296875 60.79296875 60.79296875 60.79296875
47.1669921875 47.1669921875 47.1669921875 47.1669921875 47.1669921875 47.1669921875 47.1669921875 47.1669921875 47.1669921875 47.1669921875
47.173828125 47.173828125 47.173828125 47.173828125 47.173828125 47.173828125 47.173828125 47.173828125
48.3369140625 48.3369140625 48.3369140625 48.3369140625 48.3369140625 48.3369140625 48.3369140625 48.3369140625 48.3369140625 48.3369140625
49.7080078125 49.7080078125 49.7080078125 49.7080078125 49.7080078125 49.7080078125 49.7080078125 49.7080078125 49.7080078125 49.7080078125
51.0439453125 51.0439453125 51.0439453125 51.0439453125 51.0439453125 51.0439453125 51.0439453125 51.0439453125
52.158203125 52.158203125 52.158203125 52.158203125 52.158203125 52.158203125 52.158203125 52.158203125 52.158203125 52.158203125
53.455078125 53.455078125 53.455078125 53.455078125 53.455078125 53.455078125 53.455078125 53.455078125 53.455078125 53.455078125
54.751953125 54.751953125 54.751953125 54.751953125 54.751953125 54.751953125 54.751953125 54.751953125
55.8427734375 55.8427734375 55.8427734375 55.8427734375 55.8427734375 55.8427734375 55.8427734375 55.8427734375 55.8427734375 55.8427734375
57.1787109375 57.1787109375 57.1787109375 57.1787109375 57.1787109375 57.1787109375 57.1787109375 57.1787109375 57.1787109375 57.1787109375
58.5146484375 58.5146484375 58.5146484375 58.5146484375 58.5146484375 58.5146484375 58.5146484375 58.5146484375
59.62890625 59.62890625 59.62890625 59.62890625 59.62890625 59.62890625 59.62890625 59.62890625 59.62890625 59.62890625
60.7646484375 60.7646484375 60.7646484375 60.7646484375 60.7646484375 60.7646484375 60.7646484375 60.7646484375 60.7646484375 60.7646484375
62.1005859375 62.1005859375 62.1005859375 62.1005859375 62.1005859375 62.1005859375 62.1005859375 62.1005859375
62.115234375 62.115234375 62.115234375 62.115234375 62.115234375 62.115234375 62.115234375 62.115234375 62.115234375 62.115234375
56.90625 56.90625 56.90625 56.90625 56.90625 56.90625 56.90625 56.90625 56.90625 56.90625
57.82421875 57.82421875 57.82421875 57.82421875 57.82421875 57.82421875 57.82421875 57.82421875
47.173828125 47.173828125 47.173828125 47.173828125 47.173828125 47.173828125 47.173828125 47.173828125 47.173828125 47.173828125
48.4609375 48.4609375 48.4609375 48.4609375 48.4609375 48.4609375 48.4609375 48.4609375 48.4609375 48.4609375
49.56640625 49.56640625 49.56640625 49.56640625 49.56640625 49.56640625 49.56640625 49.56640625
50.6328125 50.6328125 50.6328125 50.6328125 50.6328125 50.6328125 50.6328125 50.6328125 50.6328125 50.6328125
51.73828125 51.73828125 51.73828125 51.73828125 51.73828125 51.73828125 51.73828125 51.73828125 51.73828125 51.73828125
52.8740234375 52.8740234375 52.8740234375 52.8740234375 52.8740234375 52.8740234375 52.8740234375 52.8740234375
53.98828125 53.98828125 53.98828125 53.98828125 53.98828125 53.98828125 53.98828125 53.98828125 53.98828125 53.98828125
55.1240234375 55.1240234375 55.1240234375 55.1240234375 55.1240234375 55.1240234375 55.1240234375 55.1240234375 55.1240234375 55.1240234375
56.4697265625 56.4697265625 56.4697265625 56.4697265625 56.4697265625 56.4697265625 56.4697265625 56.4697265625
57.583984375 57.583984375 57.583984375 57.583984375 57.583984375 57.583984375 57.583984375 57.583984375 57.583984375 57.583984375
58.880859375 58.880859375 58.880859375 58.880859375 58.880859375 58.880859375 58.880859375 58.880859375 58.880859375 58.880859375
60.177734375 60.177734375 60.177734375 60.177734375 60.177734375 60.177734375 60.177734375 60.177734375
61.2685546875 61.2685546875 61.2685546875 61.2685546875 61.2685546875 61.2685546875 61.2685546875 61.2685546875
62.03125 62.03125 62.03125 62.03125 62.03125 62.03125 62.03125 62.03125
59.4404296875 59.4404296875 59.4404296875 59.4404296875 59.4404296875 59.4404296875 59.4404296875 59.4404296875
56.98828125 56.98828125 56.98828125 56.98828125 56.98828125 56.98828125 56.98828125 56.98828125
46.9306640625 46.9306640625 46.9306640625 46.9306640625 46.9306640625 46.9306640625 46.9306640625 46.9306640625
48.044921875 48.044921875 48.044921875 48.044921875 48.044921875 48.044921875 48.044921875 48.044921875
49.1005859375 49.1005859375 49.1005859375 49.1005859375 49.1005859375 49.1005859375 49.1005859375 49.1005859375
50.22265625 50.22265625 50.22265625 50.22265625 50.22265625 50.22265625 50.22265625 50.22265625
51.2890625 51.2890625 51.2890625 51.2890625 51.2890625 51.2890625 51.2890625 51.2890625
52.205078125 52.205078125 52.205078125 52.205078125 52.205078125 52.205078125 52.205078125 52.205078125
53.2958984375 53.2958984375 53.2958984375 53.2958984375 53.2958984375 53.2958984375 53.2958984375 53.2958984375
54.41015625 54.41015625 54.41015625 54.41015625 54.41015625 54.41015625 54.41015625 54.41015625
55.4765625 55.4765625 55.4765625 55.4765625 55.4765625 55.4765625 55.4765625 55.4765625
56.392578125 56.392578125 56.392578125 56.392578125 56.392578125 56.392578125 56.392578125 56.392578125 56.392578125
57.525390625 57.525390625 57.525390625 57.525390625 57.525390625 57.525390625 57.525390625 57.525390625 57.525390625
58.6533203125 58.6533203125 58.6533203125 58.6533203125 58.6533203125 58.6533203125 58.6533203125 58.6533203125
59.767578125 59.767578125 59.767578125 59.767578125 59.767578125 59.767578125 59.767578125 59.767578125 59.767578125
60.8955078125 60.8955078125 60.8955078125 60.8955078125 60.8955078125 60.8955078125 60.8955078125 60.8955078125 60.8955078125
61.4619140625 61.4619140625 61.4619140625 61.4619140625 61.4619140625 61.4619140625 61.4619140625 61.4619140625
58.8984375 58.8984375 58.8984375 58.8984375 58.8984375 58.8984375 58.8984375 58.8984375 58.8984375
58.0087890625 58.0087890625 58.0087890625 58.0087890625 58.0087890625 58.0087890625 58.0087890625 58.0087890625 58.0087890625
46.6396484375 46.6396484375 46.6396484375 46.6396484375 46.6396484375 46.6396484375 46.6396484375 46.6396484375
47.75390625 47.75390625 47.75390625 47.75390625 47.75390625 47.75390625 47.75390625 47.75390625 47.75390625
48.8369140625 48.8369140625 48.8369140625 48.8369140625 48.8369140625 48.8369140625 48.8369140625 48.8369140625 48.8369140625
50.009765625 50.009765625 50.009765625 50.009765625 50.009765625 50.009765625 50.009765625 50.009765625
51.1005859375 51.1005859375 51.1005859375 51.1005859375 51.1005859375 51.1005859375 51.1005859375 51.1005859375 51.1005859375
52.255859375 52.255859375 52.255859375 52.255859375 52.255859375 52.255859375 52.255859375 52.255859375 52.255859375
53.3837890625 53.3837890625 53.3837890625 53.3837890625 53.3837890625 53.3837890625 53.3837890625 53.3837890625
54.498046875 54.498046875 54.498046875 54.498046875 54.498046875 54.498046875 54.498046875 54.498046875 54.498046875
55.6259765625 55.6259765625 55.6259765625 55.6259765625 55.6259765625 55.6259765625 55.6259765625 55.6259765625 55.6259765625
56.78125 56.78125 56.78125 56.78125 56.78125 56.78125 56.78125 56.78125
57.6640625 57.6640625 57.6640625 57.6640625 57.6640625 57.6640625 57.6640625 57.6640625 57.6640625
58.73828125 58.73828125 58.73828125 58.73828125 58.73828125 58.73828125 58.73828125 58.73828125 58.73828125
59.8388671875 59.8388671875 59.8388671875 59.8388671875 59.8388671875 59.8388671875 59.8388671875 59.8388671875
60.953125 60.953125 60.953125 60.953125 60.953125 60.953125 60.953125 60.953125 60.953125
60.8720703125 60.8720703125 60.8720703125 60.8720703125 60.8720703125 60.8720703125 60.8720703125 60.8720703125 60.8720703125
59.0537109375 59.0537109375 59.0537109375 59.0537109375 59.0537109375 59.0537109375 59.0537109375 59.0537109375
57.4072265625 57.4072265625 57.4072265625 57.4072265625 57.4072265625 57.4072265625 57.4072265625 57.4072265625 57.4072265625
47.078125 47.078125 47.078125 47.078125 47.078125 47.078125 47.078125 47.078125 47.078125
47.9169921875 47.9169921875 47.9169921875 47.9169921875 47.9169921875 47.9169921875 47.9169921875 47.9169921875
49.09765625 49.09765625 49.09765625 49.09765625 49.09765625 49.09765625 49.09765625 49.09765625 49.09765625
50.1982421875 50.1982421875 50.1982421875 50.1982421875 50.1982421875 50.1982421875 50.1982421875 50.1982421875 50.1982421875
51.3671875 51.3671875 51.3671875 51.3671875 51.3671875 51.3671875 51.3671875 51.3671875
52.283203125 52.283203125 52.283203125 52.283203125 52.283203125 52.283203125 52.283203125 52.283203125 52.283203125
53.4111328125 53.4111328125 53.4111328125 53.4111328125 53.4111328125 53.4111328125 53.4111328125 53.4111328125 53.4111328125
54.56640625 54.56640625 54.56640625 54.56640625 54.56640625 54.56640625 54.56640625 54.56640625
55.6533203125 55.6533203125 55.6533203125 55.6533203125 55.6533203125 55.6533203125 55.6533203125 55.6533203125 55.6533203125
56.80859375 56.80859375 56.80859375 56.80859375 56.80859375 56.80859375 56.80859375 56.80859375 56.80859375
57.9091796875 57.9091796875 57.9091796875 57.9091796875 57.9091796875 57.9091796875 57.9091796875 57.9091796875
59.0234375 59.0234375 59.0234375 59.0234375 59.0234375 59.0234375 59.0234375 59.0234375 59.0234375
60.09765625 60.09765625 60.09765625 60.09765625 60.09765625 60.09765625 60.09765625 60.09765625 60.09765625 60.09765625
61.2333984375 61.2333984375 61.2333984375 61.2333984375 61.2333984375 61.2333984375 61.2333984375 61.2333984375
60.818359375 60.818359375 60.818359375 60.818359375 60.818359375 60.818359375 60.818359375 60.818359375 60.818359375
59.0322265625 59.0322265625 59.0322265625 59.0322265625 59.0322265625 59.0322265625 59.0322265625 59.0322265625 59.0322265625
57.7734375 57.7734375 57.7734375 57.7734375 57.7734375 57.7734375 57.7734375 57.7734375
47.017578125 47.017578125 47.017578125 47.017578125 47.017578125 47.017578125 47.017578125 47.017578125 47.017578125
48.1455078125 48.1455078125 48.1455078125 48.1455078125 48.1455078125 48.1455078125 48.1455078125 48.1455078125 48.1455078125
49.30078125 49.30078125 49.30078125 49.30078125 49.30078125 49.30078125 49.30078125 49.30078125
50.3876953125 50.3876953125 50.3876953125 50.3876953125 50.3876953125 50.3876953125 50.3876953125 50.3876953125 50.3876953125
51.54296875 51.54296875 51.54296875 51.54296875 51.54296875 51.54296875 51.54296875 51.54296875 51.54296875
52.6435546875 52.6435546875 52.6435546875 52.6435546875 52.6435546875 52.6435546875 52.6435546875 52.6435546875
53.7578125 53.7578125 53.7578125 53.7578125 53.7578125 53.7578125 53.7578125 53.7578125 53.7578125
54.83203125 54.83203125 54.83203125 54.83203125 54.83203125 54.83203125 54.83203125 54.83203125 54.83203125
55.9326171875 55.9326171875 55.9326171875 55.9326171875 55.9326171875 55.9326171875 55.9326171875 55.9326171875
57.046875 57.046875 57.046875 57.046875 57.046875 57.046875 57.046875 57.046875 57.046875
57.9658203125 57.9658203125 57.9658203125 57.9658203125 57.9658203125 57.9658203125 57.9658203125 57.9658203125 57.9658203125
59.12109375 59.12109375 59.12109375 59.12109375 59.12109375 59.12109375 59.12109375 59.12109375
60.1875 60.1875 60.1875 60.1875 60.1875 60.1875 60.1875 60.1875 60.1875
61.0693359375 61.0693359375 61.0693359375 61.0693359375 61.0693359375 61.0693359375 61.0693359375 61.0693359375 61.0693359375
59.5078125 59.5078125 59.5078125 59.5078125 59.5078125 59.5078125 59.5078125 59.5078125
60.423828125 60.423828125 60.423828125 60.423828125 60.423828125 60.423828125 60.423828125 60.423828125 60.423828125
48.7744140625 48.7744140625 48.7744140625 48.7744140625 48.7744140625 48.7744140625 48.7744140625 48.7744140625 48.7744140625
47.2265625 47.2265625 47.2265625 47.2265625 47.2265625 47.2265625 47.2265625 47.2265625
48.142578125 48.142578125 48.142578125 48.142578125 48.142578125 48.142578125 48.142578125 48.142578125 48.142578125
49.26171875 49.26171875 49.26171875 49.26171875 49.26171875 49.26171875 49.26171875 49.26171875 49.26171875
50.3623046875 50.3623046875 50.3623046875 50.3623046875 50.3623046875 50.3623046875 50.3623046875 50.3623046875
51.4765625 51.4765625 51.4765625 51.4765625 51.4765625 51.4765625 51.4765625 51.4765625 51.4765625
