46.0947265625 46.1259765625 46.1259765625 46.1494140625 46.1494140625 46.1494140625 46.1806640625
47.4638671875 47.4638671875 47.4638671875 47.4638671875 47.4638671875 47.4638671875
48.375 48.375 48.375 48.375 48.375 48.375
49.197265625 49.197265625 49.197265625 49.197265625 49.197265625 49.197265625 49.197265625
50.2626953125 50.2626953125 50.2626953125 50.2626953125 50.2626953125 50.2626953125
51.173828125 51.173828125 51.173828125 51.173828125 51.173828125 51.173828125 51.173828125
51.9111328125 51.9111328125 51.9111328125 51.9111328125 51.9111328125 51.9111328125
52.822265625 52.822265625 52.822265625 52.822265625 52.822265625 52.822265625
53.392578125 51.556640625 51.556640625 51.556640625 51.556640625 51.556640625
52.5029296875 52.5029296875 52.5029296875 52.5029296875 52.5029296875 52.5029296875 52.5029296875
49.52734375 49.52734375 49.52734375 49.52734375 49.52734375 49.52734375 49.52734375
50.4365234375 50.4365234375 50.4365234375 50.4365234375 50.4365234375 50.4365234375
51.34765625 51.34765625 51.34765625 51.34765625 51.34765625 51.34765625
52.2333984375 52.2333984375 52.2333984375 52.2333984375 52.2333984375 52.2333984375
53.14453125 53.14453125 53.14453125 53.14453125 53.14453125 53.14453125
54.0302734375 54.0302734375 54.0302734375 54.0302734375 54.0302734375 54.0302734375
54.94140625 54.94140625 54.94140625 54.94140625 54.94140625 54.94140625 54.94140625
55.8505859375 55.8505859375 55.8505859375 55.8505859375 55.8505859375 55.8505859375 55.8505859375
56.9248046875 56.9248046875 56.9248046875 56.9248046875 56.9248046875 56.9248046875
57.4375 57.9765625 57.9765625 57.9765625 57.9765625 57.9765625
58.8671875 58.8671875 58.8671875 58.8671875 58.8671875 58.8671875
55.66796875 55.66796875 55.66796875 55.66796875 55.66796875 55.66796875
48.5263671875 48.5263671875 48.5263671875 48.5263671875 48.5263671875 48.5263671875
49.4375 49.4375 49.4375 49.4375 49.4375 49.4375 49.4375
50.2880859375 50.2880859375 50.2880859375 50.2880859375 50.2880859375 50.2880859375 50.2880859375
51.44921875 51.44921875 51.44921875 51.44921875 51.44921875 51.44921875
52.3349609375 52.3349609375 52.3349609375 52.3349609375 52.3349609375 52.3349609375
53.24609375 53.24609375 53.24609375 53.24609375 53.24609375 53.24609375
54.1318359375 54.1318359375 54.1318359375 54.1318359375 54.1318359375 54.1318359375
55.04296875 55.04296875 55.04296875 55.04296875 55.04296875 55.04296875
55.9287109375 55.9287109375 55.9287109375 55.9287109375 55.9287109375 55.9287109375 55.9287109375
57.0029296875 57.0029296875 57.0029296875 57.0029296875 57.0029296875 57.0029296875 57.0029296875
58.0771484375 58.0771484375 58.0771484375 58.0771484375 58.0771484375 58.0771484375
55.7216796875 55.7216796875 55.7216796875 55.7216796875 55.7216796875 55.7216796875
48.7880859375 48.7880859375 48.7880859375 48.7880859375 48.7880859375 48.7880859375
49.69921875 49.69921875 49.69921875 49.69921875 49.69921875 49.69921875
50.5849609375 50.5849609375 50.5849609375 50.5849609375 50.5849609375 50.5849609375
51.49609375 51.49609375 51.49609375 51.49609375 51.49609375 51.49609375 51.49609375
52.4052734375 52.4052734375 52.4052734375 52.4052734375 52.4052734375 52.4052734375 52.4052734375
53.56640625 53.56640625 53.56640625 53.56640625 53.56640625 53.56640625
54.4521484375 54.4521484375 54.4521484375 54.4521484375 54.4521484375 54.4521484375
55.36328125 55.36328125 55.36328125 55.36328125 55.36328125 55.36328125
56.2490234375 56.2490234375 56.2490234375 56.2490234375 56.2490234375 56.2490234375
57.16015625 57.16015625 57.16015625 57.16015625 57.16015625 57.16015625
58.0458984375 58.0458984375 58.0458984375 58.0458984375 58.0458984375 58.0458984375 58.0458984375
59.1201171875 59.1201171875 59.1201171875 59.1201171875 59.1201171875 59.1201171875 59.1201171875
56.560546875 56.560546875 56.560546875 56.560546875 56.560546875 56.560546875
48.93359375 48.93359375 48.93359375 48.93359375 48.93359375 48.93359375
49.8193359375 49.8193359375 49.8193359375 49.8193359375 49.8193359375 49.8193359375
50.73046875 50.73046875 50.73046875 50.73046875 50.73046875 50.73046875
51.6162109375 51.6162109375 51.6162109375 51.6162109375 51.6162109375 51.6162109375
52.52734375 52.52734375 52.52734375 52.52734375 52.52734375 52.52734375 52.52734375
53.4365234375 53.4365234375 53.4365234375 53.4365234375 53.4365234375 53.4365234375 53.4365234375
54.5771484375 54.5771484375 54.5771484375 54.5771484375 54.5771484375 54.5771484375
55.48828125 55.48828125 55.48828125 55.48828125 55.48828125 55.48828125
56.3740234375 56.3740234375 56.3740234375 56.3740234375 56.3740234375 56.3740234375
57.28515625 57.28515625 57.28515625 57.28515625 57.28515625 57.28515625
58.1708984375 58.1708984375 58.1708984375 58.1708984375 58.1708984375 58.1708984375
59.08203125 59.08203125 59.08203125 59.08203125 59.08203125 59.08203125 59.08203125
56.4462890625 56.4462890625 56.4462890625 56.4462890625 56.4462890625 56.4462890625 56.4462890625
48.2529296875 48.2529296875 48.2529296875 48.2529296875 48.2529296875 48.2529296875
49.1640625 49.1640625 49.1640625 49.1640625 49.1640625 49.1640625
50.037109375 50.037109375 50.037109375 50.037109375 50.037109375 50.037109375
50.935546875 50.935546875 50.935546875 50.935546875 50.935546875 50.935546875
51.833984375 51.833984375 51.833984375 51.833984375 51.833984375 51.833984375
52.732421875 52.732421875 52.732421875 52.732421875 52.732421875 52.732421875 52.732421875
53.7978515625 53.7978515625 53.7978515625 53.7978515625 53.7978515625 53.7978515625 53.7978515625
54.8720703125 54.8720703125 54.8720703125 54.8720703125 54.8720703125 54.8720703125
55.783203125 55.783203125 55.783203125 55.783203125 55.783203125 55.783203125
56.681640625 56.681640625 56.681640625 56.681640625 56.681640625 56.681640625
57.580078125 57.580078125 57.580078125 57.580078125 57.580078125 57.580078125
58.478515625 58.478515625 58.478515625 58.478515625 58.478515625 58.478515625
55.7939453125 55.7939453125 55.7939453125 55.7939453125 55.7939453125 55.7939453125 55.7939453125
49.576171875 49.576171875 49.576171875 49.576171875 49.576171875 49.576171875 49.576171875
50.6416015625 50.6416015625 50.6416015625 50.6416015625 50.6416015625 50.6416015625
51.552734375 51.552734375 51.552734375 51.552734375 51.552734375 51.552734375
52.451171875 52.451171875 52.451171875 52.451171875 52.451171875 52.451171875
53.349609375 53.349609375 53.349609375 53.349609375 53.349609375 53.349609375
54.248046875 54.248046875 54.248046875 54.248046875 54.248046875 54.248046875
55.146484375 55.146484375 55.146484375 55.146484375 55.146484375 55.146484375 55.146484375
56.2119140625 56.2119140625 56.2119140625 56.2119140625 56.2119140625 56.2119140625 56.2119140625
57.2861328125 57.2861328125 57.2861328125 57.2861328125 57.2861328125 57.2861328125
58.197265625 58.197265625 58.197265625 58.197265625 58.197265625 58.197265625
59.095703125 59.095703125 59.095703125 59.095703125 59.095703125 59.095703125
56.2841796875 56.2841796875 56.2841796875 56.2841796875 56.2841796875 56.2841796875
48.5634765625 48.5634765625 48.5634765625 48.5634765625 48.5634765625 48.5634765625
49.474609375 49.474609375 49.474609375 49.474609375 49.474609375 49.474609375 49.474609375
50.599609375 50.599609375 50.599609375 50.599609375 50.599609375 50.599609375 50.599609375
51.6650390625 51.6650390625 51.6650390625 51.6650390625 51.6650390625 51.6650390625
52.576171875 52.576171875 52.576171875 52.576171875 52.576171875 52.576171875
53.474609375 53.474609375 53.474609375 53.474609375 53.474609375 53.474609375
54.373046875 54.373046875 54.373046875 54.373046875 54.373046875 54.373046875
55.271484375 55.271484375 55.271484375 55.271484375 55.271484375 55.271484375
56.169921875 56.169921875 56.169921875 56.169921875 56.169921875 56.169921875 56.169921875
57.2353515625 57.2353515625 57.2353515625 57.2353515625 57.2353515625 57.2353515625 57.2353515625
58.3369140625 58.3369140625 58.3369140625 58.3369140625 58.3369140625 58.3369140625
59.248046875 59.248046875 59.248046875 59.248046875 59.248046875 59.248046875
56.443359375 56.443359375 56.443359375 56.443359375 56.443359375 56.443359375
49.494140625 49.494140625 49.494140625 49.494140625 49.494140625 49.494140625
50.392578125 50.392578125 50.392578125 50.392578125 50.392578125 50.392578125
51.291015625 51.291015625 51.291015625 51.291015625 51.291015625 51.291015625 51.291015625
52.416015625 52.416015625 52.416015625 52.416015625 52.416015625 52.416015625 52.416015625
53.4814453125 53.4814453125 53.4814453125 53.4814453125 53.4814453125 53.4814453125
54.392578125 54.392578125 54.392578125 54.392578125 54.392578125 54.392578125
55.291015625 55.291015625 55.291015625 55.291015625 55.291015625 55.291015625
56.189453125 56.189453125 56.189453125 56.189453125 56.189453125 56.189453125
57.087890625 57.087890625 57.087890625 57.087890625 57.087890625 57.087890625
57.986328125 57.986328125 57.986328125 57.986328125 57.986328125 57.986328125 57.986328125
59.0517578125 59.0517578125 59.0517578125 59.0517578125 59.0517578125 59.0517578125 59.0517578125
56.546875 56.546875 56.546875 56.546875 56.546875 56.546875
48.89453125 48.89453125 48.89453125 48.89453125 48.89453125 48.89453125
49.7802734375 49.7802734375 49.7802734375 49.7802734375 49.7802734375 49.7802734375
50.69140625 50.69140625 50.69140625 50.69140625 50.69140625 50.69140625
51.5771484375 51.5771484375 51.5771484375 51.5771484375 51.5771484375 51.5771484375
52.48828125 52.48828125 52.48828125 52.48828125 52.48828125 52.48828125 52.48828125
53.3974609375 53.3974609375 53.3974609375 53.3974609375 53.3974609375 53.3974609375 53.3974609375
54.5380859375 54.5380859375 54.5380859375 54.5380859375 54.5380859375 54.5380859375
55.44921875 55.44921875 55.44921875 55.44921875 55.44921875 55.44921875
56.3349609375 56.3349609375 56.3349609375 56.3349609375 56.3349609375 56.3349609375
57.24609375 57.24609375 57.24609375 57.24609375 57.24609375 57.24609375
58.1318359375 58.1318359375 58.1318359375 58.1318359375 58.1318359375 58.1318359375
59.04296875 59.04296875 59.04296875 59.04296875 59.04296875 59.04296875 59.04296875
56.265625 56.265625 56.265625 56.265625 56.265625 56.265625 56.265625
47.9716796875 47.9716796875 47.9716796875 47.9716796875 47.9716796875 47.9716796875
48.8828125 48.8828125 48.8828125 48.8828125 48.8828125 48.8828125
49.755859375 49.755859375 49.755859375 49.755859375 49.755859375 49.755859375
50.654296875 50.654296875 50.654296875 50.654296875 50.654296875 50.654296875
51.552734375 51.552734375 51.552734375 51.552734375 51.552734375 51.552734375
52.451171875 52.451171875 52.451171875 52.451171875 52.451171875 52.451171875 52.451171875
53.576171875 53.576171875 53.576171875 53.576171875 53.576171875 53.576171875 53.576171875
54.6416015625 54.6416015625 54.6416015625 54.6416015625 54.6416015625 54.6416015625
55.552734375 55.552734375 55.552734375 55.552734375 55.552734375 55.552734375
56.451171875 56.451171875 56.451171875 56.451171875 56.451171875 56.451171875
57.349609375 57.349609375 57.349609375 57.349609375 57.349609375 57.349609375
58.248046875 58.248046875 58.248046875 58.248046875 58.248046875 58.248046875
56.0224609375 56.0224609375 56.0224609375 56.0224609375 56.0224609375 56.0224609375 56.0224609375
48.8076171875 48.8076171875 48.8076171875 48.8076171875 48.8076171875 48.8076171875 48.8076171875
49.8818359375 49.8818359375 49.8818359375 49.8818359375 49.8818359375 49.8818359375
50.79296875 50.79296875 50.79296875 50.79296875 50.79296875 50.79296875
51.6787109375 51.6787109375 51.6787109375 51.6787109375 51.6787109375 51.6787109375
52.58984375 52.58984375 52.58984375 52.58984375 52.58984375 52.58984375
53.4755859375 53.4755859375 53.4755859375 53.4755859375 53.4755859375 53.4755859375
54.38671875 54.38671875 54.38671875 54.38671875 54.38671875 54.38671875 54.38671875
55.2958984375 55.2958984375 55.2958984375 55.2958984375 55.2958984375 55.2958984375 55.2958984375
56.3701171875 56.3701171875 56.3701171875 56.3701171875 56.3701171875 56.3701171875
57.28125 57.28125 57.28125 57.28125 57.28125 57.28125
58.12890625 58.12890625 58.12890625 58.12890625 58.12890625 58.12890625
59.0146484375 59.0146484375 59.0146484375 59.0146484375 59.0146484375 59.0146484375
56.439453125 56.439453125 56.439453125 56.439453125 56.439453125 56.439453125
48.736328125 48.736328125 48.736328125 48.736328125 48.736328125 48.736328125 48.736328125
49.861328125 49.861328125 49.861328125 49.861328125 49.861328125 49.861328125 49.861328125
50.9267578125 50.9267578125 50.9267578125 50.9267578125 50.9267578125 50.9267578125
51.837890625 51.837890625 51.837890625 51.837890625 51.837890625 51.837890625
52.736328125 52.736328125 52.736328125 52.736328125 52.736328125 52.736328125
53.634765625 53.634765625 53.634765625 53.634765625 53.634765625 53.634765625
54.533203125 54.533203125 54.533203125 54.533203125 54.533203125 54.533203125
55.431640625 55.431640625 55.431640625 55.431640625 55.431640625 55.431640625 55.431640625
56.4970703125 56.4970703125 56.4970703125 56.4970703125 56.4970703125 56.4970703125 56.4970703125
57.5986328125 57.5986328125 57.5986328125 57.5986328125 57.5986328125 57.5986328125
58.509765625 58.509765625 58.509765625 58.509765625 58.509765625 58.509765625
55.8037109375 55.8037109375 55.8037109375 55.8037109375 55.8037109375 55.8037109375
48.7626953125 48.7626953125 48.7626953125 48.7626953125 48.7626953125 48.7626953125
49.673828125 49.673828125 49.673828125 49.673828125 49.673828125 49.673828125
50.572265625 50.572265625 50.572265625 50.572265625 50.572265625 50.572265625 50.572265625
51.697265625 51.697265625 51.697265625 51.697265625 51.697265625 51.697265625 51.697265625
52.7626953125 52.7626953125 52.7626953125 52.7626953125 52.7626953125 52.7626953125
53.673828125 53.673828125 53.673828125 53.673828125 53.673828125 53.673828125
54.572265625 54.572265625 54.572265625 54.572265625 54.572265625 54.572265625
55.470703125 55.470703125 55.470703125 55.470703125 55.470703125 55.470703125 55.470703125
56.5361328125 56.5361328125 56.5361328125 56.5361328125 56.5361328125 56.5361328125
57.447265625 57.447265625 57.447265625 57.447265625 57.447265625 57.447265625 57.447265625
58.5126953125 58.5126953125 58.5126953125 58.5126953125 58.5126953125 58.5126953125 58.5126953125
59.6142578125 59.6142578125 59.6142578125 59.6142578125 59.6142578125 59.6142578125
56.5908203125 56.5908203125 56.5908203125 56.5908203125 56.5908203125 56.5908203125
48.630859375 48.630859375 48.630859375 48.630859375 48.630859375 48.630859375
49.529296875 49.529296875 49.529296875 49.529296875 49.529296875 49.529296875
50.427734375 50.427734375 50.427734375 50.427734375 50.427734375 50.427734375
51.326171875 51.326171875 51.326171875 51.326171875 51.326171875 51.326171875 51.326171875
52.451171875 52.451171875 52.451171875 52.451171875 52.451171875 52.451171875 52.451171875
53.5166015625 53.5166015625 53.5166015625 53.5166015625 53.5166015625 53.5166015625
54.427734375 54.427734375 54.427734375 54.427734375 54.427734375 54.427734375
55.326171875 55.326171875 55.326171875 55.326171875 55.326171875 55.326171875
56.224609375 56.224609375 56.224609375 56.224609375 56.224609375 56.224609375
57.123046875 57.123046875 57.123046875 57.123046875 57.123046875 57.123046875
58.021484375 58.021484375 58.021484375 58.021484375 58.021484375 58.021484375 58.021484375
55.74609375 55.74609375 55.74609375 55.74609375 55.74609375 55.74609375 55.74609375
56.6552734375 56.6552734375 56.6552734375 56.6552734375 56.6552734375 56.6552734375
49.66796875 49.66796875 49.66796875 49.66796875 49.66796875 49.66796875
50.5537109375 50.5537109375 50.5537109375 50.5537109375 50.5537109375 50.5537109375
51.46484375 51.46484375 51.46484375 51.46484375 51.46484375 51.46484375
52.3505859375 52.3505859375 52.3505859375 52.3505859375 52.3505859375 52.3505859375
53.26171875 53.26171875 53.26171875 53.26171875 53.26171875 53.26171875 53.26171875
54.1708984375 54.1708984375 54.1708984375 54.1708984375 54.1708984375 54.1708984375 54.1708984375
55.3359375 55.3359375 55.3359375 55.3359375 55.3359375 55.3359375
56.208984375 56.208984375 56.208984375 56.208984375 56.208984375 56.208984375
57.107421875 57.107421875 57.107421875 57.107421875 57.107421875 57.107421875
58.005859375 58.005859375 58.005859375 58.005859375 58.005859375 58.005859375
58.904296875 58.904296875 58.904296875 58.904296875 58.904296875 58.904296875
59.802734375 59.802734375 59.802734375 59.802734375 59.802734375 59.802734375 59.802734375
57.35546875 57.35546875 57.35546875 57.35546875 57.35546875 57.35546875 57.35546875
49.4912109375 49.4912109375 49.4912109375 49.4912109375 49.4912109375 49.4912109375
50.40234375 50.40234375 50.40234375 50.40234375 50.40234375 50.40234375
51.2880859375 51.2880859375 51.2880859375 51.2880859375 51.2880859375 51.2880859375
52.19921875 52.19921875 52.19921875 52.19921875 52.19921875 52.19921875
53.0849609375 53.0849609375 53.0849609375 53.0849609375 53.0849609375 53.0849609375
53.99609375 53.99609375 53.99609375 53.99609375 53.99609375 53.99609375 53.99609375
54.9052734375 54.9052734375 54.9052734375 54.9052734375 54.9052734375 54.9052734375 54.9052734375
56.06640625 56.06640625 56.06640625 56.06640625 56.06640625 56.06640625
56.9521484375 56.9521484375 56.9521484375 56.9521484375 56.9521484375 56.9521484375
57.86328125 57.86328125 57.86328125 57.86328125 57.86328125 57.86328125
58.7490234375 58.7490234375 58.7490234375 58.7490234375 58.7490234375 58.7490234375
56.154296875 56.154296875 56.154296875 56.154296875 56.154296875 56.154296875
57.052734375 57.052734375 57.052734375 57.052734375 57.052734375 57.052734375 57.052734375
49.861328125 49.861328125 49.861328125 49.861328125 49.861328125 49.861328125 49.861328125
50.9267578125 50.9267578125 50.9267578125 50.9267578125 50.9267578125 50.9267578125
51.837890625 51.837890625 51.837890625 51.837890625 51.837890625 51.837890625
52.736328125 52.736328125 52.736328125 52.736328125 52.736328125 52.736328125
53.634765625 53.634765625 53.634765625 53.634765625 53.634765625 53.634765625
54.533203125 54.533203125 54.533203125 54.533203125 54.533203125 54.533203125
55.431640625 55.431640625 55.431640625 55.431640625 55.431640625 55.431640625 55.431640625
56.4970703125 56.4970703125 56.4970703125 56.4970703125 56.4970703125 56.4970703125 56.4970703125
57.5986328125 57.5986328125 57.5986328125 57.5986328125 57.5986328125 57.5986328125
58.509765625 58.509765625 58.509765625 58.509765625 58.509765625 58.509765625
59.408203125 59.408203125 59.408203125 59.408203125 59.408203125 59.408203125
56.5302734375 56.5302734375 56.5302734375 56.5302734375 56.5302734375 56.5302734375
48.5634765625 48.5634765625 48.5634765625 48.5634765625 48.5634765625 48.5634765625
49.474609375 49.474609375 49.474609375 49.474609375 49.474609375 49.474609375 49.474609375
50.599609375 50.599609375 50.599609375 50.599609375 50.599609375 50.599609375 50.599609375
51.6650390625 51.6650390625 51.6650390625 51.6650390625 51.6650390625 51.6650390625
52.576171875 52.576171875 52.576171875 52.576171875 52.576171875 52.576171875
53.474609375 53.474609375 53.474609375 53.474609375 53.474609375 53.474609375
54.373046875 54.373046875 54.373046875 54.373046875 54.373046875 54.373046875
55.271484375 55.271484375 55.271484375 55.271484375 55.271484375 55.271484375
56.169921875 56.169921875 56.169921875 56.169921875 56.169921875 56.169921875 56.169921875
57.2353515625 57.2353515625 57.2353515625 57.2353515625 57.2353515625 57.2353515625 57.2353515625
58.3369140625 58.3369140625 58.3369140625 58.3369140625 58.3369140625 58.3369140625
59.248046875 59.248046875 59.248046875 59.248046875 59.248046875 59.248046875
56.443359375 56.443359375 56.443359375 56.443359375 56.443359375 56.443359375
49.494140625 49.494140625 49.494140625 49.494140625 49.494140625 49.494140625
50.392578125 50.392578125 50.392578125 50.392578125 50.392578125 50.392578125
51.291015625 51.291015625 51.291015625 51.291015625 51.291015625 51.291015625 51.291015625
52.416015625 52.416015625 52.416015625 52.416015625 52.416015625 52.416015625 52.416015625
53.4814453125 53.4814453125 53.4814453125 53.4814453125 53.4814453125 53.4814453125
54.392578125 54.392578125 54.392578125 54.392578125 54.392578125 54.392578125
55.291015625 55.291015625 55.291015625 55.291015625 55.291015625 55.291015625
56.189453125 56.189453125 56.189453125 56.189453125 56.189453125 56.189453125
57.087890625 57.087890625 57.087890625 57.087890625 57.087890625 57.087890625
57.986328125 57.986328125 57.986328125 57.986328125 57.986328125 57.986328125 57.986328125
59.0517578125 59.0517578125 59.0517578125 59.0517578125 59.0517578125 59.0517578125 59.0517578125
56.546875 56.546875 56.546875 56.546875 56.546875 56.546875
48.89453125 48.89453125 48.89453125 48.89453125 48.89453125 48.89453125
49.7802734375 49.7802734375 49.7802734375 49.7802734375 49.7802734375 49.7802734375
50.69140625 50.69140625 50.69140625 50.69140625 50.69140625 50.69140625
51.5771484375 51.5771484375 51.5771484375 51.5771484375 51.5771484375 51.5771484375
52.48828125 52.48828125 52.48828125 52.48828125 52.48828125 52.48828125 52.48828125
53.3974609375 53.3974609375 53.3974609375 53.3974609375 53.3974609375 53.3974609375 53.3974609375
54.5380859375 54.5380859375 54.5380859375 54.5380859375 54.5380859375 54.5380859375
55.44921875 55.44921875 55.44921875 55.44921875 55.44921875 55.44921875
56.3349609375 56.3349609375 56.3349609375 56.3349609375 56.3349609375 56.3349609375
57.24609375 57.24609375 57.24609375 57.24609375 57.24609375 57.24609375
58.1318359375 58.1318359375 58.1318359375 58.1318359375 58.1318359375 58.1318359375
59.04296875 59.04296875 59.04296875 59.04296875 59.04296875 59.04296875 59.04296875
56.265625 56.265625 56.265625 56.265625 56.265625 56.265625 56.265625
47.9716796875 47.9716796875 47.9716796875 47.9716796875 47.9716796875 47.9716796875
48.8828125 48.8828125 48.8828125 48.8828125 48.8828125 48.8828125
49.755859375 49.755859375 49.755859375 49.755859375 49.755859375 49.755859375
50.654296875 50.654296875 50.654296875 50.654296875 50.654296875 50.654296875
51.552734375 51.552734375 51.552734375 51.552734375 51.552734375 51.552734375
52.451171875 52.451171875 52.451171875 52.451171875 52.451171875 52.451171875 52.451171875
53.576171875 53.576171875 53.576171875 53.576171875 53.576171875 53.576171875 53.576171875
54.6416015625 54.6416015625 54.6416015625 54.6416015625 54.6416015625 54.6416015625
55.552734375 55.552734375 55.552734375 55.552734375 55.552734375 55.552734375
56.451171875 56.451171875 56.451171875 56.451171875 56.451171875 56.451171875
57.349609375 57.349609375 57.349609375 57.349609375 57.349609375 57.349609375
58.248046875 58.248046875 58.248046875 58.248046875 58.248046875 58.248046875
56.0224609375 56.0224609375 56.0224609375 56.0224609375 56.0224609375 56.0224609375 56.0224609375
48.8076171875 48.8076171875 48.8076171875 48.8076171875 48.8076171875 48.8076171875 48.8076171875
49.8818359375 49.8818359375 49.8818359375 49.8818359375 49.8818359375 49.8818359375
50.79296875 50.79296875 50.79296875 50.79296875 50.79296875 50.79296875
51.6787109375 51.6787109375 51.6787109375 51.6787109375 51.6787109375 51.6787109375
52.58984375 52.58984375 52.58984375 52.58984375 52.58984375 52.58984375
53.4755859375 53.4755859375 53.4755859375 53.4755859375 53.4755859375 53.4755859375
54.38671875 54.38671875 54.38671875 54.38671875 54.38671875 54.38671875 54.38671875
55.2958984375 55.2958984375 55.2958984375 55.2958984375 55.2958984375 55.2958984375 55.2958984375
56.3701171875 56.3701171875 56.3701171875 56.3701171875 56.3701171875 56.3701171875
57.28125 57.28125 57.28125 57.28125 57.28125 57.28125
58.12890625 58.12890625 58.12890625 58.12890625 58.12890625 58.12890625
59.0146484375 59.0146484375 59.0146484375 59.0146484375 59.0146484375 59.0146484375
56.439453125 56.439453125 56.439453125 56.439453125 56.439453125 56.439453125
48.736328125 48.736328125 48.736328125 48.736328125 48.736328125 48.736328125 48.736328125
