37.0498046875 37.1748046875 37.1748046875 37.1982421875 37.1982421875 37.1982421875 37.2294921875 37.2294921875 37.2294921875
37.9375 37.9375 37.9375 37.9375 37.9375 37.9375 37.9375 37.9375
38.0595703125 38.0595703125 38.0595703125 38.0595703125 38.0595703125 38.0595703125 38.0595703125 38.0595703125
38.5732421875 39.130859375 39.130859375 39.130859375 39.130859375 39.130859375 39.130859375 39.130859375 39.130859375
39.6787109375 40.1875 40.1875 40.1875 40.1875 40.1875 40.1875 40.1875 40.1875
41.0009765625 41.0009765625 41.0009765625 41.0009765625 41.0009765625 41.0009765625 41.0009765625 41.0009765625
41.5146484375 42.005859375 42.005859375 42.005859375 42.005859375 42.005859375 42.005859375 42.005859375 42.005859375
42.5537109375 43.056640625 43.056640625 43.056640625 43.056640625 43.056640625 43.056640625 43.056640625 43.056640625
44.107421875 44.107421875 44.107421875 44.107421875 44.107421875 44.107421875 44.107421875 44.107421875 44.107421875
42.791015625 42.791015625 42.791015625 42.791015625 42.791015625 42.791015625 42.791015625 42.791015625 42.791015625
39.3466796875 39.3466796875 39.3466796875 39.3466796875 39.3466796875 39.3466796875 39.3466796875 39.3466796875
40.3515625 40.3515625 40.3515625 40.3515625 40.3515625 40.3515625 40.3515625 40.3515625 40.3515625
41.3369140625 41.3369140625 41.3369140625 41.3369140625 41.3369140625 41.3369140625 41.3369140625 41.3369140625 41.3369140625
42.3916015625 42.3916015625 42.3916015625 42.3916015625 42.3916015625 42.3916015625 42.3916015625 42.3916015625
43.396484375 43.396484375 43.396484375 43.396484375 43.396484375 43.396484375 43.396484375 43.396484375 43.396484375
44.4150390625 44.4150390625 44.4150390625 44.4150390625 44.4150390625 44.4150390625 44.4150390625 44.4150390625 44.4150390625
44.037109375 44.037109375 44.037109375 44.037109375 44.037109375 44.037109375 44.037109375 44.037109375
39.6298828125 39.6298828125 39.6298828125 39.6298828125 39.6298828125 39.6298828125 39.6298828125 39.6298828125 39.6298828125
40.7373046875 40.7373046875 40.7373046875 40.7373046875 40.7373046875 40.7373046875 40.7373046875 40.7373046875 40.7373046875
41.783203125 41.783203125 41.783203125 41.783203125 41.783203125 41.783203125 41.783203125 41.783203125
42.7646484375 42.7646484375 42.7646484375 42.7646484375 42.7646484375 42.7646484375 42.7646484375 42.7646484375 42.7646484375
43.810546875 43.810546875 43.810546875 43.810546875 43.810546875 43.810546875 43.810546875 43.810546875 43.810546875
44.8291015625 44.8291015625 44.8291015625 44.8291015625 44.8291015625 44.8291015625 44.8291015625 44.8291015625
45.833984375 45.833984375 45.833984375 45.833984375 45.833984375 45.833984375 45.833984375 45.833984375 45.833984375
43.572265625 43.572265625 43.572265625 43.572265625 43.572265625 43.572265625 43.572265625 43.572265625 43.572265625
39.33984375 39.33984375 39.33984375 39.33984375 39.33984375 39.33984375 39.33984375 39.33984375
40.3173828125 40.3173828125 40.3173828125 40.3173828125 40.3173828125 40.3173828125 40.3173828125 40.3173828125 40.3173828125
41.3720703125 41.3720703125 41.3720703125 41.3720703125 41.3720703125 41.3720703125 41.3720703125 41.3720703125 41.3720703125
42.41796875 42.41796875 42.41796875 42.41796875 42.41796875 42.41796875 42.41796875 42.41796875
43.375 43.375 43.375 43.375 43.375 43.375 43.375 43.375 43.375
44.12890625 44.12890625 44.12890625 44.12890625 44.12890625 44.12890625 44.12890625 44.12890625 44.12890625
45.1201171875 45.1201171875 45.1201171875 45.1201171875 45.1201171875 45.1201171875 45.1201171875 45.1201171875
43.9853515625 43.9853515625 43.9853515625 43.9853515625 43.9853515625 43.9853515625 43.9853515625 43.9853515625 43.9853515625
39.3046875 39.3046875 39.3046875 39.3046875 39.3046875 39.3046875 39.3046875 39.3046875 39.3046875
40.2900390625 40.2900390625 40.2900390625 40.2900390625 40.2900390625 40.2900390625 40.2900390625 40.2900390625
41.294921875 41.294921875 41.294921875 41.294921875 41.294921875 41.294921875 41.294921875 41.294921875 41.294921875
42.3134765625 42.3134765625 42.3134765625 42.3134765625 42.3134765625 42.3134765625 42.3134765625 42.3134765625 42.3134765625
43.359375 43.359375 43.359375 43.359375 43.359375 43.359375 43.359375 43.359375
44.1494140625 44.1494140625 44.1494140625 44.1494140625 44.1494140625 44.1494140625 44.1494140625 44.1494140625 44.1494140625
45.1953125 45.1953125 45.1953125 45.1953125 45.1953125 45.1953125 45.1953125 45.1953125 45.1953125
44.369140625 44.369140625 44.369140625 44.369140625 44.369140625 44.369140625 44.369140625 44.369140625
39.1650390625 39.1650390625 39.1650390625 39.1650390625 39.1650390625 39.1650390625 39.1650390625 39.1650390625 39.1650390625
40.3037109375 40.3037109375 40.3037109375 40.3037109375 40.3037109375 40.3037109375 40.3037109375 40.3037109375 40.3037109375
41.349609375 41.349609375 41.349609375 41.349609375 41.349609375 41.349609375 41.349609375 41.349609375
42.3310546875 42.3310546875 42.3310546875 42.3310546875 42.3310546875 42.3310546875 42.3310546875 42.3310546875 42.3310546875
43.376953125 43.376953125 43.376953125 43.376953125 43.376953125 43.376953125 43.376953125 43.376953125 43.376953125
44.3955078125 44.3955078125 44.3955078125 44.3955078125 44.3955078125 44.3955078125 44.3955078125 44.3955078125
43.751953125 43.751953125 43.751953125 43.751953125 43.751953125 43.751953125 43.751953125 43.751953125 43.751953125
39.671875 39.671875 39.671875 39.671875 39.671875 39.671875 39.671875 39.671875 39.671875
40.4814453125 40.4814453125 40.4814453125 40.4814453125 40.4814453125 40.4814453125 40.4814453125 40.4814453125
41.486328125 41.486328125 41.486328125 41.486328125 41.486328125 41.486328125 41.486328125 41.486328125 41.486328125
42.5048828125 42.5048828125 42.5048828125 42.5048828125 42.5048828125 42.5048828125 42.5048828125 42.5048828125 42.5048828125
43.5595703125 43.5595703125 43.5595703125 43.5595703125 43.5595703125 43.5595703125 43.5595703125 43.5595703125
44.564453125 44.564453125 44.564453125 44.564453125 44.564453125 44.564453125 44.564453125 44.564453125 44.564453125
45.5830078125 45.5830078125 45.5830078125 45.5830078125 45.5830078125 45.5830078125 45.5830078125 45.5830078125 45.5830078125
45.34765625 45.34765625 45.34765625 45.34765625 45.34765625 45.34765625 45.34765625 45.34765625
39.59765625 39.59765625 39.59765625 39.59765625 39.59765625 39.59765625 39.59765625 39.59765625 39.59765625
40.640625 40.640625 40.640625 40.640625 40.640625 40.640625 40.640625 40.640625 40.640625
41.4501953125 41.4501953125 41.4501953125 41.4501953125 41.4501953125 41.4501953125 41.4501953125 41.4501953125
42.458984375 42.458984375 42.458984375 42.458984375 42.458984375 42.458984375 42.458984375 42.458984375 42.458984375
43.482421875 43.482421875 43.482421875 43.482421875 43.482421875 43.482421875 43.482421875 43.482421875 43.482421875
44.5009765625 44.5009765625 44.5009765625 44.5009765625 44.5009765625 44.5009765625 44.5009765625 44.5009765625
45.505859375 45.505859375 45.505859375 45.505859375 45.505859375 45.505859375 45.505859375 45.505859375 45.505859375
45.193359375 45.193359375 45.193359375 45.193359375 45.193359375 45.193359375 45.193359375 45.193359375 45.193359375
39.66796875 39.66796875 39.66796875 39.66796875 39.66796875 39.66796875 39.66796875 39.66796875
40.6455078125 40.6455078125 40.6455078125 40.6455078125 40.6455078125 40.6455078125 40.6455078125 40.6455078125 40.6455078125
41.7001953125 41.7001953125 41.7001953125 41.7001953125 41.7001953125 41.7001953125 41.7001953125 41.7001953125 41.7001953125
42.74609375 42.74609375 42.74609375 42.74609375 42.74609375 42.74609375 42.74609375 42.74609375
43.703125 43.703125 43.703125 43.703125 43.703125 43.703125 43.703125 43.703125 43.703125
44.5126953125 44.5126953125 44.5126953125 44.5126953125 44.5126953125 44.5126953125 44.5126953125 44.5126953125 44.5126953125
45.55859375 45.55859375 45.55859375 45.55859375 45.55859375 45.55859375 45.55859375 45.55859375
45.236328125 45.236328125 45.236328125 45.236328125 45.236328125 45.236328125 45.236328125 45.236328125 45.236328125
39.4033203125 39.4033203125 39.4033203125 39.4033203125 39.4033203125 39.4033203125 39.4033203125 39.4033203125 39.4033203125
40.529296875 40.529296875 40.529296875 40.529296875 40.529296875 40.529296875 40.529296875 40.529296875
41.53125 41.53125 41.53125 41.53125 41.53125 41.53125 41.53125 41.53125 41.53125
42.322265625 42.322265625 42.322265625 42.322265625 42.322265625 42.322265625 42.322265625 42.322265625 42.322265625
43.3408203125 43.3408203125 43.3408203125 43.3408203125 43.3408203125 43.3408203125 43.3408203125 43.3408203125
44.345703125 44.345703125 44.345703125 44.345703125 44.345703125 44.345703125 44.345703125 44.345703125 44.345703125
45.3642578125 45.3642578125 45.3642578125 45.3642578125 45.3642578125 45.3642578125 45.3642578125 45.3642578125 45.3642578125
44.6357421875 44.6357421875 44.6357421875 44.6357421875 44.6357421875 44.6357421875 44.6357421875 44.6357421875
39.466796875 39.466796875 39.466796875 39.466796875 39.466796875 39.466796875 39.466796875 39.466796875 39.466796875
40.556640625 40.556640625 40.556640625 40.556640625 40.556640625 40.556640625 40.556640625 40.556640625 40.556640625
41.5751953125 41.5751953125 41.5751953125 41.5751953125 41.5751953125 41.5751953125 41.5751953125 41.5751953125
42.580078125 42.580078125 42.580078125 42.580078125 42.580078125 42.580078125 42.580078125 42.580078125 42.580078125
43.5986328125 43.5986328125 43.5986328125 43.5986328125 43.5986328125 43.5986328125 43.5986328125 43.5986328125 43.5986328125
44.6533203125 44.6533203125 44.6533203125 44.6533203125 44.6533203125 44.6533203125 44.6533203125 44.6533203125
45.658203125 45.658203125 45.658203125 45.658203125 45.658203125 45.658203125 45.658203125 45.658203125 45.658203125
45.4619140625 45.4619140625 45.4619140625 45.4619140625 45.4619140625 45.4619140625 45.4619140625 45.4619140625 45.4619140625
39.564453125 39.564453125 39.564453125 39.564453125 39.564453125 39.564453125 39.564453125 39.564453125
40.56640625 40.56640625 40.56640625 40.56640625 40.56640625 40.56640625 40.56640625 40.56640625 40.56640625
41.5576171875 41.5576171875 41.5576171875 41.5576171875 41.5576171875 41.5576171875 41.5576171875 41.5576171875 41.5576171875
42.603515625 42.603515625 42.603515625 42.603515625 42.603515625 42.603515625 42.603515625 42.603515625
43.5849609375 43.5849609375 43.5849609375 43.5849609375 43.5849609375 43.5849609375 43.5849609375 43.5849609375 43.5849609375
44.630859375 44.630859375 44.630859375 44.630859375 44.630859375 44.630859375 44.630859375 44.630859375 44.630859375 44.630859375
45.884765625 45.884765625 45.884765625 45.884765625 45.884765625 45.884765625 45.884765625 45.884765625
44.36328125 44.36328125 44.36328125 44.36328125 44.36328125 44.36328125 44.36328125 44.36328125 44.36328125
39.404296875 39.404296875 39.404296875 39.404296875 39.404296875 39.404296875 39.404296875 39.404296875 39.404296875
40.431640625 40.431640625 40.431640625 40.431640625 40.431640625 40.431640625 40.431640625 40.431640625
41.4130859375 41.4130859375 41.4130859375 41.4130859375 41.4130859375 41.4130859375 41.4130859375 41.4130859375 41.4130859375
42.4677734375 42.4677734375 42.4677734375 42.4677734375 42.4677734375 42.4677734375 42.4677734375 42.4677734375 42.4677734375
43.513671875 43.513671875 43.513671875 43.513671875 43.513671875 43.513671875 43.513671875 43.513671875
44.4951171875 44.4951171875 44.4951171875 44.4951171875 44.4951171875 44.4951171875 44.4951171875 44.4951171875 44.4951171875
43.70703125 43.70703125 43.70703125 43.70703125 43.70703125 43.70703125 43.70703125 43.70703125 43.70703125
39.5732421875 39.5732421875 39.5732421875 39.5732421875 39.5732421875 39.5732421875 39.5732421875 39.5732421875
40.58203125 40.58203125 40.58203125 40.58203125 40.58203125 40.58203125 40.58203125 40.58203125 40.58203125
41.5732421875 41.5732421875 41.5732421875 41.5732421875 41.5732421875 41.5732421875 41.5732421875 41.5732421875 41.5732421875
42.6328125 42.6328125 42.6328125 42.6328125 42.6328125 42.6328125 42.6328125 42.6328125
43.439453125 43.439453125 43.439453125 43.439453125 43.439453125 43.439453125 43.439453125 43.439453125 43.439453125
44.4580078125 44.4580078125 44.4580078125 44.4580078125 44.4580078125 44.4580078125 44.4580078125 44.4580078125 44.4580078125
45.50390625 45.50390625 45.50390625 45.50390625 45.50390625 45.50390625 45.50390625 45.50390625
44.173828125 44.173828125 44.173828125 44.173828125 44.173828125 44.173828125 44.173828125 44.173828125 44.173828125
39.3759765625 39.3759765625 39.3759765625 39.3759765625 39.3759765625 39.3759765625 39.3759765625 39.3759765625 39.3759765625
40.4306640625 40.4306640625 40.4306640625 40.4306640625 40.4306640625 40.4306640625 40.4306640625 40.4306640625
41.435546875 41.435546875 41.435546875 41.435546875 41.435546875 41.435546875 41.435546875 41.435546875 41.435546875
42.4541015625 42.4541015625 42.4541015625 42.4541015625 42.4541015625 42.4541015625 42.4541015625 42.4541015625 42.4541015625
43.5 43.5 43.5 43.5 43.5 43.5 43.5 43.5
44.20703125 44.20703125 44.20703125 44.20703125 44.20703125 44.20703125 44.20703125 44.20703125 44.20703125
45.1982421875 45.1982421875 45.1982421875 45.1982421875 45.1982421875 45.1982421875 45.1982421875 45.1982421875 45.1982421875
44.49609375 44.49609375 44.49609375 44.49609375 44.49609375 44.49609375 44.49609375 44.49609375
39.2880859375 39.2880859375 39.2880859375 39.2880859375 39.2880859375 39.2880859375 39.2880859375 39.2880859375 39.2880859375
40.36328125 40.36328125 40.36328125 40.36328125 40.36328125 40.36328125 40.36328125 40.36328125 40.36328125
41.3544921875 41.3544921875 41.3544921875 41.3544921875 41.3544921875 41.3544921875 41.3544921875 41.3544921875
42.359375 42.359375 42.359375 42.359375 42.359375 42.359375 42.359375 42.359375 42.359375
43.1689453125 43.1689453125 43.1689453125 43.1689453125 43.1689453125 43.1689453125 43.1689453125 43.1689453125 43.1689453125
44.21484375 44.21484375 44.21484375 44.21484375 44.21484375 44.21484375 44.21484375 44.21484375
45.171875 45.171875 45.171875 45.171875 45.171875 45.171875 45.171875 45.171875 45.171875
43.376953125 43.376953125 43.376953125 43.376953125 43.376953125 43.376953125 43.376953125 43.376953125 43.376953125
39.189453125 39.189453125 39.189453125 39.189453125 39.189453125 39.189453125 39.189453125 39.189453125
40.19140625 40.19140625 40.19140625 40.19140625 40.19140625 40.19140625 40.19140625 40.19140625 40.19140625
41.1826171875 41.1826171875 41.1826171875 41.1826171875 41.1826171875 41.1826171875 41.1826171875 41.1826171875 41.1826171875
42.2373046875 42.2373046875 42.2373046875 42.2373046875 42.2373046875 42.2373046875 42.2373046875 42.2373046875
43.2421875 43.2421875 43.2421875 43.2421875 43.2421875 43.2421875 43.2421875 43.2421875 43.2421875 43.2421875
44.23828125 44.23828125 44.23828125 44.23828125 44.23828125 44.23828125 44.23828125 44.23828125 44.23828125
45.2294921875 45.2294921875 45.2294921875 45.2294921875 45.2294921875 45.2294921875 45.2294921875 45.2294921875
44.7275390625 44.7275390625 44.7275390625 44.7275390625 44.7275390625 44.7275390625 44.7275390625 44.7275390625 44.7275390625
39.4130859375 39.4130859375 39.4130859375 39.4130859375 39.4130859375 39.4130859375 39.4130859375 39.4130859375 39.4130859375
40.458984375 40.458984375 40.458984375 40.458984375 40.458984375 40.458984375 40.458984375 40.458984375
41.4609375 41.4609375 41.4609375 41.4609375 41.4609375 41.4609375 41.4609375 41.4609375 41.4609375
42.42578125 42.42578125 42.42578125 42.42578125 42.42578125 42.42578125 42.42578125 42.42578125 42.42578125
43.4169921875 43.4169921875 43.4169921875 43.4169921875 43.4169921875 43.4169921875 43.4169921875 43.4169921875
44.421875 44.421875 44.421875 44.421875 44.421875 44.421875 44.421875 44.421875 44.421875
45.2314453125 45.2314453125 45.2314453125 45.2314453125 45.2314453125 45.2314453125 45.2314453125 45.2314453125 45.2314453125
44.2197265625 44.2197265625 44.2197265625 44.2197265625 44.2197265625 44.2197265625 44.2197265625 44.2197265625
39.3837890625 39.3837890625 39.3837890625 39.3837890625 39.3837890625 39.3837890625 39.3837890625 39.3837890625 39.3837890625
40.443359375 40.443359375 40.443359375 40.443359375 40.443359375 40.443359375 40.443359375 40.443359375 40.443359375
41.4619140625 41.4619140625 41.4619140625 41.4619140625 41.4619140625 41.4619140625 41.4619140625 41.4619140625
42.466796875 42.466796875 42.466796875 42.466796875 42.466796875 42.466796875 42.466796875 42.466796875 42.466796875
43.4853515625 43.4853515625 43.4853515625 43.4853515625 43.4853515625 43.4853515625 43.4853515625 43.4853515625 43.4853515625
44.53125 44.53125 44.53125 44.53125 44.53125 44.53125 44.53125 44.53125
45.3046875 45.3046875 45.3046875 45.3046875 45.3046875 45.3046875 45.3046875 45.3046875 45.3046875
44.89453125 44.89453125 44.89453125 44.89453125 44.89453125 44.89453125 44.89453125 44.89453125 44.89453125
40.162109375 40.162109375 40.162109375 40.162109375 40.162109375 40.162109375 40.162109375 40.162109375
41.1435546875 41.1435546875 41.1435546875 41.1435546875 41.1435546875 41.1435546875 41.1435546875 41.1435546875 41.1435546875
42.20703125 42.20703125 42.20703125 42.20703125 42.20703125 42.20703125 42.20703125 42.20703125 42.20703125
43.1982421875 43.1982421875 43.1982421875 43.1982421875 43.1982421875 43.1982421875 43.1982421875 43.1982421875
44.203125 44.203125 44.203125 44.203125 44.203125 44.203125 44.203125 44.203125 44.203125
45.0126953125 45.0126953125 45.0126953125 45.0126953125 45.0126953125 45.0126953125 45.0126953125 45.0126953125 45.0126953125
46.05859375 46.05859375 46.05859375 46.05859375 46.05859375 46.05859375 46.05859375 46.05859375
43.8447265625 44.36328125 44.36328125 44.36328125 44.36328125 44.36328125 44.36328125 44.36328125 44.36328125 44.36328125
39.9091796875 39.9091796875 39.9091796875 39.9091796875 39.9091796875 39.9091796875 39.9091796875 39.9091796875 39.9091796875
40.958984375 40.958984375 40.958984375 40.958984375 40.958984375 40.958984375 40.958984375 40.958984375
41.9404296875 41.9404296875 41.9404296875 41.9404296875 41.9404296875 41.9404296875 41.9404296875 41.9404296875 41.9404296875
42.986328125 42.986328125 42.986328125 42.986328125 42.986328125 42.986328125 42.986328125 42.986328125 42.986328125
44.0048828125 44.0048828125 44.0048828125 44.0048828125 44.0048828125 44.0048828125 44.0048828125 44.0048828125
45.009765625 45.009765625 45.009765625 45.009765625 45.009765625 45.009765625 45.009765625 45.009765625 45.009765625
44.57421875 44.57421875 44.57421875 44.57421875 44.57421875 44.57421875 44.57421875 44.57421875 44.57421875
45.08203125 39.5458984375 39.5458984375 39.5458984375 39.5458984375 39.5458984375 39.5458984375 39.5458984375 39.5458984375
40.62890625 40.62890625 40.62890625 40.62890625 40.62890625 40.62890625 40.62890625 40.62890625 40.62890625
41.13671875 41.6201171875 41.6201171875 41.6201171875 41.6201171875 41.6201171875 41.6201171875 41.6201171875 41.6201171875 41.6201171875
42.8798828125 42.8798828125 42.8798828125 42.8798828125 42.8798828125 42.8798828125 42.8798828125 42.8798828125 42.8798828125 42.8798828125
44.1083984375 44.1083984375 44.1083984375 44.1083984375 44.1083984375 44.1083984375 44.1083984375 44.1083984375 44.1083984375 44.1083984375
45.3349609375 45.3349609375 45.3349609375 45.3349609375 45.3349609375 45.3349609375 45.3349609375 45.3349609375 45.3349609375
44.6767578125 44.6767578125 44.6767578125 44.6767578125 44.6767578125 44.6767578125 44.6767578125 44.6767578125
39.6396484375 39.6396484375 39.6396484375 39.6396484375 39.6396484375 39.6396484375 39.6396484375 39.6396484375 39.6396484375 39.6396484375
40.8935546875 40.8935546875 40.8935546875 40.8935546875 40.8935546875 40.8935546875 40.8935546875 40.8935546875 40.8935546875
41.939453125 41.939453125 41.939453125 41.939453125 41.939453125 41.939453125 41.939453125 41.939453125
42.94140625 42.94140625 42.94140625 42.94140625 42.94140625 42.94140625 42.94140625 42.94140625 42.94140625 42.94140625
43.9677734375 43.9677734375 43.9677734375 43.9677734375 43.9677734375 43.9677734375 43.9677734375 43.9677734375 43.9677734375
44.4951171875 45.013671875 45.013671875 45.013671875 45.013671875 45.013671875 45.013671875 45.013671875 45.013671875
45.201171875 45.201171875 45.201171875 45.201171875 45.201171875 45.201171875 45.201171875 45.201171875 45.201171875 45.201171875
39.8056640625 39.8056640625 39.8056640625 39.8056640625 39.8056640625 39.8056640625 39.8056640625 39.8056640625 39.8056640625 39.8056640625
41.0419921875 41.0419921875 41.0419921875 41.0419921875 41.0419921875 41.0419921875 41.0419921875 41.0419921875
42.046875 42.046875 42.046875 42.046875 42.046875 42.046875 42.046875 42.046875 42.046875 42.046875
43.0341796875 43.0341796875 43.0341796875 43.0341796875 43.0341796875 43.0341796875 43.0341796875 43.0341796875 43.0341796875 43.0341796875
44.2607421875 44.2607421875 44.2607421875 44.2607421875 44.2607421875 44.2607421875 44.2607421875 44.2607421875
45.265625 45.265625 45.265625 45.265625 45.265625 45.265625 45.265625 45.265625 45.265625 45.265625
46.232421875 46.232421875 46.232421875 46.232421875 46.232421875 46.232421875 46.232421875 46.232421875 46.232421875 46.232421875
43.8095703125 43.8095703125 43.8095703125 43.8095703125 43.8095703125 43.8095703125 43.8095703125 43.8095703125
39.4052734375 39.4052734375 39.4052734375 39.4052734375 39.4052734375 39.4052734375 39.4052734375 39.4052734375 39.4052734375 39.4052734375
40.6591796875 40.6591796875 40.6591796875 40.6591796875 40.6591796875 40.6591796875 40.6591796875 40.6591796875 40.6591796875 40.6591796875
41.8857421875 41.8857421875 41.8857421875 41.8857421875 41.8857421875 41.8857421875 41.8857421875 41.8857421875
42.890625 42.890625 42.890625 42.890625 42.890625 42.890625 42.890625 42.890625 42.890625 42.890625
43.8779296875 43.8779296875 43.8779296875 43.8779296875 43.8779296875 43.8779296875 43.8779296875 43.8779296875 43.8779296875 43.8779296875
45.1044921875 45.1044921875 45.1044921875 45.1044921875 45.1044921875 45.1044921875 45.1044921875 45.1044921875
44.013671875 44.013671875 44.013671875 44.013671875 44.013671875 44.013671875 44.013671875 44.013671875 44.013671875 44.013671875
39.580078125 39.580078125 39.580078125 39.580078125 39.580078125 39.580078125 39.580078125 39.580078125 39.580078125 39.580078125
40.767578125 40.767578125 40.767578125 40.767578125 40.767578125 40.767578125 40.767578125 40.767578125
41.76953125 41.76953125 41.76953125 41.76953125 41.76953125 41.76953125 41.76953125 41.76953125 41.76953125 41.76953125
42.7958984375 42.7958984375 42.7958984375 42.7958984375 42.7958984375 42.7958984375 42.7958984375 42.7958984375 42.7958984375 42.7958984375
44.0322265625 44.0322265625 44.0322265625 44.0322265625 44.0322265625 44.0322265625 44.0322265625 44.0322265625
45.037109375 45.037109375 45.037109375 45.037109375 45.037109375 45.037109375 45.037109375 45.037109375 45.037109375 45.037109375
43.224609375 43.224609375 43.224609375 43.224609375 43.224609375 43.224609375 43.224609375 43.224609375 43.224609375 43.224609375
39.64453125 39.64453125 39.64453125 39.64453125 39.64453125 39.64453125 39.64453125 39.64453125
40.6220703125 40.6220703125 40.6220703125 40.6220703125 40.6220703125 40.6220703125 40.6220703125 40.6220703125 40.6220703125 40.6220703125
41.8583984375 41.8583984375 41.8583984375 41.8583984375 41.8583984375 41.8583984375 41.8583984375 41.8583984375 41.8583984375 41.8583984375
43.0849609375 43.0849609375 43.0849609375 43.0849609375 43.0849609375 43.0849609375 43.0849609375 43.0849609375
44.08984375 44.08984375 44.08984375 44.08984375 44.08984375 44.08984375 44.08984375 44.08984375 44.08984375 44.08984375
45.1162109375 45.1162109375 45.1162109375 45.1162109375 45.1162109375 45.1162109375 45.1162109375 45.1162109375 45.1162109375 45.1162109375
38.55859375 38.55859375 38.55859375 38.55859375 38.55859375 38.55859375 38.55859375 38.55859375
39.580078125 39.580078125 39.580078125 39.580078125 39.580078125 39.580078125 39.580078125 39.580078125 39.580078125 39.580078125
40.80078125 40.80078125 40.80078125 40.80078125 40.80078125 40.80078125 40.80078125 40.80078125 40.80078125 40.80078125
41.8271484375 41.8271484375 41.8271484375 41.8271484375 41.8271484375 41.8271484375 41.8271484375 41.8271484375
42.83203125 42.83203125 42.83203125 42.83203125 42.83203125 42.83203125 42.83203125 42.83203125 42.83203125 42.83203125
43.8583984375 43.8583984375 43.8583984375 43.8583984375 43.8583984375 43.8583984375 43.8583984375 43.8583984375 43.8583984375 43.8583984375
45.0947265625 45.0947265625 45.0947265625 45.0947265625 45.0947265625 45.0947265625 45.0947265625 45.0947265625
43.1630859375 43.1630859375 43.1630859375 43.1630859375 43.1630859375 43.1630859375 43.1630859375 43.1630859375 43.1630859375 43.1630859375
39.6484375 39.6484375 39.6484375 39.6484375 39.6484375 39.6484375 39.6484375 39.6484375 39.6484375 39.6484375
40.64453125 40.64453125 40.64453125 40.64453125 40.64453125 40.64453125 40.64453125 40.64453125
41.6220703125 41.6220703125 41.6220703125 41.6220703125 41.6220703125 41.6220703125 41.6220703125 41.6220703125 41.6220703125 41.6220703125
42.8486328125 42.8486328125 42.8486328125 42.8486328125 42.8486328125 42.8486328125 42.8486328125 42.8486328125 42.8486328125 42.8486328125
44.0751953125 44.0751953125 44.0751953125 44.0751953125 44.0751953125 44.0751953125 44.0751953125 44.0751953125
45.080078125 45.080078125 45.080078125 45.080078125 45.080078125 45.080078125 45.080078125 45.080078125 45.080078125 45.080078125
43.404296875 43.404296875 43.404296875 43.404296875 43.404296875 43.404296875 43.404296875 43.404296875 43.404296875 43.404296875
39.64453125 39.64453125 39.64453125 39.64453125 39.64453125 39.64453125 39.64453125 39.64453125
40.6220703125 40.6220703125 40.6220703125 40.6220703125 40.6220703125 40.6220703125 40.6220703125 40.6220703125 40.6220703125 40.6220703125
41.8583984375 41.8583984375 41.8583984375 41.8583984375 41.8583984375 41.8583984375 41.8583984375 41.8583984375 41.8583984375 41.8583984375
43.0849609375 43.0849609375 43.0849609375 43.0849609375 43.0849609375 43.0849609375 43.0849609375 43.0849609375
44.08984375 44.08984375 44.08984375 44.08984375 44.08984375 44.08984375 44.08984375 44.08984375 44.08984375 44.08984375
45.1162109375 45.1162109375 45.1162109375 45.1162109375 45.1162109375 45.1162109375 45.1162109375 45.1162109375 45.1162109375 45.1162109375
38.55859375 38.55859375 38.55859375 38.55859375 38.55859375 38.55859375 38.55859375 38.55859375
39.580078125 39.580078125 39.580078125 39.580078125 39.580078125 39.580078125 39.580078125 39.580078125 39.580078125 39.580078125
40.80078125 40.80078125 40.80078125 40.80078125 40.80078125 40.80078125 40.80078125 40.80078125 40.80078125 40.80078125
41.8271484375 41.8271484375 41.8271484375 41.8271484375 41.8271484375 41.8271484375 41.8271484375 41.8271484375
42.83203125 42.83203125 42.83203125 42.83203125 42.83203125 42.83203125 42.83203125 42.83203125 42.83203125 42.83203125
43.8583984375 43.8583984375 43.8583984375 43.8583984375 43.8583984375 43.8583984375 43.8583984375 43.8583984375 43.8583984375 43.8583984375
45.0947265625 45.0947265625 45.0947265625 45.0947265625 45.0947265625 45.0947265625 45.0947265625 45.0947265625
43.1630859375 43.1630859375 43.1630859375 43.1630859375 43.1630859375 43.1630859375 43.1630859375 43.1630859375 43.1630859375 43.1630859375
39.6484375 39.6484375 39.6484375 39.6484375 39.6484375 39.6484375 39.6484375 39.6484375 39.6484375 39.6484375
40.64453125 40.64453125 40.64453125 40.64453125 40.64453125 40.64453125 40.64453125 40.64453125
41.6220703125 41.6220703125 41.6220703125 41.6220703125 41.6220703125 41.6220703125 41.6220703125 41.6220703125 41.6220703125 41.6220703125
42.8486328125 42.8486328125 42.8486328125 42.8486328125 42.8486328125 42.8486328125 42.8486328125 42.8486328125 42.8486328125 42.8486328125
44.0751953125 44.0751953125 44.0751953125 44.0751953125 44.0751953125 44.0751953125 44.0751953125 44.0751953125
45.080078125 45.080078125 45.080078125 45.080078125 45.080078125 45.080078125 45.080078125 45.080078125 45.080078125 45.080078125
43.404296875 43.404296875 43.404296875 43.404296875 43.404296875 43.404296875 43.404296875 43.404296875 43.404296875 43.404296875
39.64453125 39.64453125 39.64453125 39.64453125 39.64453125 39.64453125 39.64453125 39.64453125
40.6220703125 40.6220703125 40.6220703125 40.6220703125 40.6220703125 40.6220703125 40.6220703125 40.6220703125 40.6220703125 40.6220703125
41.8583984375 41.8583984375 41.8583984375 41.8583984375 41.8583984375 41.8583984375 41.8583984375 41.8583984375 41.8583984375 41.8583984375
43.0849609375 43.0849609375 43.0849609375 43.0849609375 43.0849609375 43.0849609375 43.0849609375 43.0849609375
44.08984375 44.08984375 44.08984375 44.08984375 44.08984375 44.08984375 44.08984375 44.08984375 44.08984375 44.08984375
45.1162109375 45.1162109375 45.1162109375 45.1162109375 45.1162109375 45.1162109375 45.1162109375 45.1162109375 45.1162109375 45.1162109375
38.55859375 38.55859375 38.55859375 38.55859375 38.55859375 38.55859375 38.55859375 38.55859375
39.580078125 39.580078125 39.580078125 39.580078125 39.580078125 39.580078125 39.580078125 39.580078125 39.580078125 39.580078125
40.80078125 40.80078125 40.80078125 40.80078125 40.80078125 40.80078125 40.80078125 40.80078125 40.80078125 40.80078125
41.8271484375 41.8271484375 41.8271484375 41.8271484375 41.8271484375 41.8271484375 41.8271484375 41.8271484375
42.83203125 42.83203125 42.83203125 42.83203125 42.83203125 42.83203125 42.83203125 42.83203125 42.83203125 42.83203125
43.8583984375 43.8583984375 43.8583984375 43.8583984375 43.8583984375 43.8583984375 43.8583984375 43.8583984375 43.8583984375 43.8583984375
45.0947265625 45.0947265625 45.0947265625 45.0947265625 45.0947265625 45.0947265625 45.0947265625 45.0947265625
43.1630859375 43.1630859375 43.1630859375 43.1630859375 43.1630859375 43.1630859375 43.1630859375 43.1630859375 43.1630859375 43.1630859375
39.6484375 39.6484375 39.6484375 39.6484375 39.6484375 39.6484375 39.6484375 39.6484375 39.6484375 39.6484375
40.64453125 40.64453125 40.64453125 40.64453125 40.64453125 40.64453125 40.64453125 40.64453125
41.6220703125 41.6220703125 41.6220703125 41.6220703125 41.6220703125 41.6220703125 41.6220703125 41.6220703125 41.6220703125 41.6220703125
42.8486328125 42.8486328125 42.8486328125 42.8486328125 42.8486328125 42.8486328125 42.8486328125 42.8486328125 42.8486328125 42.8486328125
44.0751953125 44.0751953125 44.0751953125 44.0751953125 44.0751953125 44.0751953125 44.0751953125 44.0751953125
45.080078125 45.080078125 45.080078125 45.080078125 45.080078125 45.080078125 45.080078125 45.080078125 45.080078125 45.080078125
43.404296875 43.404296875 43.404296875 43.404296875 43.404296875 43.404296875 43.404296875 43.404296875 43.404296875 43.404296875
39.64453125 39.64453125 39.64453125 39.64453125 39.64453125 39.64453125 39.64453125 39.64453125
40.6220703125 40.6220703125 40.6220703125 40.6220703125 40.6220703125 40.6220703125 40.6220703125 40.6220703125 40.6220703125 40.6220703125
41.8583984375 41.8583984375 41.8583984375 41.8583984375 41.8583984375 41.8583984375 41.8583984375 41.8583984375 41.8583984375 41.8583984375
43.0849609375 43.0849609375 43.0849609375 43.0849609375 43.0849609375 43.0849609375 43.0849609375 43.0849609375
44.08984375 44.08984375 44.08984375 44.08984375 44.08984375 44.08984375 44.08984375 44.08984375 44.08984375 44.08984375
45.1162109375 45.1162109375 45.1162109375 45.1162109375 45.1162109375 45.1162109375 45.1162109375 45.1162109375 45.1162109375 45.1162109375
38.55859375 38.55859375 38.55859375 38.55859375 38.55859375 38.55859375 38.55859375 38.55859375
39.580078125 39.580078125 39.580078125 39.580078125 39.580078125 39.580078125 39.580078125 39.580078125 39.580078125 39.580078125
40.80078125 40.80078125 40.80078125 40.80078125 40.80078125 40.80078125 40.80078125 40.80078125 40.80078125 40.80078125
41.8271484375 41.8271484375 41.8271484375 41.8271484375 41.8271484375 41.8271484375 41.8271484375 41.8271484375
42.83203125 42.83203125 42.83203125 42.83203125 42.83203125 42.83203125 42.83203125 42.83203125 42.83203125 42.83203125
43.8583984375 43.8583984375 43.8583984375 43.8583984375 43.8583984375 43.8583984375 43.8583984375 43.8583984375 43.8583984375 43.8583984375
45.0947265625 45.0947265625 45.0947265625 45.0947265625 45.0947265625 45.0947265625 45.0947265625 45.0947265625
43.1630859375 43.1630859375 43.1630859375 43.1630859375 43.1630859375 43.1630859375 43.1630859375 43.1630859375 43.1630859375 43.1630859375
39.6484375 39.6484375 39.6484375 39.6484375 39.6484375 39.6484375 39.6484375 39.6484375 39.6484375 39.6484375
40.64453125 40.64453125 40.64453125 40.64453125 40.64453125 40.64453125 40.64453125 40.64453125
41.6220703125 41.6220703125 41.6220703125 41.6220703125 41.6220703125 41.6220703125 41.6220703125 41.6220703125 41.6220703125 41.6220703125
42.8486328125 42.8486328125 42.8486328125 42.8486328125 42.8486328125 42.8486328125 42.8486328125 42.8486328125 42.8486328125 42.8486328125
44.0751953125 44.0751953125 44.0751953125 44.0751953125 44.0751953125 44.0751953125 44.0751953125 44.0751953125
45.080078125 45.080078125 45.080078125 45.080078125 45.080078125 45.080078125 45.080078125 45.080078125 45.080078125 45.080078125
43.404296875 43.404296875 43.404296875 43.404296875 43.404296875 43.404296875 43.404296875 43.404296875 43.404296875 43.404296875
39.64453125 39.64453125 39.64453125 39.64453125 39.64453125 39.64453125 39.64453125 39.64453125
40.6220703125 40.6220703125 40.6220703125 40.6220703125 40.6220703125 40.6220703125 40.6220703125 40.6220703125 40.6220703125 40.6220703125
41.8583984375 41.8583984375 41.8583984375 41.8583984375 41.8583984375 41.8583984375 41.8583984375 41.8583984375 41.8583984375 41.8583984375
43.0849609375 43.0849609375 43.0849609375 43.0849609375 43.0849609375 43.0849609375 43.0849609375 43.0849609375
44.08984375 44.08984375 44.08984375 44.08984375 44.08984375 44.08984375 44.08984375 44.08984375 44.08984375 44.08984375
45.1162109375 45.1162109375 45.1162109375 45.1162109375 45.1162109375 45.1162109375 45.1162109375 45.1162109375 45.1162109375 45.1162109375
38.55859375 38.55859375 38.55859375 38.55859375 38.55859375 38.55859375 38.55859375 38.55859375
39.580078125 39.580078125 39.580078125 39.580078125 39.580078125 39.580078125 39.580078125 39.580078125 39.580078125 39.580078125
40.80078125 40.80078125 40.80078125 40.80078125 40.80078125 40.80078125 40.80078125 40.80078125 40.80078125 40.80078125
41.8271484375 41.8271484375 41.8271484375 41.8271484375 41.8271484375 41.8271484375 41.8271484375 41.8271484375
42.83203125 42.83203125 42.83203125 42.83203125 42.83203125 42.83203125 42.83203125 42.83203125 42.83203125 42.83203125
43.8583984375 43.8583984375 43.8583984375 43.8583984375 43.8583984375 43.8583984375 43.8583984375 43.8583984375 43.8583984375 43.8583984375
45.0947265625 45.0947265625 45.0947265625 45.0947265625 45.0947265625 45.0947265625 45.0947265625 45.0947265625
