37.84765625 37.97265625 37.97265625 37.99609375 37.99609375 37.99609375 38.02734375 38.02734375 38.02734375
39.7744140625 39.7744140625 39.7744140625 39.7744140625 39.7744140625 39.7744140625 39.7744140625 39.7744140625
40.783203125 40.783203125 40.783203125 40.783203125 40.783203125 40.783203125 40.783203125 40.783203125
41.78515625 41.78515625 41.78515625 41.78515625 41.78515625 41.78515625 41.78515625 41.78515625
42.28125 42.7421875 42.7421875 42.7421875 42.7421875 42.7421875 42.7421875 42.7421875 42.7421875
43.7255859375 43.7255859375 43.7255859375 43.7255859375 43.7255859375 43.7255859375 43.7255859375 43.7255859375
44.2392578125 44.73046875 44.73046875 44.73046875 44.73046875 44.73046875 44.73046875 44.73046875 44.73046875
45.26953125 45.7568359375 45.7568359375 45.7568359375 45.7568359375 45.7568359375 45.7568359375 45.7568359375 45.7568359375
46.8359375 46.8359375 46.8359375 46.8359375 46.8359375 46.8359375 46.8359375 46.8359375 46.8359375
47.80078125 47.80078125 47.80078125 47.80078125 47.80078125 47.80078125 47.80078125 47.80078125 47.80078125
48.2734375 46.93359375 46.93359375 46.93359375 46.93359375 46.93359375 46.93359375 46.93359375
46.173828125 46.173828125 46.173828125 46.173828125 46.173828125 46.173828125 46.173828125 46.173828125 46.173828125
41.4794921875 41.4794921875 41.4794921875 41.4794921875 41.4794921875 41.4794921875 41.4794921875 41.4794921875 41.4794921875
42.447265625 42.447265625 42.447265625 42.447265625 42.447265625 42.447265625 42.447265625 42.447265625
43.4873046875 43.4873046875 43.4873046875 43.4873046875 43.4873046875 43.4873046875 43.4873046875 43.4873046875 43.4873046875
44.5546875 44.5546875 44.5546875 44.5546875 44.5546875 44.5546875 44.5546875 44.5546875 44.5546875
45.51953125 45.51953125 45.51953125 45.51953125 45.51953125 45.51953125 45.51953125 45.51953125
46.4765625 46.4765625 46.4765625 46.4765625 46.4765625 46.4765625 46.4765625 46.4765625 46.4765625
47.44140625 47.44140625 47.44140625 47.44140625 47.44140625 47.44140625 47.44140625 47.44140625 47.44140625
48.4326171875 48.4326171875 48.4326171875 48.4326171875 48.4326171875 48.4326171875 48.4326171875 48.4326171875
49.4375 49.4375 49.4375 49.4375 49.4375 49.4375 49.4375 49.4375 49.4375
49.8115234375 49.8115234375 49.8115234375 49.8115234375 49.8115234375 49.8115234375 49.8115234375 49.8115234375 49.8115234375
50.857421875 50.857421875 50.857421875 50.857421875 50.857421875 50.857421875 50.857421875 50.857421875
51.5107421875 51.5107421875 51.5107421875 51.5107421875 51.5107421875 51.5107421875 51.5107421875 51.5107421875 51.5107421875
52.556640625 52.556640625 52.556640625 52.556640625 52.556640625 52.556640625 52.556640625 52.556640625 52.556640625
53.5751953125 53.5751953125 53.5751953125 53.5751953125 53.5751953125 53.5751953125 53.5751953125 53.5751953125
54.580078125 54.580078125 54.580078125 54.580078125 54.580078125 54.580078125 54.580078125 54.580078125 54.580078125
49.748046875 49.748046875 49.748046875 49.748046875 49.748046875 49.748046875 49.748046875 49.748046875 49.748046875
39.9560546875 39.9560546875 39.9560546875 39.9560546875 39.9560546875 39.9560546875 39.9560546875 39.9560546875
40.947265625 40.947265625 40.947265625 40.947265625 40.947265625 40.947265625 40.947265625 40.947265625 40.947265625
41.970703125 41.970703125 41.970703125 41.970703125 41.970703125 41.970703125 41.970703125 41.970703125 41.970703125
42.9892578125 42.9892578125 42.9892578125 42.9892578125 42.9892578125 42.9892578125 42.9892578125 42.9892578125
43.994140625 43.994140625 43.994140625 43.994140625 43.994140625 43.994140625 43.994140625 43.994140625 43.994140625
45.0126953125 45.0126953125 45.0126953125 45.0126953125 45.0126953125 45.0126953125 45.0126953125 45.0126953125 45.0126953125
46.0673828125 46.0673828125 46.0673828125 46.0673828125 46.0673828125 46.0673828125 46.0673828125 46.0673828125
47.072265625 47.072265625 47.072265625 47.072265625 47.072265625 47.072265625 47.072265625 47.072265625 47.072265625
48.0908203125 48.0908203125 48.0908203125 48.0908203125 48.0908203125 48.0908203125 48.0908203125 48.0908203125 48.0908203125
49.13671875 49.13671875 49.13671875 49.13671875 49.13671875 49.13671875 49.13671875 49.13671875
50.1142578125 50.1142578125 50.1142578125 50.1142578125 50.1142578125 50.1142578125 50.1142578125 50.1142578125 50.1142578125
51.16015625 51.16015625 51.16015625 51.16015625 51.16015625 51.16015625 51.16015625 51.16015625 51.16015625
52.1513671875 52.1513671875 52.1513671875 52.1513671875 52.1513671875 52.1513671875 52.1513671875 52.1513671875
53.15625 53.15625 53.15625 53.15625 53.15625 53.15625 53.15625 53.15625 53.15625
53.947265625 53.947265625 53.947265625 53.947265625 53.947265625 53.947265625 53.947265625 53.947265625 53.947265625
54.9658203125 54.9658203125 54.9658203125 54.9658203125 54.9658203125 54.9658203125 54.9658203125 54.9658203125
52.486328125 52.486328125 52.486328125 52.486328125 52.486328125 52.486328125 52.486328125 52.486328125 52.486328125
50.826171875 50.826171875 50.826171875 50.826171875 50.826171875 50.826171875 50.826171875 50.826171875 50.826171875
40.705078125 40.705078125 40.705078125 40.705078125 40.705078125 40.705078125 40.705078125 40.705078125
41.685546875 41.685546875 41.685546875 41.685546875 41.685546875 41.685546875 41.685546875 41.685546875 41.685546875
42.716796875 42.716796875 42.716796875 42.716796875 42.716796875 42.716796875 42.716796875 42.716796875 42.716796875
43.7353515625 43.7353515625 43.7353515625 43.7353515625 43.7353515625 43.7353515625 43.7353515625 43.7353515625
44.740234375 44.740234375 44.740234375 44.740234375 44.740234375 44.740234375 44.740234375 44.740234375 44.740234375
45.7587890625 45.7587890625 45.7587890625 45.7587890625 45.7587890625 45.7587890625 45.7587890625 45.7587890625 45.7587890625
46.8134765625 46.8134765625 46.8134765625 46.8134765625 46.8134765625 46.8134765625 46.8134765625 46.8134765625
47.818359375 47.818359375 47.818359375 47.818359375 47.818359375 47.818359375 47.818359375 47.818359375 47.818359375
48.8369140625 48.8369140625 48.8369140625 48.8369140625 48.8369140625 48.8369140625 48.8369140625 48.8369140625 48.8369140625
49.8828125 49.8828125 49.8828125 49.8828125 49.8828125 49.8828125 49.8828125 49.8828125
50.689453125 50.689453125 50.689453125 50.689453125 50.689453125 50.689453125 50.689453125 50.689453125 50.689453125
51.7080078125 51.7080078125 51.7080078125 51.7080078125 51.7080078125 51.7080078125 51.7080078125 51.7080078125 51.7080078125
52.75390625 52.75390625 52.75390625 52.75390625 52.75390625 52.75390625 52.75390625 52.75390625
53.7109375 53.7109375 53.7109375 53.7109375 53.7109375 53.7109375 53.7109375 53.7109375 53.7109375
54.67578125 54.67578125 54.67578125 54.67578125 54.67578125 54.67578125 54.67578125 54.67578125 54.67578125
52.3466796875 52.3466796875 52.3466796875 52.3466796875 52.3466796875 52.3466796875 52.3466796875 52.3466796875
50.1181640625 50.1181640625 50.1181640625 50.1181640625 50.1181640625 50.1181640625 50.1181640625 50.1181640625 50.1181640625
40.8701171875 40.8701171875 40.8701171875 40.8701171875 40.8701171875 40.8701171875 40.8701171875 40.8701171875 40.8701171875
41.8359375 41.8359375 41.8359375 41.8359375 41.8359375 41.8359375 41.8359375 41.8359375
42.642578125 42.642578125 42.642578125 42.642578125 42.642578125 42.642578125 42.642578125 42.642578125 42.642578125
43.732421875 43.732421875 43.732421875 43.732421875 43.732421875 43.732421875 43.732421875 43.732421875 43.732421875
44.7509765625 44.7509765625 44.7509765625 44.7509765625 44.7509765625 44.7509765625 44.7509765625 44.7509765625
45.755859375 45.755859375 45.755859375 45.755859375 45.755859375 45.755859375 45.755859375 45.755859375 45.755859375
46.7744140625 46.7744140625 46.7744140625 46.7744140625 46.7744140625 46.7744140625 46.7744140625 46.7744140625 46.7744140625
47.8291015625 47.8291015625 47.8291015625 47.8291015625 47.8291015625 47.8291015625 47.8291015625 47.8291015625
48.833984375 48.833984375 48.833984375 48.833984375 48.833984375 48.833984375 48.833984375 48.833984375 48.833984375
49.8525390625 49.8525390625 49.8525390625 49.8525390625 49.8525390625 49.8525390625 49.8525390625 49.8525390625 49.8525390625
50.8984375 50.8984375 50.8984375 50.8984375 50.8984375 50.8984375 50.8984375 50.8984375
51.705078125 51.705078125 51.705078125 51.705078125 51.705078125 51.705078125 51.705078125 51.705078125 51.705078125
52.7236328125 52.7236328125 52.7236328125 52.7236328125 52.7236328125 52.7236328125 52.7236328125 52.7236328125 52.7236328125
53.76953125 53.76953125 53.76953125 53.76953125 53.76953125 53.76953125 53.76953125 53.76953125
54.7470703125 54.7470703125 54.7470703125 54.7470703125 54.7470703125 54.7470703125 54.7470703125 54.7470703125 54.7470703125
55.79296875 55.79296875 55.79296875 55.79296875 55.79296875 55.79296875 55.79296875 55.79296875 55.79296875
55.5498046875 55.5498046875 55.5498046875 55.5498046875 55.5498046875 55.5498046875 55.5498046875 55.5498046875
52.0400390625 52.0400390625 52.0400390625 52.0400390625 52.0400390625 52.0400390625 52.0400390625 52.0400390625 52.0400390625
40.7080078125 40.7080078125 40.7080078125 40.7080078125 40.7080078125 40.7080078125 40.7080078125 40.7080078125 40.7080078125
41.75390625 41.75390625 41.75390625 41.75390625 41.75390625 41.75390625 41.75390625 41.75390625
42.7314453125 42.7314453125 42.7314453125 42.7314453125 42.7314453125 42.7314453125 42.7314453125 42.7314453125 42.7314453125
43.77734375 43.77734375 43.77734375 43.77734375 43.77734375 43.77734375 43.77734375 43.77734375 43.77734375
44.7685546875 44.7685546875 44.7685546875 44.7685546875 44.7685546875 44.7685546875 44.7685546875 44.7685546875
45.7734375 45.7734375 45.7734375 45.7734375 45.7734375 45.7734375 45.7734375 45.7734375 45.7734375
46.73828125 46.73828125 46.73828125 46.73828125 46.73828125 46.73828125 46.73828125 46.73828125 46.73828125
47.7294921875 47.7294921875 47.7294921875 47.7294921875 47.7294921875 47.7294921875 47.7294921875 47.7294921875
48.734375 48.734375 48.734375 48.734375 48.734375 48.734375 48.734375 48.734375 48.734375
49.5439453125 49.5439453125 49.5439453125 49.5439453125 49.5439453125 49.5439453125 49.5439453125 49.5439453125 49.5439453125
50.58984375 50.58984375 50.58984375 50.58984375 50.58984375 50.58984375 50.58984375 50.58984375
51.546875 51.546875 51.546875 51.546875 51.546875 51.546875 51.546875 51.546875 51.546875
52.3564453125 52.3564453125 52.3564453125 52.3564453125 52.3564453125 52.3564453125 52.3564453125 52.3564453125 52.3564453125
53.40234375 53.40234375 53.40234375 53.40234375 53.40234375 53.40234375 53.40234375 53.40234375
54.359375 54.359375 54.359375 54.359375 54.359375 54.359375 54.359375 54.359375 54.359375
54.2099609375 54.2099609375 54.2099609375 54.2099609375 54.2099609375 54.2099609375 54.2099609375 54.2099609375 54.2099609375
51.8466796875 51.8466796875 51.8466796875 51.8466796875 51.8466796875 51.8466796875 51.8466796875 51.8466796875
51.0859375 51.0859375 51.0859375 51.0859375 51.0859375 51.0859375 51.0859375 51.0859375 51.0859375
41.9892578125 41.9892578125 41.9892578125 41.9892578125 41.9892578125 41.9892578125 41.9892578125 41.9892578125 41.9892578125
43.03515625 43.03515625 43.03515625 43.03515625 43.03515625 43.03515625 43.03515625 43.03515625
43.9921875 43.9921875 43.9921875 43.9921875 43.9921875 43.9921875 43.9921875 43.9921875 43.9921875
44.95703125 44.95703125 44.95703125 44.95703125 44.95703125 44.95703125 44.95703125 44.95703125 44.95703125
45.9482421875 45.9482421875 45.9482421875 45.9482421875 45.9482421875 45.9482421875 45.9482421875 45.9482421875
46.953125 46.953125 46.953125 46.953125 46.953125 46.953125 46.953125 46.953125 46.953125
47.7626953125 47.7626953125 47.7626953125 47.7626953125 47.7626953125 47.7626953125 47.7626953125 47.7626953125 47.7626953125
48.80859375 48.80859375 48.80859375 48.80859375 48.80859375 48.80859375 48.80859375 48.80859375
49.765625 49.765625 49.765625 49.765625 49.765625 49.765625 49.765625 49.765625 49.765625
50.5751953125 50.5751953125 50.5751953125 50.5751953125 50.5751953125 50.5751953125 50.5751953125 50.5751953125 50.5751953125
51.62109375 51.62109375 51.62109375 51.62109375 51.62109375 51.62109375 51.62109375 51.62109375
52.578125 52.578125 52.578125 52.578125 52.578125 52.578125 52.578125 52.578125 52.578125
53.3876953125 53.3876953125 53.3876953125 53.3876953125 53.3876953125 53.3876953125 53.3876953125 53.3876953125 53.3876953125
54.43359375 54.43359375 54.43359375 54.43359375 54.43359375 54.43359375 54.43359375 54.43359375
55.390625 55.390625 55.390625 55.390625 55.390625 55.390625 55.390625 55.390625 55.390625
53.1787109375 53.1787109375 53.1787109375 53.1787109375 53.1787109375 53.1787109375 53.1787109375 53.1787109375 53.1787109375
51.6640625 51.6640625 51.6640625 51.6640625 51.6640625 51.6640625 51.6640625 51.6640625
40.69140625 40.69140625 40.69140625 40.69140625 40.69140625 40.69140625 40.69140625 40.69140625 40.69140625
41.6826171875 41.6826171875 41.6826171875 41.6826171875 41.6826171875 41.6826171875 41.6826171875 41.6826171875 41.6826171875
42.728515625 42.728515625 42.728515625 42.728515625 42.728515625 42.728515625 42.728515625 42.728515625
43.73046875 43.73046875 43.73046875 43.73046875 43.73046875 43.73046875 43.73046875 43.73046875 43.73046875
44.7216796875 44.7216796875 44.7216796875 44.7216796875 44.7216796875 44.7216796875 44.7216796875 44.7216796875 44.7216796875
45.767578125 45.767578125 45.767578125 45.767578125 45.767578125 45.767578125 45.767578125 45.767578125
46.7490234375 46.7490234375 46.7490234375 46.7490234375 46.7490234375 46.7490234375 46.7490234375 46.7490234375 46.7490234375
47.794921875 47.794921875 47.794921875 47.794921875 47.794921875 47.794921875 47.794921875 47.794921875 47.794921875
48.8134765625 48.8134765625 48.8134765625 48.8134765625 48.8134765625 48.8134765625 48.8134765625 48.8134765625
49.818359375 49.818359375 49.818359375 49.818359375 49.818359375 49.818359375 49.818359375 49.818359375 49.818359375
50.8369140625 50.8369140625 50.8369140625 50.8369140625 50.8369140625 50.8369140625 50.8369140625 50.8369140625 50.8369140625
51.8828125 51.8828125 51.8828125 51.8828125 51.8828125 51.8828125 51.8828125 51.8828125
52.689453125 52.689453125 52.689453125 52.689453125 52.689453125 52.689453125 52.689453125 52.689453125 52.689453125
53.7080078125 53.7080078125 53.7080078125 53.7080078125 53.7080078125 53.7080078125 53.7080078125 53.7080078125 53.7080078125
54.75390625 54.75390625 54.75390625 54.75390625 54.75390625 54.75390625 54.75390625 54.75390625
52.4384765625 52.4384765625 52.4384765625 52.4384765625 52.4384765625 52.4384765625 52.4384765625 52.4384765625 52.4384765625
51.0673828125 51.0673828125 51.0673828125 51.0673828125 51.0673828125 51.0673828125 51.0673828125 51.0673828125 51.0673828125
40.875 40.875 40.875 40.875 40.875 40.875 40.875 40.875
41.53515625 41.53515625 41.53515625 41.53515625 41.53515625 41.53515625 41.53515625 41.53515625 41.53515625
42.5888671875 42.5888671875 42.5888671875 42.5888671875 42.5888671875 42.5888671875 42.5888671875 42.5888671875 42.5888671875
43.65234375 43.65234375 43.65234375 43.65234375 43.65234375 43.65234375 43.65234375 43.65234375
44.609375 44.609375 44.609375 44.609375 44.609375 44.609375 44.609375 44.609375 44.609375
45.4189453125 45.4189453125 45.4189453125 45.4189453125 45.4189453125 45.4189453125 45.4189453125 45.4189453125 45.4189453125
46.46484375 46.46484375 46.46484375 46.46484375 46.46484375 46.46484375 46.46484375 46.46484375
47.421875 47.421875 47.421875 47.421875 47.421875 47.421875 47.421875 47.421875 47.421875
48.2314453125 48.2314453125 48.2314453125 48.2314453125 48.2314453125 48.2314453125 48.2314453125 48.2314453125 48.2314453125
49.27734375 49.27734375 49.27734375 49.27734375 49.27734375 49.27734375 49.27734375 49.27734375
50.234375 50.234375 50.234375 50.234375 50.234375 50.234375 50.234375 50.234375 50.234375
51.0439453125 51.0439453125 51.0439453125 51.0439453125 51.0439453125 51.0439453125 51.0439453125 51.0439453125 51.0439453125
52.08984375 52.08984375 52.08984375 52.08984375 52.08984375 52.08984375 52.08984375 52.08984375
53.046875 53.046875 53.046875 53.046875 53.046875 53.046875 53.046875 53.046875 53.046875
53.8564453125 53.8564453125 53.8564453125 53.8564453125 53.8564453125 53.8564453125 53.8564453125 53.8564453125 53.8564453125
54.90234375 54.90234375 54.90234375 54.90234375 54.90234375 54.90234375 54.90234375 54.90234375
52.3974609375 52.3974609375 52.3974609375 52.3974609375 52.3974609375 52.3974609375 52.3974609375 52.3974609375 52.3974609375
50.8466796875 50.8466796875 50.8466796875 50.8466796875 50.8466796875 50.8466796875 50.8466796875 50.8466796875 50.8466796875
41.2099609375 41.2099609375 41.2099609375 41.2099609375 41.2099609375 41.2099609375 41.2099609375 41.2099609375
42.201171875 42.201171875 42.201171875 42.201171875 42.201171875 42.201171875 42.201171875 42.201171875 42.201171875
43.224609375 43.224609375 43.224609375 43.224609375 43.224609375 43.224609375 43.224609375 43.224609375 43.224609375
44.2431640625 44.2431640625 44.2431640625 44.2431640625 44.2431640625 44.2431640625 44.2431640625 44.2431640625
45.248046875 45.248046875 45.248046875 45.248046875 45.248046875 45.248046875 45.248046875 45.248046875 45.248046875
46.2666015625 46.2666015625 46.2666015625 46.2666015625 46.2666015625 46.2666015625 46.2666015625 46.2666015625 46.2666015625
47.3212890625 47.3212890625 47.3212890625 47.3212890625 47.3212890625 47.3212890625 47.3212890625 47.3212890625
48.326171875 48.326171875 48.326171875 48.326171875 48.326171875 48.326171875 48.326171875 48.326171875 48.326171875
49.3447265625 49.3447265625 49.3447265625 49.3447265625 49.3447265625 49.3447265625 49.3447265625 49.3447265625 49.3447265625
50.390625 50.390625 50.390625 50.390625 50.390625 50.390625 50.390625 50.390625
51.1806640625 51.1806640625 51.1806640625 51.1806640625 51.1806640625 51.1806640625 51.1806640625 51.1806640625 51.1806640625
52.2265625 52.2265625 52.2265625 52.2265625 52.2265625 52.2265625 52.2265625 52.2265625 52.2265625
53.19140625 53.19140625 53.19140625 53.19140625 53.19140625 53.19140625 53.19140625 53.19140625
54.1484375 54.1484375 54.1484375 54.1484375 54.1484375 54.1484375 54.1484375 54.1484375 54.1484375
54.646484375 55.11328125 55.11328125 55.11328125 55.11328125 55.11328125 55.11328125 55.11328125 55.11328125 55.11328125
52.2978515625 52.2978515625 52.2978515625 52.2978515625 52.2978515625 52.2978515625 52.2978515625 52.2978515625
50.6875 50.6875 50.6875 50.6875 50.6875 50.6875 50.6875 50.6875 50.6875
51.15625 40.7255859375 40.7255859375 40.7255859375 40.7255859375 40.7255859375 40.7255859375 40.7255859375 40.7255859375 40.7255859375
41.9658203125 41.9658203125 41.9658203125 41.9658203125 41.9658203125 41.9658203125 41.9658203125 41.9658203125
42.970703125 42.970703125 42.970703125 42.970703125 42.970703125 42.970703125 42.970703125 42.970703125 42.970703125 42.970703125
44.158203125 44.158203125 44.158203125 44.158203125 44.158203125 44.158203125 44.158203125 44.158203125 44.158203125
45.1767578125 45.1767578125 45.1767578125 45.1767578125 45.1767578125 45.1767578125 45.1767578125 45.1767578125
46.181640625 46.181640625 46.181640625 46.181640625 46.181640625 46.181640625 46.181640625 46.181640625 46.181640625 46.181640625
47.369140625 47.369140625 47.369140625 47.369140625 47.369140625 47.369140625 47.369140625 47.369140625 47.369140625
48.3876953125 48.3876953125 48.3876953125 48.3876953125 48.3876953125 48.3876953125 48.3876953125 48.3876953125
49.392578125 49.392578125 49.392578125 49.392578125 49.392578125 49.392578125 49.392578125 49.392578125 49.392578125 49.392578125
50.580078125 50.580078125 50.580078125 50.580078125 50.580078125 50.580078125 50.580078125 50.580078125 50.580078125
51.09765625 51.5986328125 51.5986328125 51.5986328125 51.5986328125 51.5986328125 51.5986328125 51.5986328125 51.5986328125
52.666015625 52.666015625 52.666015625 52.666015625 52.666015625 52.666015625 52.666015625 52.666015625 52.666015625 52.666015625
53.853515625 53.853515625 53.853515625 53.853515625 53.853515625 53.853515625 53.853515625 53.853515625 53.853515625 53.853515625
55.041015625 55.041015625 55.041015625 55.041015625 55.041015625 55.041015625 55.041015625 55.041015625
56.04296875 56.04296875 56.04296875 56.04296875 56.04296875 56.04296875 56.04296875 56.04296875 56.04296875 56.04296875
53.75390625 53.75390625 53.75390625 53.75390625 53.75390625 53.75390625 53.75390625 53.75390625 53.75390625 53.75390625
51.595703125 51.595703125 51.595703125 51.595703125 51.595703125 51.595703125 51.595703125 51.595703125
40.830078125 40.830078125 40.830078125 40.830078125 40.830078125 40.830078125 40.830078125 40.830078125 40.830078125 40.830078125
42.0126953125 42.0126953125 42.0126953125 42.0126953125 42.0126953125 42.0126953125 42.0126953125 42.0126953125 42.0126953125 42.0126953125
43.2490234375 43.2490234375 43.2490234375 43.2490234375 43.2490234375 43.2490234375 43.2490234375 43.2490234375
44.25390625 44.25390625 44.25390625 44.25390625 44.25390625 44.25390625 44.25390625 44.25390625 44.25390625 44.25390625
45.2802734375 45.2802734375 45.2802734375 45.2802734375 45.2802734375 45.2802734375 45.2802734375 45.2802734375 45.2802734375 45.2802734375
46.5068359375 46.5068359375 46.5068359375 46.5068359375 46.5068359375 46.5068359375 46.5068359375 46.5068359375
47.51171875 47.51171875 47.51171875 47.51171875 47.51171875 47.51171875 47.51171875 47.51171875 47.51171875 47.51171875
48.5380859375 48.5380859375 48.5380859375 48.5380859375 48.5380859375 48.5380859375 48.5380859375 48.5380859375 48.5380859375 48.5380859375
49.7646484375 49.7646484375 49.7646484375 49.7646484375 49.7646484375 49.7646484375 49.7646484375 49.7646484375 49.7646484375
50.810546875 50.810546875 50.810546875 50.810546875 50.810546875 50.810546875 50.810546875 50.810546875 50.810546875 50.810546875
51.998046875 51.998046875 51.998046875 51.998046875 51.998046875 51.998046875 51.998046875 51.998046875 51.998046875 51.998046875
53.185546875 53.185546875 53.185546875 53.185546875 53.185546875 53.185546875 53.185546875 53.185546875
54.1669921875 54.1669921875 54.1669921875 54.1669921875 54.1669921875 54.1669921875 54.1669921875 54.1669921875 54.1669921875 54.1669921875
51.642578125 51.642578125 51.642578125 51.642578125 51.642578125 51.642578125 51.642578125 51.642578125 51.642578125 51.642578125
49.9912109375 49.9912109375 49.9912109375 49.9912109375 49.9912109375 49.9912109375 49.9912109375 49.9912109375
41.666015625 41.666015625 41.666015625 41.666015625 41.666015625 41.666015625 41.666015625 41.666015625 41.666015625 41.666015625
42.84375 42.84375 42.84375 42.84375 42.84375 42.84375 42.84375 42.84375 42.84375 42.84375
43.65234375 43.65234375 43.65234375 43.65234375 43.65234375 43.65234375 43.65234375 43.65234375
44.6298828125 44.6298828125 44.6298828125 44.6298828125 44.6298828125 44.6298828125 44.6298828125 44.6298828125 44.6298828125 44.6298828125
45.8662109375 45.8662109375 45.8662109375 45.8662109375 45.8662109375 45.8662109375 45.8662109375 45.8662109375 45.8662109375 45.8662109375
47.0927734375 47.0927734375 47.0927734375 47.0927734375 47.0927734375 47.0927734375 47.0927734375 47.0927734375
48.09765625 48.09765625 48.09765625 48.09765625 48.09765625 48.09765625 48.09765625 48.09765625 48.09765625 48.09765625
49.1240234375 49.1240234375 49.1240234375 49.1240234375 49.1240234375 49.1240234375 49.1240234375 49.1240234375 49.1240234375 49.1240234375
50.3505859375 50.3505859375 50.3505859375 50.3505859375 50.3505859375 50.3505859375 50.3505859375 50.3505859375
51.35546875 51.35546875 51.35546875 51.35546875 51.35546875 51.35546875 51.35546875 51.35546875 51.35546875 51.35546875
52.3818359375 52.3818359375 52.3818359375 52.3818359375 52.3818359375 52.3818359375 52.3818359375 52.3818359375 52.3818359375 52.3818359375
53.6083984375 53.6083984375 53.6083984375 53.6083984375 53.6083984375 53.6083984375 53.6083984375 53.6083984375
54.61328125 54.61328125 54.61328125 54.61328125 54.61328125 54.61328125 54.61328125 54.61328125 54.61328125 54.61328125
55.6396484375 55.6396484375 55.6396484375 55.6396484375 55.6396484375 55.6396484375 55.6396484375 55.6396484375 55.6396484375 55.6396484375
52.3466796875 52.3466796875 52.3466796875 52.3466796875 52.3466796875 52.3466796875 52.3466796875 52.3466796875
50.5693359375 50.5693359375 50.5693359375 50.5693359375 50.5693359375 50.5693359375 50.5693359375 50.5693359375 50.5693359375 50.5693359375
41.7890625 41.7890625 41.7890625 41.7890625 41.7890625 41.7890625 41.7890625 41.7890625 41.7890625 41.7890625
42.8427734375 42.8427734375 42.8427734375 42.8427734375 42.8427734375 42.8427734375 42.8427734375 42.8427734375
43.849609375 43.849609375 43.849609375 43.849609375 43.849609375 43.849609375 43.849609375 43.849609375 43.849609375 43.849609375
45.0546875 45.0546875 45.0546875 45.0546875 45.0546875 45.0546875 45.0546875 45.0546875 45.0546875 45.0546875
46.05078125 46.05078125 46.05078125 46.05078125 46.05078125 46.05078125 46.05078125 46.05078125
47.0283203125 47.0283203125 47.0283203125 47.0283203125 47.0283203125 47.0283203125 47.0283203125 47.0283203125 47.0283203125 47.0283203125
48.2646484375 48.2646484375 48.2646484375 48.2646484375 48.2646484375 48.2646484375 48.2646484375 48.2646484375 48.2646484375 48.2646484375
49.4912109375 49.4912109375 49.4912109375 49.4912109375 49.4912109375 49.4912109375 49.4912109375 49.4912109375
50.49609375 50.49609375 50.49609375 50.49609375 50.49609375 50.49609375 50.49609375 50.49609375 50.49609375 50.49609375
51.5224609375 51.5224609375 51.5224609375 51.5224609375 51.5224609375 51.5224609375 51.5224609375 51.5224609375 51.5224609375 51.5224609375
52.7490234375 52.7490234375 52.7490234375 52.7490234375 52.7490234375 52.7490234375 52.7490234375 52.7490234375
53.75390625 53.75390625 53.75390625 53.75390625 53.75390625 53.75390625 53.75390625 53.75390625 53.75390625 53.75390625
54.7802734375 54.7802734375 54.7802734375 54.7802734375 54.7802734375 54.7802734375 54.7802734375 54.7802734375 54.7802734375 54.7802734375
54.9814453125 54.9814453125 54.9814453125 54.9814453125 54.9814453125 54.9814453125 54.9814453125 54.9814453125
52.1279296875 52.1279296875 52.1279296875 52.1279296875 52.1279296875 52.1279296875 52.1279296875 52.1279296875 52.1279296875 52.1279296875
41.40234375 41.40234375 41.40234375 41.40234375 41.40234375 41.40234375 41.40234375 41.40234375 41.40234375 41.40234375
42.4091796875 42.4091796875 42.4091796875 42.4091796875 42.4091796875 42.4091796875 42.4091796875 42.4091796875
43.4140625 43.4140625 43.4140625 43.4140625 43.4140625 43.4140625 43.4140625 43.4140625 43.4140625 43.4140625
44.41015625 44.41015625 44.41015625 44.41015625 44.41015625 44.41015625 44.41015625 44.41015625 44.41015625 44.41015625
45.4365234375 45.4365234375 45.4365234375 45.4365234375 45.4365234375 45.4365234375 45.4365234375 45.4365234375
46.44140625 46.44140625 46.44140625 46.44140625 46.44140625 46.44140625 46.44140625 46.44140625 46.44140625 46.44140625
47.4677734375 47.4677734375 47.4677734375 47.4677734375 47.4677734375 47.4677734375 47.4677734375 47.4677734375 47.4677734375 47.4677734375
48.7138671875 48.7138671875 48.7138671875 48.7138671875 48.7138671875 48.7138671875 48.7138671875 48.7138671875
49.71875 49.71875 49.71875 49.71875 49.71875 49.71875 49.71875 49.71875 49.71875 49.71875
50.52734375 50.52734375 50.52734375 50.52734375 50.52734375 50.52734375 50.52734375 50.52734375 50.52734375 50.52734375
51.5537109375 51.5537109375 51.5537109375 51.5537109375 51.5537109375 51.5537109375 51.5537109375 51.5537109375
52.55859375 52.55859375 52.55859375 52.55859375 52.55859375 52.55859375 52.55859375 52.55859375 52.55859375 52.55859375
53.5849609375 53.5849609375 53.5849609375 53.5849609375 53.5849609375 53.5849609375 53.5849609375 53.5849609375 53.5849609375 53.5849609375
53.4521484375 53.4521484375 53.4521484375 53.4521484375 53.4521484375 53.4521484375 53.4521484375 53.4521484375
51.63671875 51.63671875 51.63671875 51.63671875 51.63671875 51.63671875 51.63671875 51.63671875 51.63671875 51.63671875
49.611328125 49.611328125 49.611328125 49.611328125 49.611328125 49.611328125 49.611328125 49.611328125 49.611328125 49.611328125
41.5126953125 41.5126953125 41.5126953125 41.5126953125 41.5126953125 41.5126953125 41.5126953125 41.5126953125
42.490234375 42.490234375 42.490234375 42.490234375 42.490234375 42.490234375 42.490234375 42.490234375 42.490234375 42.490234375
43.6953125 43.6953125 43.6953125 43.6953125 43.6953125 43.6953125 43.6953125 43.6953125 43.6953125 43.6953125
44.69140625 44.69140625 44.69140625 44.69140625 44.69140625 44.69140625 44.69140625 44.69140625
45.6689453125 45.6689453125 45.6689453125 45.6689453125 45.6689453125 45.6689453125 45.6689453125 45.6689453125 45.6689453125 45.6689453125
46.9052734375 46.9052734375 46.9052734375 46.9052734375 46.9052734375 46.9052734375 46.9052734375 46.9052734375 46.9052734375 46.9052734375
48.1318359375 48.1318359375 48.1318359375 48.1318359375 48.1318359375 48.1318359375 48.1318359375 48.1318359375
49.13671875 49.13671875 49.13671875 49.13671875 49.13671875 49.13671875 49.13671875 49.13671875 49.13671875 49.13671875
50.1630859375 50.1630859375 50.1630859375 50.1630859375 50.1630859375 50.1630859375 50.1630859375 50.1630859375 50.1630859375 50.1630859375
51.3896484375 51.3896484375 51.3896484375 51.3896484375 51.3896484375 51.3896484375 51.3896484375 51.3896484375
52.39453125 52.39453125 52.39453125 52.39453125 52.39453125 52.39453125 52.39453125 52.39453125 52.39453125 52.39453125
53.4208984375 53.4208984375 53.4208984375 53.4208984375 53.4208984375 53.4208984375 53.4208984375 53.4208984375 53.4208984375 53.4208984375
54.6474609375 54.6474609375 54.6474609375 54.6474609375 54.6474609375 54.6474609375 54.6474609375 54.6474609375
53.083984375 53.083984375 53.083984375 53.083984375 53.083984375 53.083984375 53.083984375 53.083984375 53.083984375 53.083984375
50.51953125 50.51953125 50.51953125 50.51953125 50.51953125 50.51953125 50.51953125 50.51953125 50.51953125 50.51953125
40.869140625 40.869140625 40.869140625 40.869140625 40.869140625 40.869140625 40.869140625 40.869140625
41.8359375 41.8359375 41.8359375 41.8359375 41.8359375 41.8359375 41.8359375 41.8359375 41.8359375 41.8359375
42.837890625 42.837890625 42.837890625 42.837890625 42.837890625 42.837890625 42.837890625 42.837890625 42.837890625 42.837890625
44.044921875 44.044921875 44.044921875 44.044921875 44.044921875 44.044921875 44.044921875 44.044921875
45.0263671875 45.0263671875 45.0263671875 45.0263671875 45.0263671875 45.0263671875 45.0263671875 45.0263671875 45.0263671875 45.0263671875
46.2626953125 46.2626953125 46.2626953125 46.2626953125 46.2626953125 46.2626953125 46.2626953125 46.2626953125 46.2626953125 46.2626953125
47.4892578125 47.4892578125 47.4892578125 47.4892578125 47.4892578125 47.4892578125 47.4892578125 47.4892578125
48.494140625 48.494140625 48.494140625 48.494140625 48.494140625 48.494140625 48.494140625 48.494140625 48.494140625 48.494140625
49.681640625 49.681640625 49.681640625 49.681640625 49.681640625 49.681640625 49.681640625 49.681640625 49.681640625 49.681640625
50.869140625 50.869140625 50.869140625 50.869140625 50.869140625 50.869140625 50.869140625 50.869140625
51.8505859375 51.8505859375 51.8505859375 51.8505859375 51.8505859375 51.8505859375 51.8505859375 51.8505859375 51.8505859375 51.8505859375
53.0771484375 53.0771484375 53.0771484375 53.0771484375 53.0771484375 53.0771484375 53.0771484375 53.0771484375 53.0771484375 53.0771484375
54.3037109375 54.3037109375 54.3037109375 54.3037109375 54.3037109375 54.3037109375 54.3037109375 54.3037109375
54.0224609375 54.0224609375 54.0224609375 54.0224609375 54.0224609375 54.0224609375 54.0224609375 54.0224609375 54.0224609375 54.0224609375
53.326171875 53.326171875 53.326171875 53.326171875 53.326171875 53.326171875 53.326171875 53.326171875 53.326171875 53.326171875
50.5224609375 50.5224609375 50.5224609375 50.5224609375 50.5224609375 50.5224609375 50.5224609375 50.5224609375
42.19140625 42.19140625 42.19140625 42.19140625 42.19140625 42.19140625 42.19140625 42.19140625 42.19140625 42.19140625
43.1982421875 43.1982421875 43.1982421875 43.1982421875 43.1982421875 43.1982421875 43.1982421875 43.1982421875 43.1982421875 43.1982421875
44.4443359375 44.4443359375 44.4443359375 44.4443359375 44.4443359375 44.4443359375 44.4443359375 44.4443359375
45.44921875 45.44921875 45.44921875 45.44921875 45.44921875 45.44921875 45.44921875 45.44921875 45.44921875 45.44921875
46.4755859375 46.4755859375 46.4755859375 46.4755859375 46.4755859375 46.4755859375 46.4755859375 46.4755859375 46.4755859375 46.4755859375
47.7021484375 47.7021484375 47.7021484375 47.7021484375 47.7021484375 47.7021484375 47.7021484375 47.7021484375
48.70703125 48.70703125 48.70703125 48.70703125 48.70703125 48.70703125 48.70703125 48.70703125 48.70703125 48.70703125
49.7333984375 49.7333984375 49.7333984375 49.7333984375 49.7333984375 49.7333984375 49.7333984375 49.7333984375 49.7333984375 49.7333984375
50.9599609375 50.9599609375 50.9599609375 50.9599609375 50.9599609375 50.9599609375 50.9599609375 50.9599609375
51.96484375 51.96484375 51.96484375 51.96484375 51.96484375 51.96484375 51.96484375 51.96484375 51.96484375 51.96484375
52.9912109375 52.9912109375 52.9912109375 52.9912109375 52.9912109375 52.9912109375 52.9912109375 52.9912109375 52.9912109375 52.9912109375
54.2177734375 54.2177734375 54.2177734375 54.2177734375 54.2177734375 54.2177734375 54.2177734375 54.2177734375
54.5439453125 54.5439453125 54.5439453125 54.5439453125 54.5439453125 54.5439453125 54.5439453125 54.5439453125 54.5439453125 54.5439453125
52.4736328125 52.4736328125 52.4736328125 52.4736328125 52.4736328125 52.4736328125 52.4736328125 52.4736328125 52.4736328125 52.4736328125
50.765625 50.765625 50.765625 50.765625 50.765625 50.765625 50.765625 50.765625
42.4326171875 42.4326171875 42.4326171875 42.4326171875 42.4326171875 42.4326171875 42.4326171875 42.4326171875 42.4326171875 42.4326171875
43.74609375 43.74609375 43.74609375 43.74609375 43.74609375 43.74609375 43.74609375 43.74609375 43.74609375 43.74609375
44.7724609375 44.7724609375 44.7724609375 44.7724609375 44.7724609375 44.7724609375 44.7724609375 44.7724609375
45.77734375 45.77734375 45.77734375 45.77734375 45.77734375 45.77734375 45.77734375 45.77734375 45.77734375 45.77734375
46.8037109375 46.8037109375 46.8037109375 46.8037109375 46.8037109375 46.8037109375 46.8037109375 46.8037109375 46.8037109375 46.8037109375
48.0302734375 48.0302734375 48.0302734375 48.0302734375 48.0302734375 48.0302734375 48.0302734375 48.0302734375
