47.744140625 47.775390625 47.775390625 47.798828125 47.798828125 47.798828125 47.830078125
49.07421875 49.07421875 49.07421875 49.07421875 49.07421875 49.07421875
49.9599609375 49.9599609375 49.9599609375 49.9599609375 49.9599609375 49.9599609375
50.87109375 50.87109375 50.87109375 50.87109375 50.87109375 50.87109375 50.87109375
51.7802734375 51.7802734375 51.7802734375 51.7802734375 51.7802734375 51.7802734375
52.69140625 52.69140625 52.69140625 52.69140625 52.69140625 52.69140625 52.69140625
53.6005859375 53.6005859375 53.6005859375 53.6005859375 53.6005859375 53.6005859375 53.6005859375
54.7021484375 54.7021484375 54.7021484375 54.7021484375 54.7021484375 54.7021484375
55.61328125 55.61328125 55.61328125 55.61328125 55.61328125 55.61328125
54.6787109375 54.6787109375 54.6787109375 54.6787109375 54.6787109375 54.6787109375
49.6259765625 49.6259765625 49.6259765625 49.6259765625 49.6259765625 49.6259765625
48.962890625 48.962890625 48.962890625 48.962890625 48.962890625 48.962890625
49.861328125 49.861328125 49.861328125 49.861328125 49.861328125 49.861328125 49.861328125
50.986328125 50.986328125 50.986328125 50.986328125 50.986328125 50.986328125 50.986328125
52.0517578125 52.0517578125 52.0517578125 52.0517578125 52.0517578125 52.0517578125
52.962890625 52.962890625 52.962890625 52.962890625 52.962890625 52.962890625
53.861328125 53.861328125 53.861328125 53.861328125 53.861328125 53.861328125
54.759765625 54.759765625 54.759765625 54.759765625 54.759765625 54.759765625
55.658203125 55.658203125 55.658203125 55.658203125 55.658203125 55.658203125
56.556640625 56.556640625 56.556640625 56.556640625 56.556640625 56.556640625 56.556640625
57.6220703125 57.6220703125 57.6220703125 57.6220703125 57.6220703125 57.6220703125 57.6220703125
58.7236328125 58.7236328125 58.7236328125 58.7236328125 58.7236328125 58.7236328125
59.634765625 59.634765625 59.634765625 59.634765625 59.634765625 59.634765625
60.533203125 60.533203125 60.533203125 60.533203125 60.533203125 60.533203125
61.431640625 61.431640625 61.431640625 61.431640625 61.431640625 61.431640625
62.330078125 62.330078125 62.330078125 62.330078125 62.330078125 62.330078125
62.861328125 62.861328125 62.861328125 62.861328125 62.861328125 62.861328125 62.861328125
61.255859375 61.255859375 61.255859375 61.255859375 61.255859375 61.255859375 61.255859375
52.3046875 52.3046875 52.3046875 52.3046875 52.3046875 52.3046875
53.177734375 53.177734375 53.177734375 53.177734375 53.177734375 53.177734375
51.775390625 51.775390625 51.775390625 51.775390625 51.775390625 51.775390625
52.673828125 52.673828125 52.673828125 52.673828125 52.673828125 52.673828125
53.572265625 53.572265625 53.572265625 53.572265625 53.572265625 53.572265625
54.470703125 54.470703125 54.470703125 54.470703125 54.470703125 54.470703125 54.470703125
55.595703125 55.595703125 55.595703125 55.595703125 55.595703125 55.595703125 55.595703125
56.6611328125 56.6611328125 56.6611328125 56.6611328125 56.6611328125 56.6611328125
57.572265625 57.572265625 57.572265625 57.572265625 57.572265625 57.572265625
58.470703125 58.470703125 58.470703125 58.470703125 58.470703125 58.470703125
59.369140625 59.369140625 59.369140625 59.369140625 59.369140625 59.369140625
60.267578125 60.267578125 60.267578125 60.267578125 60.267578125 60.267578125
61.166015625 61.166015625 61.166015625 61.166015625 61.166015625 61.166015625 61.166015625
62.2314453125 62.2314453125 62.2314453125 62.2314453125 62.2314453125 62.2314453125 62.2314453125
63.3330078125 63.3330078125 63.3330078125 63.3330078125 63.3330078125 63.3330078125
64.244140625 64.244140625 64.244140625 64.244140625 64.244140625 64.244140625
