12.7333984375 12.7646484375 12.7646484375 12.7880859375 12.7880859375 12.7880859375 12.8193359375 12.8193359375 12.8193359375 12.8193359375
14.2841796875 14.2841796875 14.2841796875 14.2841796875 14.2841796875 14.2841796875 14.2841796875 14.2841796875 14.2841796875 14.2841796875
14.240234375 14.240234375 14.240234375 14.240234375 14.240234375 14.240234375 14.240234375 14.240234375 14.240234375 14.240234375
15.3427734375 15.3427734375 15.3427734375 15.3427734375 15.3427734375 15.3427734375 15.3427734375 15.3427734375 15.3427734375 15.3427734375
16.4443359375 16.4443359375 16.4443359375 16.4443359375 16.4443359375 16.4443359375 16.4443359375 16.4443359375 16.4443359375 16.4443359375
13.9609375 13.9609375 13.9609375 13.9609375 13.9609375 13.9609375 13.9609375 13.9609375 13.9609375 13.9609375
14.9609375 14.9609375 14.9609375 14.9609375 14.9609375 14.9609375 14.9609375 14.9609375 14.9609375 14.9609375
15.83203125 15.83203125 15.83203125 15.83203125 15.83203125 15.83203125 15.83203125 15.83203125 15.83203125 15.83203125
16.7431640625 16.7431640625 16.7431640625 16.7431640625 16.7431640625 16.7431640625 16.7431640625 16.7431640625 16.7431640625 16.7431640625
14.0849609375 14.0849609375 14.0849609375 14.0849609375 14.0849609375 14.0849609375 14.0849609375 14.0849609375 14.0849609375 14.0849609375
15.1865234375 15.1865234375 15.1865234375 15.1865234375 15.1865234375 15.1865234375 15.1865234375 15.1865234375 15.1865234375 15.1865234375
16.2880859375 16.2880859375 16.2880859375 16.2880859375 16.2880859375 16.2880859375 16.2880859375 16.2880859375 16.2880859375 16.2880859375
14.1044921875 14.1044921875 14.1044921875 14.1044921875 14.1044921875 14.1044921875 14.1044921875 14.1044921875 14.1044921875 14.1044921875
15.2060546875 15.2060546875 15.2060546875 15.2060546875 15.2060546875 15.2060546875 15.2060546875 15.2060546875 15.2060546875 15.2060546875
16.3076171875 16.3076171875 16.3076171875 16.3076171875 16.3076171875 16.3076171875 16.3076171875 16.3076171875 16.3076171875 16.3076171875
13.8154296875 13.8154296875 13.8154296875 13.8154296875 13.8154296875 13.8154296875 13.8154296875 13.8154296875 13.8154296875 13.8154296875
14.9169921875 14.9169921875 14.9169921875 14.9169921875 14.9169921875 14.9169921875 14.9169921875 14.9169921875 14.9169921875 14.9169921875
16.0185546875 16.0185546875 16.0185546875 16.0185546875 16.0185546875 16.0185546875 16.0185546875 16.0185546875 16.0185546875 16.0185546875
13.8154296875 13.8154296875 13.8154296875 13.8154296875 13.8154296875 13.8154296875 13.8154296875 13.8154296875 13.8154296875 13.8154296875
14.9169921875 14.9169921875 14.9169921875 14.9169921875 14.9169921875 14.9169921875 14.9169921875 14.9169921875 14.9169921875 14.9169921875
15.8662109375 15.8662109375 15.8662109375 15.8662109375 15.8662109375 15.8662109375 15.8662109375 15.8662109375 15.8662109375 15.8662109375
13.9248046875 13.9248046875 13.9248046875 13.9248046875 13.9248046875 13.9248046875 13.9248046875 13.9248046875 13.9248046875 13.9248046875
15.0263671875 15.0263671875 15.0263671875 15.0263671875 15.0263671875 15.0263671875 15.0263671875 15.0263671875 15.0263671875 15.0263671875
16.1279296875 16.1279296875 16.1279296875 16.1279296875 16.1279296875 16.1279296875 16.1279296875 16.1279296875 16.1279296875 16.1279296875
13.8154296875 13.8154296875 13.8154296875 13.8154296875 13.8154296875 13.8154296875 13.8154296875 13.8154296875 13.8154296875 13.8154296875
14.9169921875 14.9169921875 14.9169921875 14.9169921875 14.9169921875 14.9169921875 14.9169921875 14.9169921875 14.9169921875 14.9169921875
16.0185546875 16.0185546875 16.0185546875 16.0185546875 16.0185546875 16.0185546875 16.0185546875 16.0185546875 16.0185546875 16.0185546875
13.8154296875 13.8154296875 13.8154296875 13.8154296875 13.8154296875 13.8154296875 13.8154296875 13.8154296875 13.8154296875 13.8154296875
14.9169921875 14.9169921875 14.9169921875 14.9169921875 14.9169921875 14.9169921875 14.9169921875 14.9169921875 14.9169921875 14.9169921875
15.8662109375 15.8662109375 15.8662109375 15.8662109375 15.8662109375 15.8662109375 15.8662109375 15.8662109375 15.8662109375 15.8662109375
13.9248046875 13.9248046875 13.9248046875 13.9248046875 13.9248046875 13.9248046875 13.9248046875 13.9248046875 13.9248046875 13.9248046875
15.0263671875 15.0263671875 15.0263671875 15.0263671875 15.0263671875 15.0263671875 15.0263671875 15.0263671875 15.0263671875 15.0263671875
16.1279296875 16.1279296875 16.1279296875 16.1279296875 16.1279296875 16.1279296875 16.1279296875 16.1279296875 16.1279296875 16.1279296875
13.8154296875 13.8154296875 13.8154296875 13.8154296875 13.8154296875 13.8154296875 13.8154296875 13.8154296875 13.8154296875 13.8154296875
14.9169921875 14.9169921875 14.9169921875 14.9169921875 14.9169921875 14.9169921875 14.9169921875 14.9169921875 14.9169921875 14.9169921875
16.0185546875 16.0185546875 16.0185546875 16.0185546875 16.0185546875 16.0185546875 16.0185546875 16.0185546875 16.0185546875 16.0185546875
13.8154296875 13.8154296875 13.8154296875 13.8154296875 13.8154296875 13.8154296875 13.8154296875 13.8154296875 13.8154296875 13.8154296875
14.9169921875 14.9169921875 14.9169921875 14.9169921875 14.9169921875 14.9169921875 14.9169921875 14.9169921875 14.9169921875 14.9169921875
15.8662109375 15.8662109375 15.8662109375 15.8662109375 15.8662109375 15.8662109375 15.8662109375 15.8662109375 15.8662109375 15.8662109375
13.9248046875 13.9248046875 13.9248046875 13.9248046875 13.9248046875 13.9248046875 13.9248046875 13.9248046875 13.9248046875 13.9248046875
15.0263671875 15.0263671875 15.0263671875 15.0263671875 15.0263671875 15.0263671875 15.0263671875 15.0263671875 15.0263671875 15.0263671875
16.1279296875 16.1279296875 16.1279296875 16.1279296875 16.1279296875 16.1279296875 16.1279296875 16.1279296875 16.1279296875 16.1279296875
13.8154296875 13.8154296875 13.8154296875 13.8154296875 13.8154296875 13.8154296875 13.8154296875 13.8154296875 13.8154296875 13.8154296875
14.9169921875 14.9169921875 14.9169921875 14.9169921875 14.9169921875 14.9169921875 14.9169921875 14.9169921875 14.9169921875 14.9169921875
16.0185546875 16.0185546875 16.0185546875 16.0185546875 16.0185546875 16.0185546875 16.0185546875 16.0185546875 16.0185546875 16.0185546875
13.8154296875 13.8154296875 13.8154296875 13.8154296875 13.8154296875 13.8154296875 13.8154296875 13.8154296875 13.8154296875 13.8154296875
14.9169921875 14.9169921875 14.9169921875 14.9169921875 14.9169921875 14.9169921875 14.9169921875 14.9169921875 14.9169921875 14.9169921875
15.8662109375 15.8662109375 15.8662109375 15.8662109375 15.8662109375 15.8662109375 15.8662109375 15.8662109375 15.8662109375 15.8662109375
13.9248046875 13.9248046875 13.9248046875 13.9248046875 13.9248046875 13.9248046875 13.9248046875 13.9248046875 13.9248046875 13.9248046875
15.0263671875 15.0263671875 15.0263671875 15.0263671875 15.0263671875 15.0263671875 15.0263671875 15.0263671875 15.0263671875 15.0263671875
16.1279296875 16.1279296875 16.1279296875 16.1279296875 16.1279296875 16.1279296875 16.1279296875 16.1279296875 16.1279296875 16.1279296875
13.8154296875 13.8154296875 13.8154296875 13.8154296875 13.8154296875 13.8154296875 13.8154296875 13.8154296875 13.8154296875 13.8154296875
14.9169921875 14.9169921875 14.9169921875 14.9169921875 14.9169921875 14.9169921875 14.9169921875 14.9169921875 14.9169921875 14.9169921875
16.0185546875 16.0185546875 16.0185546875 16.0185546875 16.0185546875 16.0185546875 16.0185546875 16.0185546875 16.0185546875 16.0185546875
13.8154296875 13.8154296875 13.8154296875 13.8154296875 13.8154296875 13.8154296875 13.8154296875 13.8154296875 13.8154296875 13.8154296875
14.9169921875 14.9169921875 14.9169921875 14.9169921875 14.9169921875 14.9169921875 14.9169921875 14.9169921875 14.9169921875 14.9169921875
15.8662109375 15.8662109375 15.8662109375 15.8662109375 15.8662109375 15.8662109375 15.8662109375 15.8662109375 15.8662109375 15.8662109375
13.9248046875 13.9248046875 13.9248046875 13.9248046875 13.9248046875 13.9248046875 13.9248046875 13.9248046875 13.9248046875 13.9248046875
15.0263671875 15.0263671875 15.0263671875 15.0263671875 15.0263671875 15.0263671875 15.0263671875 15.0263671875 15.0263671875 15.0263671875
16.1279296875 16.1279296875 16.1279296875 16.1279296875 16.1279296875 16.1279296875 16.1279296875 16.1279296875 16.1279296875 16.1279296875
13.8154296875 13.8154296875 13.8154296875 13.8154296875 13.8154296875 13.8154296875 13.8154296875 13.8154296875 13.8154296875 13.8154296875
14.9169921875 14.9169921875 14.9169921875 14.9169921875 14.9169921875 14.9169921875 14.9169921875 14.9169921875 14.9169921875 14.9169921875
16.0185546875 16.0185546875 16.0185546875 16.0185546875 16.0185546875 16.0185546875 16.0185546875 16.0185546875 16.0185546875 16.0185546875
13.8154296875 13.8154296875 13.8154296875 13.8154296875 13.8154296875 13.8154296875 13.8154296875 13.8154296875 13.8154296875 13.8154296875
14.9169921875 14.9169921875 14.9169921875 14.9169921875 14.9169921875 14.9169921875 14.9169921875 14.9169921875 14.9169921875 14.9169921875
15.8662109375 15.8662109375 15.8662109375 15.8662109375 15.8662109375 15.8662109375 15.8662109375 15.8662109375 15.8662109375 15.8662109375
13.9248046875 13.9248046875 13.9248046875 13.9248046875 13.9248046875 13.9248046875 13.9248046875 13.9248046875 13.9248046875 13.9248046875
15.0263671875 15.0263671875 15.0263671875 15.0263671875 15.0263671875 15.0263671875 15.0263671875 15.0263671875 15.0263671875 15.0263671875
16.1279296875 16.1279296875 16.1279296875 16.1279296875 16.1279296875 16.1279296875 16.1279296875 16.1279296875 16.1279296875 16.1279296875
13.8154296875 13.8154296875 13.8154296875 13.8154296875 13.8154296875 13.8154296875 13.8154296875 13.8154296875 13.8154296875 13.8154296875
14.9169921875 14.9169921875 14.9169921875 14.9169921875 14.9169921875 14.9169921875 14.9169921875 14.9169921875 14.9169921875 14.9169921875
16.0185546875 16.0185546875 16.0185546875 16.0185546875 16.0185546875 16.0185546875 16.0185546875 16.0185546875 16.0185546875 16.0185546875
13.8154296875 13.8154296875 13.8154296875 13.8154296875 13.8154296875 13.8154296875 13.8154296875 13.8154296875 13.8154296875 13.8154296875
14.9169921875 14.9169921875 14.9169921875 14.9169921875 14.9169921875 14.9169921875 14.9169921875 14.9169921875 14.9169921875 14.9169921875
15.8662109375 15.8662109375 15.8662109375 15.8662109375 15.8662109375 15.8662109375 15.8662109375 15.8662109375 15.8662109375 15.8662109375
13.9248046875 13.9248046875 13.9248046875 13.9248046875 13.9248046875 13.9248046875 13.9248046875 13.9248046875 13.9248046875 13.9248046875
15.0263671875 15.0263671875 15.0263671875 15.0263671875 15.0263671875 15.0263671875 15.0263671875 15.0263671875 15.0263671875 15.0263671875
16.1279296875 16.1279296875 16.1279296875 16.1279296875 16.1279296875 16.1279296875 16.1279296875 16.1279296875 16.1279296875 16.1279296875
13.8154296875 13.8154296875 13.8154296875 13.8154296875 13.8154296875 13.8154296875 13.8154296875 13.8154296875 13.8154296875 13.8154296875
14.9169921875 14.9169921875 14.9169921875 14.9169921875 14.9169921875 14.9169921875 14.9169921875 14.9169921875 14.9169921875 14.9169921875
16.0185546875 16.0185546875 16.0185546875 16.0185546875 16.0185546875 16.0185546875 16.0185546875 16.0185546875 16.0185546875 16.0185546875
13.8154296875 13.8154296875 13.8154296875 13.8154296875 13.8154296875 13.8154296875 13.8154296875 13.8154296875 13.8154296875 13.8154296875
14.9169921875 14.9169921875 14.9169921875 14.9169921875 14.9169921875 14.9169921875 14.9169921875 14.9169921875 14.9169921875 14.9169921875
15.8662109375 15.8662109375 15.8662109375 15.8662109375 15.8662109375 15.8662109375 15.8662109375 15.8662109375 15.8662109375 15.8662109375
13.9248046875 13.9248046875 13.9248046875 13.9248046875 13.9248046875 13.9248046875 13.9248046875 13.9248046875 13.9248046875 13.9248046875
15.0263671875 15.0263671875 15.0263671875 15.0263671875 15.0263671875 15.0263671875 15.0263671875 15.0263671875 15.0263671875 15.0263671875
16.1279296875 16.1279296875 16.1279296875 16.1279296875 16.1279296875 16.1279296875 16.1279296875 16.1279296875 16.1279296875 16.1279296875
13.8154296875 13.8154296875 13.8154296875 13.8154296875 13.8154296875 13.8154296875 13.8154296875 13.8154296875 13.8154296875 13.8154296875
14.9169921875 14.9169921875 14.9169921875 14.9169921875 14.9169921875 14.9169921875 14.9169921875 14.9169921875 14.9169921875 14.9169921875
16.0185546875 16.0185546875 16.0185546875 16.0185546875 16.0185546875 16.0185546875 16.0185546875 16.0185546875 16.0185546875 16.0185546875
13.8154296875 13.8154296875 13.8154296875 13.8154296875 13.8154296875 13.8154296875 13.8154296875 13.8154296875 13.8154296875 13.8154296875
14.9169921875 14.9169921875 14.9169921875 14.9169921875 14.9169921875 14.9169921875 14.9169921875 14.9169921875 14.9169921875 14.9169921875
15.8662109375 15.8662109375 15.8662109375 15.8662109375 15.8662109375 15.8662109375 15.8662109375 15.8662109375 15.8662109375 15.8662109375
13.9248046875 13.9248046875 13.9248046875 13.9248046875 13.9248046875 13.9248046875 13.9248046875 13.9248046875 13.9248046875 13.9248046875
15.0263671875 15.0263671875 15.0263671875 15.0263671875 15.0263671875 15.0263671875 15.0263671875 15.0263671875 15.0263671875 15.0263671875
16.1279296875 16.1279296875 16.1279296875 16.1279296875 16.1279296875 16.1279296875 16.1279296875 16.1279296875 16.1279296875 16.1279296875
13.8154296875 13.8154296875 13.8154296875 13.8154296875 13.8154296875 13.8154296875 13.8154296875 13.8154296875 13.8154296875 13.8154296875
14.9169921875 14.9169921875 14.9169921875 14.9169921875 14.9169921875 14.9169921875 14.9169921875 14.9169921875 14.9169921875 14.9169921875
16.0185546875 16.0185546875 16.0185546875 16.0185546875 16.0185546875 16.0185546875 16.0185546875 16.0185546875 16.0185546875 16.0185546875
13.8154296875 13.8154296875 13.8154296875 13.8154296875 13.8154296875 13.8154296875 13.8154296875 13.8154296875 13.8154296875 13.8154296875
14.9169921875 14.9169921875 14.9169921875 14.9169921875 14.9169921875 14.9169921875 14.9169921875 14.9169921875 14.9169921875 14.9169921875
15.8662109375 15.8662109375 15.8662109375 15.8662109375 15.8662109375 15.8662109375 15.8662109375 15.8662109375 15.8662109375 15.8662109375
13.9248046875 13.9248046875 13.9248046875 13.9248046875 13.9248046875 13.9248046875 13.9248046875 13.9248046875 13.9248046875 13.9248046875
15.0263671875 15.0263671875 15.0263671875 15.0263671875 15.0263671875 15.0263671875 15.0263671875 15.0263671875 15.0263671875 15.0263671875
16.1279296875 16.1279296875 16.1279296875 16.1279296875 16.1279296875 16.1279296875 16.1279296875 16.1279296875 16.1279296875 16.1279296875
13.8154296875 13.8154296875 13.8154296875 13.8154296875 13.8154296875 13.8154296875 13.8154296875 13.8154296875 13.8154296875 13.8154296875
14.9169921875 14.9169921875 14.9169921875 14.9169921875 14.9169921875 14.9169921875 14.9169921875 14.9169921875 14.9169921875 14.9169921875
16.0185546875 16.0185546875 16.0185546875 16.0185546875 16.0185546875 16.0185546875 16.0185546875 16.0185546875 16.0185546875 16.0185546875
13.8154296875 13.8154296875 13.8154296875 13.8154296875 13.8154296875 13.8154296875 13.8154296875 13.8154296875 13.8154296875 13.8154296875
14.9169921875 14.9169921875 14.9169921875 14.9169921875 14.9169921875 14.9169921875 14.9169921875 14.9169921875 14.9169921875 14.9169921875
15.8662109375 15.8662109375 15.8662109375 15.8662109375 15.8662109375 15.8662109375 15.8662109375 15.8662109375 15.8662109375 15.8662109375
13.9248046875 13.9248046875 13.9248046875 13.9248046875 13.9248046875 13.9248046875 13.9248046875 13.9248046875 13.9248046875 13.9248046875
15.0263671875 15.0263671875 15.0263671875 15.0263671875 15.0263671875 15.0263671875 15.0263671875 15.0263671875 15.0263671875 15.0263671875
16.1279296875 16.1279296875 16.1279296875 16.1279296875 16.1279296875 16.1279296875 16.1279296875 16.1279296875 16.1279296875 16.1279296875
13.8154296875 13.8154296875 13.8154296875 13.8154296875 13.8154296875 13.8154296875 13.8154296875 13.8154296875 13.8154296875 13.8154296875
14.9169921875 14.9169921875 14.9169921875 14.9169921875 14.9169921875 14.9169921875 14.9169921875 14.9169921875 14.9169921875 14.9169921875
16.0185546875 16.0185546875 16.0185546875 16.0185546875 16.0185546875 16.0185546875 16.0185546875 16.0185546875 16.0185546875 16.0185546875
13.8154296875 13.8154296875 13.8154296875 13.8154296875 13.8154296875 13.8154296875 13.8154296875 13.8154296875 13.8154296875 13.8154296875
14.9169921875 14.9169921875 14.9169921875 14.9169921875 14.9169921875 14.9169921875 14.9169921875 14.9169921875 14.9169921875 14.9169921875
15.8662109375 15.8662109375 15.8662109375 15.8662109375 15.8662109375 15.8662109375 15.8662109375 15.8662109375 15.8662109375 15.8662109375
13.9248046875 13.9248046875 13.9248046875 13.9248046875 13.9248046875 13.9248046875 13.9248046875 13.9248046875 13.9248046875 13.9248046875
15.0263671875 15.0263671875 15.0263671875 15.0263671875 15.0263671875 15.0263671875 15.0263671875 15.0263671875 15.0263671875 15.0263671875
16.1279296875 16.1279296875 16.1279296875 16.1279296875 16.1279296875 16.1279296875 16.1279296875 16.1279296875 16.1279296875 16.1279296875
13.8154296875 13.8154296875 13.8154296875 13.8154296875 13.8154296875 13.8154296875 13.8154296875 13.8154296875 13.8154296875 13.8154296875
14.9169921875 14.9169921875 14.9169921875 14.9169921875 14.9169921875 14.9169921875 14.9169921875 14.9169921875 14.9169921875 14.9169921875
16.0185546875 16.0185546875 16.0185546875 16.0185546875 16.0185546875 16.0185546875 16.0185546875 16.0185546875 16.0185546875 16.0185546875
13.8154296875 13.8154296875 13.8154296875 13.8154296875 13.8154296875 13.8154296875 13.8154296875 13.8154296875 13.8154296875 13.8154296875
14.9169921875 14.9169921875 14.9169921875 14.9169921875 14.9169921875 14.9169921875 14.9169921875 14.9169921875 14.9169921875 14.9169921875
15.8662109375 15.8662109375 15.8662109375 15.8662109375 15.8662109375 15.8662109375 15.8662109375 15.8662109375 15.8662109375 15.8662109375
13.9248046875 13.9248046875 13.9248046875 13.9248046875 13.9248046875 13.9248046875 13.9248046875 13.9248046875 13.9248046875 13.9248046875
15.0263671875 15.0263671875 15.0263671875 15.0263671875 15.0263671875 15.0263671875 15.0263671875 15.0263671875 15.0263671875 15.0263671875
16.1279296875 16.1279296875 16.1279296875 16.1279296875 16.1279296875 16.1279296875 16.1279296875 16.1279296875 16.1279296875 16.1279296875
13.8154296875 13.8154296875 13.8154296875 13.8154296875 13.8154296875 13.8154296875 13.8154296875 13.8154296875 13.8154296875 13.8154296875
14.9169921875 14.9169921875 14.9169921875 14.9169921875 14.9169921875 14.9169921875 14.9169921875 14.9169921875 14.9169921875 14.9169921875
16.0185546875 16.0185546875 16.0185546875 16.0185546875 16.0185546875 16.0185546875 16.0185546875 16.0185546875 16.0185546875 16.0185546875
13.8154296875 13.8154296875 13.8154296875 13.8154296875 13.8154296875 13.8154296875 13.8154296875 13.8154296875 13.8154296875 13.8154296875
14.9169921875 14.9169921875 14.9169921875 14.9169921875 14.9169921875 14.9169921875 14.9169921875 14.9169921875 14.9169921875 14.9169921875
15.8662109375 15.8662109375 15.8662109375 15.8662109375 15.8662109375 15.8662109375 15.8662109375 15.8662109375 15.8662109375 15.8662109375
13.9248046875 13.9248046875 13.9248046875 13.9248046875 13.9248046875 13.9248046875 13.9248046875 13.9248046875 13.9248046875 13.9248046875
15.0263671875 15.0263671875 15.0263671875 15.0263671875 15.0263671875 15.0263671875 15.0263671875 15.0263671875 15.0263671875 15.0263671875
16.1279296875 16.1279296875 16.1279296875 16.1279296875 16.1279296875 16.1279296875 16.1279296875 16.1279296875 16.1279296875 16.1279296875
13.8154296875 13.8154296875 13.8154296875 13.8154296875 13.8154296875 13.8154296875 13.8154296875 13.8154296875 13.8154296875 13.8154296875
14.9169921875 14.9169921875 14.9169921875 14.9169921875 14.9169921875 14.9169921875 14.9169921875 14.9169921875 14.9169921875 14.9169921875
16.0185546875 16.0185546875 16.0185546875 16.0185546875 16.0185546875 16.0185546875 16.0185546875 16.0185546875 16.0185546875 16.0185546875
13.8154296875 13.8154296875 13.8154296875 13.8154296875 13.8154296875 13.8154296875 13.8154296875 13.8154296875 13.8154296875 13.8154296875
14.9169921875 14.9169921875 14.9169921875 14.9169921875 14.9169921875 14.9169921875 14.9169921875 14.9169921875 14.9169921875 14.9169921875
15.8662109375 15.8662109375 15.8662109375 15.8662109375 15.8662109375 15.8662109375 15.8662109375 15.8662109375 15.8662109375 15.8662109375
13.9248046875 13.9248046875 13.9248046875 13.9248046875 13.9248046875 13.9248046875 13.9248046875 13.9248046875 13.9248046875 13.9248046875
15.0263671875 15.0263671875 15.0263671875 15.0263671875 15.0263671875 15.0263671875 15.0263671875 15.0263671875 15.0263671875 15.0263671875
16.1279296875 16.1279296875 16.1279296875 16.1279296875 16.1279296875 16.1279296875 16.1279296875 16.1279296875 16.1279296875 16.1279296875
13.8154296875 13.8154296875 13.8154296875 13.8154296875 13.8154296875 13.8154296875 13.8154296875 13.8154296875 13.8154296875 13.8154296875
14.9169921875 14.9169921875 14.9169921875 14.9169921875 14.9169921875 14.9169921875 14.9169921875 14.9169921875 14.9169921875 14.9169921875
16.0185546875 16.0185546875 16.0185546875 16.0185546875 16.0185546875 16.0185546875 16.0185546875 16.0185546875 16.0185546875 16.0185546875
13.8154296875 13.8154296875 13.8154296875 13.8154296875 13.8154296875 13.8154296875 13.8154296875 13.8154296875 13.8154296875 13.8154296875
14.9169921875 14.9169921875 14.9169921875 14.9169921875 14.9169921875 14.9169921875 14.9169921875 14.9169921875 14.9169921875 14.9169921875
15.8662109375 15.8662109375 15.8662109375 15.8662109375 15.8662109375 15.8662109375 15.8662109375 15.8662109375 15.8662109375 15.8662109375
13.9248046875 13.9248046875 13.9248046875 13.9248046875 13.9248046875 13.9248046875 13.9248046875 13.9248046875 13.9248046875 13.9248046875
15.0263671875 15.0263671875 15.0263671875 15.0263671875 15.0263671875 15.0263671875 15.0263671875 15.0263671875 15.0263671875 15.0263671875
16.1279296875 16.1279296875 16.1279296875 16.1279296875 16.1279296875 16.1279296875 16.1279296875 16.1279296875 16.1279296875 16.1279296875
13.8154296875 13.8154296875 13.8154296875 13.8154296875 13.8154296875 13.8154296875 13.8154296875 13.8154296875 13.8154296875 13.8154296875
14.9169921875 14.9169921875 14.9169921875 14.9169921875 14.9169921875 14.9169921875 14.9169921875 14.9169921875 14.9169921875 14.9169921875
16.0185546875 16.0185546875 16.0185546875 16.0185546875 16.0185546875 16.0185546875 16.0185546875 16.0185546875 16.0185546875 16.0185546875
13.8154296875 13.8154296875 13.8154296875 13.8154296875 13.8154296875 13.8154296875 13.8154296875 13.8154296875 13.8154296875 13.8154296875
14.9169921875 14.9169921875 14.9169921875 14.9169921875 14.9169921875 14.9169921875 14.9169921875 14.9169921875 14.9169921875 14.9169921875
15.8662109375 15.8662109375 15.8662109375 15.8662109375 15.8662109375 15.8662109375 15.8662109375 15.8662109375 15.8662109375 15.8662109375
13.9248046875 13.9248046875 13.9248046875 13.9248046875 13.9248046875 13.9248046875 13.9248046875 13.9248046875 13.9248046875 13.9248046875
15.0263671875 15.0263671875 15.0263671875 15.0263671875 15.0263671875 15.0263671875 15.0263671875 15.0263671875 15.0263671875 15.0263671875
16.1279296875 16.1279296875 16.1279296875 16.1279296875 16.1279296875 16.1279296875 16.1279296875 16.1279296875 16.1279296875 16.1279296875
13.8154296875 13.8154296875 13.8154296875 13.8154296875 13.8154296875 13.8154296875 13.8154296875 13.8154296875 13.8154296875 13.8154296875
14.9169921875 14.9169921875 14.9169921875 14.9169921875 14.9169921875 14.9169921875 14.9169921875 14.9169921875 14.9169921875 14.9169921875
16.0185546875 16.0185546875 16.0185546875 16.0185546875 16.0185546875 16.0185546875 16.0185546875 16.0185546875 16.0185546875 16.0185546875
13.8154296875 13.8154296875 13.8154296875 13.8154296875 13.8154296875 13.8154296875 13.8154296875 13.8154296875 13.8154296875 13.8154296875
14.9169921875 14.9169921875 14.9169921875 14.9169921875 14.9169921875 14.9169921875 14.9169921875 14.9169921875 14.9169921875 14.9169921875
15.8662109375 15.8662109375 15.8662109375 15.8662109375 15.8662109375 15.8662109375 15.8662109375 15.8662109375 15.8662109375 15.8662109375
13.9248046875 13.9248046875 13.9248046875 13.9248046875 13.9248046875 13.9248046875 13.9248046875 13.9248046875 13.9248046875 13.9248046875
15.0263671875 15.0263671875 15.0263671875 15.0263671875 15.0263671875 15.0263671875 15.0263671875 15.0263671875 15.0263671875 15.0263671875
16.1279296875 16.1279296875 16.1279296875 16.1279296875 16.1279296875 16.1279296875 16.1279296875 16.1279296875 16.1279296875 16.1279296875
13.8154296875 13.8154296875 13.8154296875 13.8154296875 13.8154296875 13.8154296875 13.8154296875 13.8154296875 13.8154296875 13.8154296875
14.9169921875 14.9169921875 14.9169921875 14.9169921875 14.9169921875 14.9169921875 14.9169921875 14.9169921875 14.9169921875 14.9169921875
16.0185546875 16.0185546875 16.0185546875 16.0185546875 16.0185546875 16.0185546875 16.0185546875 16.0185546875 16.0185546875 16.0185546875
13.8154296875 13.8154296875 13.8154296875 13.8154296875 13.8154296875 13.8154296875 13.8154296875 13.8154296875 13.8154296875 13.8154296875
14.9169921875 14.9169921875 14.9169921875 14.9169921875 14.9169921875 14.9169921875 14.9169921875 14.9169921875 14.9169921875 14.9169921875
15.8662109375 15.8662109375 15.8662109375 15.8662109375 15.8662109375 15.8662109375 15.8662109375 15.8662109375 15.8662109375 15.8662109375
13.9248046875 13.9248046875 13.9248046875 13.9248046875 13.9248046875 13.9248046875 13.9248046875 13.9248046875 13.9248046875 13.9248046875
15.0263671875 15.0263671875 15.0263671875 15.0263671875 15.0263671875 15.0263671875 15.0263671875 15.0263671875 15.0263671875 15.0263671875
16.1279296875 16.1279296875 16.1279296875 16.1279296875 16.1279296875 16.1279296875 16.1279296875 16.1279296875 16.1279296875 16.1279296875
13.8154296875 13.8154296875 13.8154296875 13.8154296875 13.8154296875 13.8154296875 13.8154296875 13.8154296875 13.8154296875 13.8154296875
14.9169921875 14.9169921875 14.9169921875 14.9169921875 14.9169921875 14.9169921875 14.9169921875 14.9169921875 14.9169921875 14.9169921875
16.0185546875 16.0185546875 16.0185546875 16.0185546875 16.0185546875 16.0185546875 16.0185546875 16.0185546875 16.0185546875 16.0185546875
13.8154296875 13.8154296875 13.8154296875 13.8154296875 13.8154296875 13.8154296875 13.8154296875 13.8154296875 13.8154296875 13.8154296875
14.9169921875 14.9169921875 14.9169921875 14.9169921875 14.9169921875 14.9169921875 14.9169921875 14.9169921875 14.9169921875 14.9169921875
15.8662109375 15.8662109375 15.8662109375 15.8662109375 15.8662109375 15.8662109375 15.8662109375 15.8662109375 15.8662109375 15.8662109375
13.9248046875 13.9248046875 13.9248046875 13.9248046875 13.9248046875 13.9248046875 13.9248046875 13.9248046875 13.9248046875 13.9248046875
15.0263671875 15.0263671875 15.0263671875 15.0263671875 15.0263671875 15.0263671875 15.0263671875 15.0263671875 15.0263671875 15.0263671875
16.1279296875 16.1279296875 16.1279296875 16.1279296875 16.1279296875 16.1279296875 16.1279296875 16.1279296875 16.1279296875 16.1279296875
13.8154296875 13.8154296875 13.8154296875 13.8154296875 13.8154296875 13.8154296875 13.8154296875 13.8154296875 13.8154296875 13.8154296875
14.9169921875 14.9169921875 14.9169921875 14.9169921875 14.9169921875 14.9169921875 14.9169921875 14.9169921875 14.9169921875 14.9169921875
16.0185546875 16.0185546875 16.0185546875 16.0185546875 16.0185546875 16.0185546875 16.0185546875 16.0185546875 16.0185546875 16.0185546875
13.8154296875 13.8154296875 13.8154296875 13.8154296875 13.8154296875 13.8154296875 13.8154296875 13.8154296875 13.8154296875 13.8154296875
14.9169921875 14.9169921875 14.9169921875 14.9169921875 14.9169921875 14.9169921875 14.9169921875 14.9169921875 14.9169921875 14.9169921875
15.8662109375 15.8662109375 15.8662109375 15.8662109375 15.8662109375 15.8662109375 15.8662109375 15.8662109375 15.8662109375 15.8662109375
13.9248046875 13.9248046875 13.9248046875 13.9248046875 13.9248046875 13.9248046875 13.9248046875 13.9248046875 13.9248046875 13.9248046875
15.0263671875 15.0263671875 15.0263671875 15.0263671875 15.0263671875 15.0263671875 15.0263671875 15.0263671875 15.0263671875 15.0263671875
16.1279296875 16.1279296875 16.1279296875 16.1279296875 16.1279296875 16.1279296875 16.1279296875 16.1279296875 16.1279296875 16.1279296875
13.8154296875 13.8154296875 13.8154296875 13.8154296875 13.8154296875 13.8154296875 13.8154296875 13.8154296875 13.8154296875 13.8154296875
14.9169921875 14.9169921875 14.9169921875 14.9169921875 14.9169921875 14.9169921875 14.9169921875 14.9169921875 14.9169921875 14.9169921875
16.0185546875 16.0185546875 16.0185546875 16.0185546875 16.0185546875 16.0185546875 16.0185546875 16.0185546875 16.0185546875 16.0185546875
13.8154296875 13.8154296875 13.8154296875 13.8154296875 13.8154296875 13.8154296875 13.8154296875 13.8154296875 13.8154296875 13.8154296875
14.9169921875 14.9169921875 14.9169921875 14.9169921875 14.9169921875 14.9169921875 14.9169921875 14.9169921875 14.9169921875 14.9169921875
15.8662109375 15.8662109375 15.8662109375 15.8662109375 15.8662109375 15.8662109375 15.8662109375 15.8662109375 15.8662109375 15.8662109375
13.9248046875 13.9248046875 13.9248046875 13.9248046875 13.9248046875 13.9248046875 13.9248046875 13.9248046875 13.9248046875 13.9248046875
15.0263671875 15.0263671875 15.0263671875 15.0263671875 15.0263671875 15.0263671875 15.0263671875 15.0263671875 15.0263671875 15.0263671875
16.1279296875 16.1279296875 16.1279296875 16.1279296875 16.1279296875 16.1279296875 16.1279296875 16.1279296875 16.1279296875 16.1279296875
13.8154296875 13.8154296875 13.8154296875 13.8154296875 13.8154296875 13.8154296875 13.8154296875 13.8154296875 13.8154296875 13.8154296875
14.9169921875 14.9169921875 14.9169921875 14.9169921875 14.9169921875 14.9169921875 14.9169921875 14.9169921875 14.9169921875 14.9169921875
16.0185546875 16.0185546875 16.0185546875 16.0185546875 16.0185546875 16.0185546875 16.0185546875 16.0185546875 16.0185546875 16.0185546875
13.8154296875 13.8154296875 13.8154296875 13.8154296875 13.8154296875 13.8154296875 13.8154296875 13.8154296875 13.8154296875 13.8154296875
14.9169921875 14.9169921875 14.9169921875 14.9169921875 14.9169921875 14.9169921875 14.9169921875 14.9169921875 14.9169921875 14.9169921875
15.8662109375 15.8662109375 15.8662109375 15.8662109375 15.8662109375 15.8662109375 15.8662109375 15.8662109375 15.8662109375 15.8662109375
13.9248046875 13.9248046875 13.9248046875 13.9248046875 13.9248046875 13.9248046875 13.9248046875 13.9248046875 13.9248046875 13.9248046875
15.0263671875 15.0263671875 15.0263671875 15.0263671875 15.0263671875 15.0263671875 15.0263671875 15.0263671875 15.0263671875 15.0263671875
16.1279296875 16.1279296875 16.1279296875 16.1279296875 16.1279296875 16.1279296875 16.1279296875 16.1279296875 16.1279296875 16.1279296875
13.8154296875 13.8154296875 13.8154296875 13.8154296875 13.8154296875 13.8154296875 13.8154296875 13.8154296875 13.8154296875 13.8154296875
14.9169921875 14.9169921875 14.9169921875 14.9169921875 14.9169921875 14.9169921875 14.9169921875 14.9169921875 14.9169921875 14.9169921875
16.0185546875 16.0185546875 16.0185546875 16.0185546875 16.0185546875 16.0185546875 16.0185546875 16.0185546875 16.0185546875 16.0185546875
13.8154296875 13.8154296875 13.8154296875 13.8154296875 13.8154296875 13.8154296875 13.8154296875 13.8154296875 13.8154296875 13.8154296875
14.9169921875 14.9169921875 14.9169921875 14.9169921875 14.9169921875 14.9169921875 14.9169921875 14.9169921875 14.9169921875 14.9169921875
15.8662109375 15.8662109375 15.8662109375 15.8662109375 15.8662109375 15.8662109375 15.8662109375 15.8662109375 15.8662109375 15.8662109375
13.9248046875 13.9248046875 13.9248046875 13.9248046875 13.9248046875 13.9248046875 13.9248046875 13.9248046875 13.9248046875 13.9248046875
15.0263671875 15.0263671875 15.0263671875 15.0263671875 15.0263671875 15.0263671875 15.0263671875 15.0263671875 15.0263671875 15.0263671875
16.1279296875 16.1279296875 16.1279296875 16.1279296875 16.1279296875 16.1279296875 16.1279296875 16.1279296875 16.1279296875 16.1279296875
13.8154296875 13.8154296875 13.8154296875 13.8154296875 13.8154296875 13.8154296875 13.8154296875 13.8154296875 13.8154296875 13.8154296875
14.9169921875 14.9169921875 14.9169921875 14.9169921875 14.9169921875 14.9169921875 14.9169921875 14.9169921875 14.9169921875 14.9169921875
16.0185546875 16.0185546875 16.0185546875 16.0185546875 16.0185546875 16.0185546875 16.0185546875 16.0185546875 16.0185546875 16.0185546875
13.8154296875 13.8154296875 13.8154296875 13.8154296875 13.8154296875 13.8154296875 13.8154296875 13.8154296875 13.8154296875 13.8154296875
14.9169921875 14.9169921875 14.9169921875 14.9169921875 14.9169921875 14.9169921875 14.9169921875 14.9169921875 14.9169921875 14.9169921875
15.8662109375 15.8662109375 15.8662109375 15.8662109375 15.8662109375 15.8662109375 15.8662109375 15.8662109375 15.8662109375 15.8662109375
13.9248046875 13.9248046875 13.9248046875 13.9248046875 13.9248046875 13.9248046875 13.9248046875 13.9248046875 13.9248046875 13.9248046875
15.0263671875 15.0263671875 15.0263671875 15.0263671875 15.0263671875 15.0263671875 15.0263671875 15.0263671875 15.0263671875 15.0263671875
16.1279296875 16.1279296875 16.1279296875 16.1279296875 16.1279296875 16.1279296875 16.1279296875 16.1279296875 16.1279296875 16.1279296875
13.8154296875 13.8154296875 13.8154296875 13.8154296875 13.8154296875 13.8154296875 13.8154296875 13.8154296875 13.8154296875 13.8154296875
14.9169921875 14.9169921875 14.9169921875 14.9169921875 14.9169921875 14.9169921875 14.9169921875 14.9169921875 14.9169921875 14.9169921875
16.0185546875 16.0185546875 16.0185546875 16.0185546875 16.0185546875 16.0185546875 16.0185546875 16.0185546875 16.0185546875 16.0185546875
13.8154296875 13.8154296875 13.8154296875 13.8154296875 13.8154296875 13.8154296875 13.8154296875 13.8154296875 13.8154296875 13.8154296875
14.9169921875 14.9169921875 14.9169921875 14.9169921875 14.9169921875 14.9169921875 14.9169921875 14.9169921875 14.9169921875 14.9169921875
15.8662109375 15.8662109375 15.8662109375 15.8662109375 15.8662109375 15.8662109375 15.8662109375 15.8662109375 15.8662109375 15.8662109375
13.9248046875 13.9248046875 13.9248046875 13.9248046875 13.9248046875 13.9248046875 13.9248046875 13.9248046875 13.9248046875 13.9248046875
15.0263671875 15.0263671875 15.0263671875 15.0263671875 15.0263671875 15.0263671875 15.0263671875 15.0263671875 15.0263671875 15.0263671875
16.1279296875 16.1279296875 16.1279296875 16.1279296875 16.1279296875 16.1279296875 16.1279296875 16.1279296875 16.1279296875 16.1279296875
13.8154296875 13.8154296875 13.8154296875 13.8154296875 13.8154296875 13.8154296875 13.8154296875 13.8154296875 13.8154296875 13.8154296875
14.9169921875 14.9169921875 14.9169921875 14.9169921875 14.9169921875 14.9169921875 14.9169921875 14.9169921875 14.9169921875 14.9169921875
16.0185546875 16.0185546875 16.0185546875 16.0185546875 16.0185546875 16.0185546875 16.0185546875 16.0185546875 16.0185546875 16.0185546875
13.8154296875 13.8154296875 13.8154296875 13.8154296875 13.8154296875 13.8154296875 13.8154296875 13.8154296875 13.8154296875 13.8154296875
14.9169921875 14.9169921875 14.9169921875 14.9169921875 14.9169921875 14.9169921875 14.9169921875 14.9169921875 14.9169921875 14.9169921875
15.8662109375 15.8662109375 15.8662109375 15.8662109375 15.8662109375 15.8662109375 15.8662109375 15.8662109375 15.8662109375 15.8662109375
13.9248046875 13.9248046875 13.9248046875 13.9248046875 13.9248046875 13.9248046875 13.9248046875 13.9248046875 13.9248046875 13.9248046875
15.0263671875 15.0263671875 15.0263671875 15.0263671875 15.0263671875 15.0263671875 15.0263671875 15.0263671875 15.0263671875 15.0263671875
16.1279296875 16.1279296875 16.1279296875 16.1279296875 16.1279296875 16.1279296875 16.1279296875 16.1279296875 16.1279296875 16.1279296875
13.8154296875 13.8154296875 13.8154296875 13.8154296875 13.8154296875 13.8154296875 13.8154296875 13.8154296875 13.8154296875 13.8154296875
14.9169921875 14.9169921875 14.9169921875 14.9169921875 14.9169921875 14.9169921875 14.9169921875 14.9169921875 14.9169921875 14.9169921875
16.0185546875 16.0185546875 16.0185546875 16.0185546875 16.0185546875 16.0185546875 16.0185546875 16.0185546875 16.0185546875 16.0185546875
13.8154296875 13.8154296875 13.8154296875 13.8154296875 13.8154296875 13.8154296875 13.8154296875 13.8154296875 13.8154296875 13.8154296875
14.9169921875 14.9169921875 14.9169921875 14.9169921875 14.9169921875 14.9169921875 14.9169921875 14.9169921875 14.9169921875 14.9169921875
15.8662109375 15.8662109375 15.8662109375 15.8662109375 15.8662109375 15.8662109375 15.8662109375 15.8662109375 15.8662109375 15.8662109375
13.9248046875 13.9248046875 13.9248046875 13.9248046875 13.9248046875 13.9248046875 13.9248046875 13.9248046875 13.9248046875 13.9248046875
15.0263671875 15.0263671875 15.0263671875 15.0263671875 15.0263671875 15.0263671875 15.0263671875 15.0263671875 15.0263671875 15.0263671875
16.1279296875 16.1279296875 16.1279296875 16.1279296875 16.1279296875 16.1279296875 16.1279296875 16.1279296875 16.1279296875 16.1279296875
13.8154296875 13.8154296875 13.8154296875 13.8154296875 13.8154296875 13.8154296875 13.8154296875 13.8154296875 13.8154296875 13.8154296875
14.9169921875 14.9169921875 14.9169921875 14.9169921875 14.9169921875 14.9169921875 14.9169921875 14.9169921875 14.9169921875 14.9169921875
16.0185546875 16.0185546875 16.0185546875 16.0185546875 16.0185546875 16.0185546875 16.0185546875 16.0185546875 16.0185546875 16.0185546875
13.8154296875 13.8154296875 13.8154296875 13.8154296875 13.8154296875 13.8154296875 13.8154296875 13.8154296875 13.8154296875 13.8154296875
14.9169921875 14.9169921875 14.9169921875 14.9169921875 14.9169921875 14.9169921875 14.9169921875 14.9169921875 14.9169921875 14.9169921875
15.8662109375 15.8662109375 15.8662109375 15.8662109375 15.8662109375 15.8662109375 15.8662109375 15.8662109375 15.8662109375 15.8662109375
13.9248046875 13.9248046875 13.9248046875 13.9248046875 13.9248046875 13.9248046875 13.9248046875 13.9248046875 13.9248046875 13.9248046875
15.0263671875 15.0263671875 15.0263671875 15.0263671875 15.0263671875 15.0263671875 15.0263671875 15.0263671875 15.0263671875 15.0263671875
16.1279296875 16.1279296875 16.1279296875 16.1279296875 16.1279296875 16.1279296875 16.1279296875 16.1279296875 16.1279296875 16.1279296875
13.8154296875 13.8154296875 13.8154296875 13.8154296875 13.8154296875 13.8154296875 13.8154296875 13.8154296875 13.8154296875 13.8154296875
14.9169921875 14.9169921875 14.9169921875 14.9169921875 14.9169921875 14.9169921875 14.9169921875 14.9169921875 14.9169921875 14.9169921875
16.0185546875 16.0185546875 16.0185546875 16.0185546875 16.0185546875 16.0185546875 16.0185546875 16.0185546875 16.0185546875 16.0185546875
13.8154296875 13.8154296875 13.8154296875 13.8154296875 13.8154296875 13.8154296875 13.8154296875 13.8154296875 13.8154296875 13.8154296875
14.9169921875 14.9169921875 14.9169921875 14.9169921875 14.9169921875 14.9169921875 14.9169921875 14.9169921875 14.9169921875 14.9169921875
15.8662109375 15.8662109375 15.8662109375 15.8662109375 15.8662109375 15.8662109375 15.8662109375 15.8662109375 15.8662109375 15.8662109375
13.9248046875 13.9248046875 13.9248046875 13.9248046875 13.9248046875 13.9248046875 13.9248046875 13.9248046875 13.9248046875 13.9248046875
15.0263671875 15.0263671875 15.0263671875 15.0263671875 15.0263671875 15.0263671875 15.0263671875 15.0263671875 15.0263671875 15.0263671875
16.1279296875 16.1279296875 16.1279296875 16.1279296875 16.1279296875 16.1279296875 16.1279296875 16.1279296875 16.1279296875 16.1279296875
13.8154296875 13.8154296875 13.8154296875 13.8154296875 13.8154296875 13.8154296875 13.8154296875 13.8154296875 13.8154296875 13.8154296875
14.9169921875 14.9169921875 14.9169921875 14.9169921875 14.9169921875 14.9169921875 14.9169921875 14.9169921875 14.9169921875 14.9169921875
16.0185546875 16.0185546875 16.0185546875 16.0185546875 16.0185546875 16.0185546875 16.0185546875 16.0185546875 16.0185546875 16.0185546875
13.8154296875 13.8154296875 13.8154296875 13.8154296875 13.8154296875 13.8154296875 13.8154296875 13.8154296875 13.8154296875 13.8154296875
14.9169921875 14.9169921875 14.9169921875 14.9169921875 14.9169921875 14.9169921875 14.9169921875 14.9169921875 14.9169921875 14.9169921875
15.8662109375 15.8662109375 15.8662109375 15.8662109375 15.8662109375 15.8662109375 15.8662109375 15.8662109375 15.8662109375 15.8662109375
13.9248046875 13.9248046875 13.9248046875 13.9248046875 13.9248046875 13.9248046875 13.9248046875 13.9248046875 13.9248046875 13.9248046875
15.0263671875 15.0263671875 15.0263671875 15.0263671875 15.0263671875 15.0263671875 15.0263671875 15.0263671875 15.0263671875 15.0263671875
16.1279296875 16.1279296875 16.1279296875 16.1279296875 16.1279296875 16.1279296875 16.1279296875 16.1279296875 16.1279296875 16.1279296875
13.8154296875 13.8154296875 13.8154296875 13.8154296875 13.8154296875 13.8154296875 13.8154296875 13.8154296875 13.8154296875 13.8154296875
14.9169921875 14.9169921875 14.9169921875 14.9169921875 14.9169921875 14.9169921875 14.9169921875 14.9169921875 14.9169921875 14.9169921875
16.0185546875 16.0185546875 16.0185546875 16.0185546875 16.0185546875 16.0185546875 16.0185546875 16.0185546875 16.0185546875 16.0185546875
13.8154296875 13.8154296875 13.8154296875 13.8154296875 13.8154296875 13.8154296875 13.8154296875 13.8154296875 13.8154296875 13.8154296875
14.9169921875 14.9169921875 14.9169921875 14.9169921875 14.9169921875 14.9169921875 14.9169921875 14.9169921875 14.9169921875 14.9169921875
15.8662109375 15.8662109375 15.8662109375 15.8662109375 15.8662109375 15.8662109375 15.8662109375 15.8662109375 15.8662109375 15.8662109375
