12.7333984375 12.7646484375 12.7646484375 12.7880859375 12.7880859375 12.7880859375 12.8193359375 12.8193359375 12.8193359375 12.8193359375
13.52734375 13.52734375 13.52734375 13.52734375 13.52734375 13.52734375 13.52734375 13.52734375 13.52734375 13.52734375
14.46875 14.46875 14.46875 14.46875 14.46875 14.46875 14.46875 14.46875 14.46875 14.46875
15.15234375 15.15234375 15.15234375 15.15234375 15.15234375 15.15234375 15.15234375 15.15234375 15.15234375 15.15234375
13.6884765625 13.6884765625 13.6884765625 13.6884765625 13.6884765625 13.6884765625 13.6884765625 13.6884765625 13.6884765625 13.6884765625
14.8095703125 14.8095703125 14.8095703125 14.8095703125 14.8095703125 14.8095703125 14.8095703125 14.8095703125 14.8095703125 14.8095703125
14.240234375 14.240234375 14.240234375 14.240234375 14.240234375 14.240234375 14.240234375 14.240234375 14.240234375 14.240234375
15.3427734375 15.3427734375 15.3427734375 15.3427734375 15.3427734375 15.3427734375 15.3427734375 15.3427734375 15.3427734375 15.3427734375
13.94140625 13.94140625 13.94140625 13.94140625 13.94140625 13.94140625 13.94140625 13.94140625 13.94140625 13.94140625
14.9814453125 14.9814453125 14.9814453125 14.9814453125 14.9814453125 14.9814453125 14.9814453125 14.9814453125 14.9814453125 14.9814453125
16.1025390625 16.1025390625 16.1025390625 16.1025390625 16.1025390625 16.1025390625 16.1025390625 16.1025390625 16.1025390625 16.1025390625
13.8154296875 13.8154296875 13.8154296875 13.8154296875 13.8154296875 13.8154296875 13.8154296875 13.8154296875 13.8154296875 13.8154296875
14.9169921875 14.9169921875 14.9169921875 14.9169921875 14.9169921875 14.9169921875 14.9169921875 14.9169921875 14.9169921875 14.9169921875
13.8154296875 13.8154296875 13.8154296875 13.8154296875 13.8154296875 13.8154296875 13.8154296875 13.8154296875 13.8154296875 13.8154296875
14.7646484375 14.7646484375 14.7646484375 14.7646484375 14.7646484375 14.7646484375 14.7646484375 14.7646484375 14.7646484375 14.7646484375
13.9248046875 13.9248046875 13.9248046875 13.9248046875 13.9248046875 13.9248046875 13.9248046875 13.9248046875 13.9248046875 13.9248046875
15.0263671875 15.0263671875 15.0263671875 15.0263671875 15.0263671875 15.0263671875 15.0263671875 15.0263671875 15.0263671875 15.0263671875
13.8154296875 13.8154296875 13.8154296875 13.8154296875 13.8154296875 13.8154296875 13.8154296875 13.8154296875 13.8154296875 13.8154296875
14.9169921875 14.9169921875 14.9169921875 14.9169921875 14.9169921875 14.9169921875 14.9169921875 14.9169921875 14.9169921875 14.9169921875
13.8154296875 13.8154296875 13.8154296875 13.8154296875 13.8154296875 13.8154296875 13.8154296875 13.8154296875 13.8154296875 13.8154296875
14.7646484375 14.7646484375 14.7646484375 14.7646484375 14.7646484375 14.7646484375 14.7646484375 14.7646484375 14.7646484375 14.7646484375
13.9248046875 13.9248046875 13.9248046875 13.9248046875 13.9248046875 13.9248046875 13.9248046875 13.9248046875 13.9248046875 13.9248046875
15.0263671875 15.0263671875 15.0263671875 15.0263671875 15.0263671875 15.0263671875 15.0263671875 15.0263671875 15.0263671875 15.0263671875
13.8154296875 13.8154296875 13.8154296875 13.8154296875 13.8154296875 13.8154296875 13.8154296875 13.8154296875 13.8154296875 13.8154296875
14.9169921875 14.9169921875 14.9169921875 14.9169921875 14.9169921875 14.9169921875 14.9169921875 14.9169921875 14.9169921875 14.9169921875
13.8154296875 13.8154296875 13.8154296875 13.8154296875 13.8154296875 13.8154296875 13.8154296875 13.8154296875 13.8154296875 13.8154296875
14.7646484375 14.7646484375 14.7646484375 14.7646484375 14.7646484375 14.7646484375 14.7646484375 14.7646484375 14.7646484375 14.7646484375
13.9248046875 13.9248046875 13.9248046875 13.9248046875 13.9248046875 13.9248046875 13.9248046875 13.9248046875 13.9248046875 13.9248046875
15.0263671875 15.0263671875 15.0263671875 15.0263671875 15.0263671875 15.0263671875 15.0263671875 15.0263671875 15.0263671875 15.0263671875
13.8154296875 13.8154296875 13.8154296875 13.8154296875 13.8154296875 13.8154296875 13.8154296875 13.8154296875 13.8154296875 13.8154296875
14.9169921875 14.9169921875 14.9169921875 14.9169921875 14.9169921875 14.9169921875 14.9169921875 14.9169921875 14.9169921875 14.9169921875
13.8154296875 13.8154296875 13.8154296875 13.8154296875 13.8154296875 13.8154296875 13.8154296875 13.8154296875 13.8154296875 13.8154296875
14.7646484375 14.7646484375 14.7646484375 14.7646484375 14.7646484375 14.7646484375 14.7646484375 14.7646484375 14.7646484375 14.7646484375
13.9248046875 13.9248046875 13.9248046875 13.9248046875 13.9248046875 13.9248046875 13.9248046875 13.9248046875 13.9248046875 13.9248046875
15.0263671875 15.0263671875 15.0263671875 15.0263671875 15.0263671875 15.0263671875 15.0263671875 15.0263671875 15.0263671875 15.0263671875
13.8154296875 13.8154296875 13.8154296875 13.8154296875 13.8154296875 13.8154296875 13.8154296875 13.8154296875 13.8154296875 13.8154296875
14.9169921875 14.9169921875 14.9169921875 14.9169921875 14.9169921875 14.9169921875 14.9169921875 14.9169921875 14.9169921875 14.9169921875
13.8154296875 13.8154296875 13.8154296875 13.8154296875 13.8154296875 13.8154296875 13.8154296875 13.8154296875 13.8154296875 13.8154296875
14.7646484375 14.7646484375 14.7646484375 14.7646484375 14.7646484375 14.7646484375 14.7646484375 14.7646484375 14.7646484375 14.7646484375
13.9248046875 13.9248046875 13.9248046875 13.9248046875 13.9248046875 13.9248046875 13.9248046875 13.9248046875 13.9248046875 13.9248046875
15.0263671875 15.0263671875 15.0263671875 15.0263671875 15.0263671875 15.0263671875 15.0263671875 15.0263671875 15.0263671875 15.0263671875
13.8154296875 13.8154296875 13.8154296875 13.8154296875 13.8154296875 13.8154296875 13.8154296875 13.8154296875 13.8154296875 13.8154296875
14.9169921875 14.9169921875 14.9169921875 14.9169921875 14.9169921875 14.9169921875 14.9169921875 14.9169921875 14.9169921875 14.9169921875
13.8154296875 13.8154296875 13.8154296875 13.8154296875 13.8154296875 13.8154296875 13.8154296875 13.8154296875 13.8154296875 13.8154296875
14.7646484375 14.7646484375 14.7646484375 14.7646484375 14.7646484375 14.7646484375 14.7646484375 14.7646484375 14.7646484375 14.7646484375
13.9248046875 13.9248046875 13.9248046875 13.9248046875 13.9248046875 13.9248046875 13.9248046875 13.9248046875 13.9248046875 13.9248046875
15.0263671875 15.0263671875 15.0263671875 15.0263671875 15.0263671875 15.0263671875 15.0263671875 15.0263671875 15.0263671875 15.0263671875
13.8154296875 13.8154296875 13.8154296875 13.8154296875 13.8154296875 13.8154296875 13.8154296875 13.8154296875 13.8154296875 13.8154296875
14.9169921875 14.9169921875 14.9169921875 14.9169921875 14.9169921875 14.9169921875 14.9169921875 14.9169921875 14.9169921875 14.9169921875
13.8154296875 13.8154296875 13.8154296875 13.8154296875 13.8154296875 13.8154296875 13.8154296875 13.8154296875 13.8154296875 13.8154296875
14.7646484375 14.7646484375 14.7646484375 14.7646484375 14.7646484375 14.7646484375 14.7646484375 14.7646484375 14.7646484375 14.7646484375
13.9248046875 13.9248046875 13.9248046875 13.9248046875 13.9248046875 13.9248046875 13.9248046875 13.9248046875 13.9248046875 13.9248046875
15.0263671875 15.0263671875 15.0263671875 15.0263671875 15.0263671875 15.0263671875 15.0263671875 15.0263671875 15.0263671875 15.0263671875
13.8154296875 13.8154296875 13.8154296875 13.8154296875 13.8154296875 13.8154296875 13.8154296875 13.8154296875 13.8154296875 13.8154296875
14.9169921875 14.9169921875 14.9169921875 14.9169921875 14.9169921875 14.9169921875 14.9169921875 14.9169921875 14.9169921875 14.9169921875
13.8154296875 13.8154296875 13.8154296875 13.8154296875 13.8154296875 13.8154296875 13.8154296875 13.8154296875 13.8154296875 13.8154296875
14.7646484375 14.7646484375 14.7646484375 14.7646484375 14.7646484375 14.7646484375 14.7646484375 14.7646484375 14.7646484375 14.7646484375
13.9248046875 13.9248046875 13.9248046875 13.9248046875 13.9248046875 13.9248046875 13.9248046875 13.9248046875 13.9248046875 13.9248046875
15.0263671875 15.0263671875 15.0263671875 15.0263671875 15.0263671875 15.0263671875 15.0263671875 15.0263671875 15.0263671875 15.0263671875
13.8154296875 13.8154296875 13.8154296875 13.8154296875 13.8154296875 13.8154296875 13.8154296875 13.8154296875 13.8154296875 13.8154296875
14.9169921875 14.9169921875 14.9169921875 14.9169921875 14.9169921875 14.9169921875 14.9169921875 14.9169921875 14.9169921875 14.9169921875
13.8154296875 13.8154296875 13.8154296875 13.8154296875 13.8154296875 13.8154296875 13.8154296875 13.8154296875 13.8154296875 13.8154296875
14.7646484375 14.7646484375 14.7646484375 14.7646484375 14.7646484375 14.7646484375 14.7646484375 14.7646484375 14.7646484375 14.7646484375
13.9248046875 13.9248046875 13.9248046875 13.9248046875 13.9248046875 13.9248046875 13.9248046875 13.9248046875 13.9248046875 13.9248046875
15.0263671875 15.0263671875 15.0263671875 15.0263671875 15.0263671875 15.0263671875 15.0263671875 15.0263671875 15.0263671875 15.0263671875
13.8154296875 13.8154296875 13.8154296875 13.8154296875 13.8154296875 13.8154296875 13.8154296875 13.8154296875 13.8154296875 13.8154296875
14.9169921875 14.9169921875 14.9169921875 14.9169921875 14.9169921875 14.9169921875 14.9169921875 14.9169921875 14.9169921875 14.9169921875
13.8154296875 13.8154296875 13.8154296875 13.8154296875 13.8154296875 13.8154296875 13.8154296875 13.8154296875 13.8154296875 13.8154296875
14.7646484375 14.7646484375 14.7646484375 14.7646484375 14.7646484375 14.7646484375 14.7646484375 14.7646484375 14.7646484375 14.7646484375
13.9248046875 13.9248046875 13.9248046875 13.9248046875 13.9248046875 13.9248046875 13.9248046875 13.9248046875 13.9248046875 13.9248046875
15.0263671875 15.0263671875 15.0263671875 15.0263671875 15.0263671875 15.0263671875 15.0263671875 15.0263671875 15.0263671875 15.0263671875
13.8154296875 13.8154296875 13.8154296875 13.8154296875 13.8154296875 13.8154296875 13.8154296875 13.8154296875 13.8154296875 13.8154296875
14.9169921875 14.9169921875 14.9169921875 14.9169921875 14.9169921875 14.9169921875 14.9169921875 14.9169921875 14.9169921875 14.9169921875
13.8154296875 13.8154296875 13.8154296875 13.8154296875 13.8154296875 13.8154296875 13.8154296875 13.8154296875 13.8154296875 13.8154296875
14.7646484375 14.7646484375 14.7646484375 14.7646484375 14.7646484375 14.7646484375 14.7646484375 14.7646484375 14.7646484375 14.7646484375
13.9248046875 13.9248046875 13.9248046875 13.9248046875 13.9248046875 13.9248046875 13.9248046875 13.9248046875 13.9248046875 13.9248046875
15.0263671875 15.0263671875 15.0263671875 15.0263671875 15.0263671875 15.0263671875 15.0263671875 15.0263671875 15.0263671875 15.0263671875
13.8154296875 13.8154296875 13.8154296875 13.8154296875 13.8154296875 13.8154296875 13.8154296875 13.8154296875 13.8154296875 13.8154296875
14.9169921875 14.9169921875 14.9169921875 14.9169921875 14.9169921875 14.9169921875 14.9169921875 14.9169921875 14.9169921875 14.9169921875
13.8154296875 13.8154296875 13.8154296875 13.8154296875 13.8154296875 13.8154296875 13.8154296875 13.8154296875 13.8154296875 13.8154296875
14.7646484375 14.7646484375 14.7646484375 14.7646484375 14.7646484375 14.7646484375 14.7646484375 14.7646484375 14.7646484375 14.7646484375
13.9248046875 13.9248046875 13.9248046875 13.9248046875 13.9248046875 13.9248046875 13.9248046875 13.9248046875 13.9248046875 13.9248046875
15.0263671875 15.0263671875 15.0263671875 15.0263671875 15.0263671875 15.0263671875 15.0263671875 15.0263671875 15.0263671875 15.0263671875
13.8154296875 13.8154296875 13.8154296875 13.8154296875 13.8154296875 13.8154296875 13.8154296875 13.8154296875 13.8154296875 13.8154296875
14.9169921875 14.9169921875 14.9169921875 14.9169921875 14.9169921875 14.9169921875 14.9169921875 14.9169921875 14.9169921875 14.9169921875
13.8154296875 13.8154296875 13.8154296875 13.8154296875 13.8154296875 13.8154296875 13.8154296875 13.8154296875 13.8154296875 13.8154296875
14.7646484375 14.7646484375 14.7646484375 14.7646484375 14.7646484375 14.7646484375 14.7646484375 14.7646484375 14.7646484375 14.7646484375
13.9248046875 13.9248046875 13.9248046875 13.9248046875 13.9248046875 13.9248046875 13.9248046875 13.9248046875 13.9248046875 13.9248046875
15.0263671875 15.0263671875 15.0263671875 15.0263671875 15.0263671875 15.0263671875 15.0263671875 15.0263671875 15.0263671875 15.0263671875
13.8154296875 13.8154296875 13.8154296875 13.8154296875 13.8154296875 13.8154296875 13.8154296875 13.8154296875 13.8154296875 13.8154296875
14.9169921875 14.9169921875 14.9169921875 14.9169921875 14.9169921875 14.9169921875 14.9169921875 14.9169921875 14.9169921875 14.9169921875
13.8154296875 13.8154296875 13.8154296875 13.8154296875 13.8154296875 13.8154296875 13.8154296875 13.8154296875 13.8154296875 13.8154296875
14.7646484375 14.7646484375 14.7646484375 14.7646484375 14.7646484375 14.7646484375 14.7646484375 14.7646484375 14.7646484375 14.7646484375
13.9248046875 13.9248046875 13.9248046875 13.9248046875 13.9248046875 13.9248046875 13.9248046875 13.9248046875 13.9248046875 13.9248046875
15.0263671875 15.0263671875 15.0263671875 15.0263671875 15.0263671875 15.0263671875 15.0263671875 15.0263671875 15.0263671875 15.0263671875
13.8154296875 13.8154296875 13.8154296875 13.8154296875 13.8154296875 13.8154296875 13.8154296875 13.8154296875 13.8154296875 13.8154296875
14.9169921875 14.9169921875 14.9169921875 14.9169921875 14.9169921875 14.9169921875 14.9169921875 14.9169921875 14.9169921875 14.9169921875
13.8154296875 13.8154296875 13.8154296875 13.8154296875 13.8154296875 13.8154296875 13.8154296875 13.8154296875 13.8154296875 13.8154296875
14.7646484375 14.7646484375 14.7646484375 14.7646484375 14.7646484375 14.7646484375 14.7646484375 14.7646484375 14.7646484375 14.7646484375
13.9248046875 13.9248046875 13.9248046875 13.9248046875 13.9248046875 13.9248046875 13.9248046875 13.9248046875 13.9248046875 13.9248046875
15.0263671875 15.0263671875 15.0263671875 15.0263671875 15.0263671875 15.0263671875 15.0263671875 15.0263671875 15.0263671875 15.0263671875
13.8154296875 13.8154296875 13.8154296875 13.8154296875 13.8154296875 13.8154296875 13.8154296875 13.8154296875 13.8154296875 13.8154296875
14.9169921875 14.9169921875 14.9169921875 14.9169921875 14.9169921875 14.9169921875 14.9169921875 14.9169921875 14.9169921875 14.9169921875
13.8154296875 13.8154296875 13.8154296875 13.8154296875 13.8154296875 13.8154296875 13.8154296875 13.8154296875 13.8154296875 13.8154296875
14.7646484375 14.7646484375 14.7646484375 14.7646484375 14.7646484375 14.7646484375 14.7646484375 14.7646484375 14.7646484375 14.7646484375
13.9248046875 13.9248046875 13.9248046875 13.9248046875 13.9248046875 13.9248046875 13.9248046875 13.9248046875 13.9248046875 13.9248046875
15.0263671875 15.0263671875 15.0263671875 15.0263671875 15.0263671875 15.0263671875 15.0263671875 15.0263671875 15.0263671875 15.0263671875
13.8154296875 13.8154296875 13.8154296875 13.8154296875 13.8154296875 13.8154296875 13.8154296875 13.8154296875 13.8154296875 13.8154296875
14.9169921875 14.9169921875 14.9169921875 14.9169921875 14.9169921875 14.9169921875 14.9169921875 14.9169921875 14.9169921875 14.9169921875
13.8154296875 13.8154296875 13.8154296875 13.8154296875 13.8154296875 13.8154296875 13.8154296875 13.8154296875 13.8154296875 13.8154296875
14.7646484375 14.7646484375 14.7646484375 14.7646484375 14.7646484375 14.7646484375 14.7646484375 14.7646484375 14.7646484375 14.7646484375
13.9248046875 13.9248046875 13.9248046875 13.9248046875 13.9248046875 13.9248046875 13.9248046875 13.9248046875 13.9248046875 13.9248046875
15.0263671875 15.0263671875 15.0263671875 15.0263671875 15.0263671875 15.0263671875 15.0263671875 15.0263671875 15.0263671875 15.0263671875
13.8154296875 13.8154296875 13.8154296875 13.8154296875 13.8154296875 13.8154296875 13.8154296875 13.8154296875 13.8154296875 13.8154296875
14.9169921875 14.9169921875 14.9169921875 14.9169921875 14.9169921875 14.9169921875 14.9169921875 14.9169921875 14.9169921875 14.9169921875
13.8154296875 13.8154296875 13.8154296875 13.8154296875 13.8154296875 13.8154296875 13.8154296875 13.8154296875 13.8154296875 13.8154296875
14.7646484375 14.7646484375 14.7646484375 14.7646484375 14.7646484375 14.7646484375 14.7646484375 14.7646484375 14.7646484375 14.7646484375
13.9248046875 13.9248046875 13.9248046875 13.9248046875 13.9248046875 13.9248046875 13.9248046875 13.9248046875 13.9248046875 13.9248046875
15.0263671875 15.0263671875 15.0263671875 15.0263671875 15.0263671875 15.0263671875 15.0263671875 15.0263671875 15.0263671875 15.0263671875
13.8154296875 13.8154296875 13.8154296875 13.8154296875 13.8154296875 13.8154296875 13.8154296875 13.8154296875 13.8154296875 13.8154296875
14.9169921875 14.9169921875 14.9169921875 14.9169921875 14.9169921875 14.9169921875 14.9169921875 14.9169921875 14.9169921875 14.9169921875
13.8154296875 13.8154296875 13.8154296875 13.8154296875 13.8154296875 13.8154296875 13.8154296875 13.8154296875 13.8154296875 13.8154296875
14.7646484375 14.7646484375 14.7646484375 14.7646484375 14.7646484375 14.7646484375 14.7646484375 14.7646484375 14.7646484375 14.7646484375
13.9248046875 13.9248046875 13.9248046875 13.9248046875 13.9248046875 13.9248046875 13.9248046875 13.9248046875 13.9248046875 13.9248046875
15.0263671875 15.0263671875 15.0263671875 15.0263671875 15.0263671875 15.0263671875 15.0263671875 15.0263671875 15.0263671875 15.0263671875
13.8154296875 13.8154296875 13.8154296875 13.8154296875 13.8154296875 13.8154296875 13.8154296875 13.8154296875 13.8154296875 13.8154296875
14.9169921875 14.9169921875 14.9169921875 14.9169921875 14.9169921875 14.9169921875 14.9169921875 14.9169921875 14.9169921875 14.9169921875
13.8154296875 13.8154296875 13.8154296875 13.8154296875 13.8154296875 13.8154296875 13.8154296875 13.8154296875 13.8154296875 13.8154296875
14.7646484375 14.7646484375 14.7646484375 14.7646484375 14.7646484375 14.7646484375 14.7646484375 14.7646484375 14.7646484375 14.7646484375
13.9248046875 13.9248046875 13.9248046875 13.9248046875 13.9248046875 13.9248046875 13.9248046875 13.9248046875 13.9248046875 13.9248046875
15.0263671875 15.0263671875 15.0263671875 15.0263671875 15.0263671875 15.0263671875 15.0263671875 15.0263671875 15.0263671875 15.0263671875
13.8154296875 13.8154296875 13.8154296875 13.8154296875 13.8154296875 13.8154296875 13.8154296875 13.8154296875 13.8154296875 13.8154296875
14.9169921875 14.9169921875 14.9169921875 14.9169921875 14.9169921875 14.9169921875 14.9169921875 14.9169921875 14.9169921875 14.9169921875
13.8154296875 13.8154296875 13.8154296875 13.8154296875 13.8154296875 13.8154296875 13.8154296875 13.8154296875 13.8154296875 13.8154296875
14.7646484375 14.7646484375 14.7646484375 14.7646484375 14.7646484375 14.7646484375 14.7646484375 14.7646484375 14.7646484375 14.7646484375
13.9248046875 13.9248046875 13.9248046875 13.9248046875 13.9248046875 13.9248046875 13.9248046875 13.9248046875 13.9248046875 13.9248046875
15.0263671875 15.0263671875 15.0263671875 15.0263671875 15.0263671875 15.0263671875 15.0263671875 15.0263671875 15.0263671875 15.0263671875
13.8154296875 13.8154296875 13.8154296875 13.8154296875 13.8154296875 13.8154296875 13.8154296875 13.8154296875 13.8154296875 13.8154296875
14.9169921875 14.9169921875 14.9169921875 14.9169921875 14.9169921875 14.9169921875 14.9169921875 14.9169921875 14.9169921875 14.9169921875
13.8154296875 13.8154296875 13.8154296875 13.8154296875 13.8154296875 13.8154296875 13.8154296875 13.8154296875 13.8154296875 13.8154296875
14.7646484375 14.7646484375 14.7646484375 14.7646484375 14.7646484375 14.7646484375 14.7646484375 14.7646484375 14.7646484375 14.7646484375
13.9248046875 13.9248046875 13.9248046875 13.9248046875 13.9248046875 13.9248046875 13.9248046875 13.9248046875 13.9248046875 13.9248046875
15.0263671875 15.0263671875 15.0263671875 15.0263671875 15.0263671875 15.0263671875 15.0263671875 15.0263671875 15.0263671875 15.0263671875
13.8154296875 13.8154296875 13.8154296875 13.8154296875 13.8154296875 13.8154296875 13.8154296875 13.8154296875 13.8154296875 13.8154296875
14.9169921875 14.9169921875 14.9169921875 14.9169921875 14.9169921875 14.9169921875 14.9169921875 14.9169921875 14.9169921875 14.9169921875
13.8154296875 13.8154296875 13.8154296875 13.8154296875 13.8154296875 13.8154296875 13.8154296875 13.8154296875 13.8154296875 13.8154296875
14.7646484375 14.7646484375 14.7646484375 14.7646484375 14.7646484375 14.7646484375 14.7646484375 14.7646484375 14.7646484375 14.7646484375
13.9248046875 13.9248046875 13.9248046875 13.9248046875 13.9248046875 13.9248046875 13.9248046875 13.9248046875 13.9248046875 13.9248046875
15.0263671875 15.0263671875 15.0263671875 15.0263671875 15.0263671875 15.0263671875 15.0263671875 15.0263671875 15.0263671875 15.0263671875
13.8154296875 13.8154296875 13.8154296875 13.8154296875 13.8154296875 13.8154296875 13.8154296875 13.8154296875 13.8154296875 13.8154296875
14.9169921875 14.9169921875 14.9169921875 14.9169921875 14.9169921875 14.9169921875 14.9169921875 14.9169921875 14.9169921875 14.9169921875
13.8154296875 13.8154296875 13.8154296875 13.8154296875 13.8154296875 13.8154296875 13.8154296875 13.8154296875 13.8154296875 13.8154296875
14.7646484375 14.7646484375 14.7646484375 14.7646484375 14.7646484375 14.7646484375 14.7646484375 14.7646484375 14.7646484375 14.7646484375
13.9248046875 13.9248046875 13.9248046875 13.9248046875 13.9248046875 13.9248046875 13.9248046875 13.9248046875 13.9248046875 13.9248046875
15.0263671875 15.0263671875 15.0263671875 15.0263671875 15.0263671875 15.0263671875 15.0263671875 15.0263671875 15.0263671875 15.0263671875
13.8154296875 13.8154296875 13.8154296875 13.8154296875 13.8154296875 13.8154296875 13.8154296875 13.8154296875 13.8154296875 13.8154296875
14.9169921875 14.9169921875 14.9169921875 14.9169921875 14.9169921875 14.9169921875 14.9169921875 14.9169921875 14.9169921875 14.9169921875
13.8154296875 13.8154296875 13.8154296875 13.8154296875 13.8154296875 13.8154296875 13.8154296875 13.8154296875 13.8154296875 13.8154296875
14.7646484375 14.7646484375 14.7646484375 14.7646484375 14.7646484375 14.7646484375 14.7646484375 14.7646484375 14.7646484375 14.7646484375
13.9248046875 13.9248046875 13.9248046875 13.9248046875 13.9248046875 13.9248046875 13.9248046875 13.9248046875 13.9248046875 13.9248046875
15.0263671875 15.0263671875 15.0263671875 15.0263671875 15.0263671875 15.0263671875 15.0263671875 15.0263671875 15.0263671875 15.0263671875
13.8154296875 13.8154296875 13.8154296875 13.8154296875 13.8154296875 13.8154296875 13.8154296875 13.8154296875 13.8154296875 13.8154296875
14.9169921875 14.9169921875 14.9169921875 14.9169921875 14.9169921875 14.9169921875 14.9169921875 14.9169921875 14.9169921875 14.9169921875
13.8154296875 13.8154296875 13.8154296875 13.8154296875 13.8154296875 13.8154296875 13.8154296875 13.8154296875 13.8154296875 13.8154296875
14.7646484375 14.7646484375 14.7646484375 14.7646484375 14.7646484375 14.7646484375 14.7646484375 14.7646484375 14.7646484375 14.7646484375
13.9248046875 13.9248046875 13.9248046875 13.9248046875 13.9248046875 13.9248046875 13.9248046875 13.9248046875 13.9248046875 13.9248046875
15.0263671875 15.0263671875 15.0263671875 15.0263671875 15.0263671875 15.0263671875 15.0263671875 15.0263671875 15.0263671875 15.0263671875
13.8154296875 13.8154296875 13.8154296875 13.8154296875 13.8154296875 13.8154296875 13.8154296875 13.8154296875 13.8154296875 13.8154296875
14.9169921875 14.9169921875 14.9169921875 14.9169921875 14.9169921875 14.9169921875 14.9169921875 14.9169921875 14.9169921875 14.9169921875
13.8154296875 13.8154296875 13.8154296875 13.8154296875 13.8154296875 13.8154296875 13.8154296875 13.8154296875 13.8154296875 13.8154296875
14.7646484375 14.7646484375 14.7646484375 14.7646484375 14.7646484375 14.7646484375 14.7646484375 14.7646484375 14.7646484375 14.7646484375
13.9248046875 13.9248046875 13.9248046875 13.9248046875 13.9248046875 13.9248046875 13.9248046875 13.9248046875 13.9248046875 13.9248046875
15.0263671875 15.0263671875 15.0263671875 15.0263671875 15.0263671875 15.0263671875 15.0263671875 15.0263671875 15.0263671875 15.0263671875
13.8154296875 13.8154296875 13.8154296875 13.8154296875 13.8154296875 13.8154296875 13.8154296875 13.8154296875 13.8154296875 13.8154296875
14.9169921875 14.9169921875 14.9169921875 14.9169921875 14.9169921875 14.9169921875 14.9169921875 14.9169921875 14.9169921875 14.9169921875
13.8154296875 13.8154296875 13.8154296875 13.8154296875 13.8154296875 13.8154296875 13.8154296875 13.8154296875 13.8154296875 13.8154296875
14.7646484375 14.7646484375 14.7646484375 14.7646484375 14.7646484375 14.7646484375 14.7646484375 14.7646484375 14.7646484375 14.7646484375
13.9248046875 13.9248046875 13.9248046875 13.9248046875 13.9248046875 13.9248046875 13.9248046875 13.9248046875 13.9248046875 13.9248046875
15.0263671875 15.0263671875 15.0263671875 15.0263671875 15.0263671875 15.0263671875 15.0263671875 15.0263671875 15.0263671875 15.0263671875
13.8154296875 13.8154296875 13.8154296875 13.8154296875 13.8154296875 13.8154296875 13.8154296875 13.8154296875 13.8154296875 13.8154296875
14.9169921875 14.9169921875 14.9169921875 14.9169921875 14.9169921875 14.9169921875 14.9169921875 14.9169921875 14.9169921875 14.9169921875
13.8154296875 13.8154296875 13.8154296875 13.8154296875 13.8154296875 13.8154296875 13.8154296875 13.8154296875 13.8154296875 13.8154296875
14.7646484375 14.7646484375 14.7646484375 14.7646484375 14.7646484375 14.7646484375 14.7646484375 14.7646484375 14.7646484375 14.7646484375
13.9248046875 13.9248046875 13.9248046875 13.9248046875 13.9248046875 13.9248046875 13.9248046875 13.9248046875 13.9248046875 13.9248046875
15.0263671875 15.0263671875 15.0263671875 15.0263671875 15.0263671875 15.0263671875 15.0263671875 15.0263671875 15.0263671875 15.0263671875
13.8154296875 13.8154296875 13.8154296875 13.8154296875 13.8154296875 13.8154296875 13.8154296875 13.8154296875 13.8154296875 13.8154296875
14.9169921875 14.9169921875 14.9169921875 14.9169921875 14.9169921875 14.9169921875 14.9169921875 14.9169921875 14.9169921875 14.9169921875
13.8154296875 13.8154296875 13.8154296875 13.8154296875 13.8154296875 13.8154296875 13.8154296875 13.8154296875 13.8154296875 13.8154296875
14.7646484375 14.7646484375 14.7646484375 14.7646484375 14.7646484375 14.7646484375 14.7646484375 14.7646484375 14.7646484375 14.7646484375
13.9248046875 13.9248046875 13.9248046875 13.9248046875 13.9248046875 13.9248046875 13.9248046875 13.9248046875 13.9248046875 13.9248046875
15.0263671875 15.0263671875 15.0263671875 15.0263671875 15.0263671875 15.0263671875 15.0263671875 15.0263671875 15.0263671875 15.0263671875
13.8154296875 13.8154296875 13.8154296875 13.8154296875 13.8154296875 13.8154296875 13.8154296875 13.8154296875 13.8154296875 13.8154296875
14.9169921875 14.9169921875 14.9169921875 14.9169921875 14.9169921875 14.9169921875 14.9169921875 14.9169921875 14.9169921875 14.9169921875
13.8154296875 13.8154296875 13.8154296875 13.8154296875 13.8154296875 13.8154296875 13.8154296875 13.8154296875 13.8154296875 13.8154296875
14.7646484375 14.7646484375 14.7646484375 14.7646484375 14.7646484375 14.7646484375 14.7646484375 14.7646484375 14.7646484375 14.7646484375
13.9248046875 13.9248046875 13.9248046875 13.9248046875 13.9248046875 13.9248046875 13.9248046875 13.9248046875 13.9248046875 13.9248046875
15.0263671875 15.0263671875 15.0263671875 15.0263671875 15.0263671875 15.0263671875 15.0263671875 15.0263671875 15.0263671875 15.0263671875
13.8154296875 13.8154296875 13.8154296875 13.8154296875 13.8154296875 13.8154296875 13.8154296875 13.8154296875 13.8154296875 13.8154296875
14.9169921875 14.9169921875 14.9169921875 14.9169921875 14.9169921875 14.9169921875 14.9169921875 14.9169921875 14.9169921875 14.9169921875
13.8154296875 13.8154296875 13.8154296875 13.8154296875 13.8154296875 13.8154296875 13.8154296875 13.8154296875 13.8154296875 13.8154296875
14.7646484375 14.7646484375 14.7646484375 14.7646484375 14.7646484375 14.7646484375 14.7646484375 14.7646484375 14.7646484375 14.7646484375
13.9248046875 13.9248046875 13.9248046875 13.9248046875 13.9248046875 13.9248046875 13.9248046875 13.9248046875 13.9248046875 13.9248046875
15.0263671875 15.0263671875 15.0263671875 15.0263671875 15.0263671875 15.0263671875 15.0263671875 15.0263671875 15.0263671875 15.0263671875
13.8154296875 13.8154296875 13.8154296875 13.8154296875 13.8154296875 13.8154296875 13.8154296875 13.8154296875 13.8154296875 13.8154296875
14.9169921875 14.9169921875 14.9169921875 14.9169921875 14.9169921875 14.9169921875 14.9169921875 14.9169921875 14.9169921875 14.9169921875
13.8154296875 13.8154296875 13.8154296875 13.8154296875 13.8154296875 13.8154296875 13.8154296875 13.8154296875 13.8154296875 13.8154296875
14.7646484375 14.7646484375 14.7646484375 14.7646484375 14.7646484375 14.7646484375 14.7646484375 14.7646484375 14.7646484375 14.7646484375
13.9248046875 13.9248046875 13.9248046875 13.9248046875 13.9248046875 13.9248046875 13.9248046875 13.9248046875 13.9248046875 13.9248046875
15.0263671875 15.0263671875 15.0263671875 15.0263671875 15.0263671875 15.0263671875 15.0263671875 15.0263671875 15.0263671875 15.0263671875
13.8154296875 13.8154296875 13.8154296875 13.8154296875 13.8154296875 13.8154296875 13.8154296875 13.8154296875 13.8154296875 13.8154296875
14.9169921875 14.9169921875 14.9169921875 14.9169921875 14.9169921875 14.9169921875 14.9169921875 14.9169921875 14.9169921875 14.9169921875
13.8154296875 13.8154296875 13.8154296875 13.8154296875 13.8154296875 13.8154296875 13.8154296875 13.8154296875 13.8154296875 13.8154296875
14.7646484375 14.7646484375 14.7646484375 14.7646484375 14.7646484375 14.7646484375 14.7646484375 14.7646484375 14.7646484375 14.7646484375
13.9248046875 13.9248046875 13.9248046875 13.9248046875 13.9248046875 13.9248046875 13.9248046875 13.9248046875 13.9248046875 13.9248046875
15.0263671875 15.0263671875 15.0263671875 15.0263671875 15.0263671875 15.0263671875 15.0263671875 15.0263671875 15.0263671875 15.0263671875
13.8154296875 13.8154296875 13.8154296875 13.8154296875 13.8154296875 13.8154296875 13.8154296875 13.8154296875 13.8154296875 13.8154296875
14.9169921875 14.9169921875 14.9169921875 14.9169921875 14.9169921875 14.9169921875 14.9169921875 14.9169921875 14.9169921875 14.9169921875
13.8154296875 13.8154296875 13.8154296875 13.8154296875 13.8154296875 13.8154296875 13.8154296875 13.8154296875 13.8154296875 13.8154296875
14.7646484375 14.7646484375 14.7646484375 14.7646484375 14.7646484375 14.7646484375 14.7646484375 14.7646484375 14.7646484375 14.7646484375
13.9248046875 13.9248046875 13.9248046875 13.9248046875 13.9248046875 13.9248046875 13.9248046875 13.9248046875 13.9248046875 13.9248046875
15.0263671875 15.0263671875 15.0263671875 15.0263671875 15.0263671875 15.0263671875 15.0263671875 15.0263671875 15.0263671875 15.0263671875
13.8154296875 13.8154296875 13.8154296875 13.8154296875 13.8154296875 13.8154296875 13.8154296875 13.8154296875 13.8154296875 13.8154296875
14.9169921875 14.9169921875 14.9169921875 14.9169921875 14.9169921875 14.9169921875 14.9169921875 14.9169921875 14.9169921875 14.9169921875
13.8154296875 13.8154296875 13.8154296875 13.8154296875 13.8154296875 13.8154296875 13.8154296875 13.8154296875 13.8154296875 13.8154296875
14.7646484375 14.7646484375 14.7646484375 14.7646484375 14.7646484375 14.7646484375 14.7646484375 14.7646484375 14.7646484375 14.7646484375
13.9248046875 13.9248046875 13.9248046875 13.9248046875 13.9248046875 13.9248046875 13.9248046875 13.9248046875 13.9248046875 13.9248046875
15.0263671875 15.0263671875 15.0263671875 15.0263671875 15.0263671875 15.0263671875 15.0263671875 15.0263671875 15.0263671875 15.0263671875
13.8154296875 13.8154296875 13.8154296875 13.8154296875 13.8154296875 13.8154296875 13.8154296875 13.8154296875 13.8154296875 13.8154296875
14.9169921875 14.9169921875 14.9169921875 14.9169921875 14.9169921875 14.9169921875 14.9169921875 14.9169921875 14.9169921875 14.9169921875
13.8154296875 13.8154296875 13.8154296875 13.8154296875 13.8154296875 13.8154296875 13.8154296875 13.8154296875 13.8154296875 13.8154296875
14.7646484375 14.7646484375 14.7646484375 14.7646484375 14.7646484375 14.7646484375 14.7646484375 14.7646484375 14.7646484375 14.7646484375
13.9248046875 13.9248046875 13.9248046875 13.9248046875 13.9248046875 13.9248046875 13.9248046875 13.9248046875 13.9248046875 13.9248046875
15.0263671875 15.0263671875 15.0263671875 15.0263671875 15.0263671875 15.0263671875 15.0263671875 15.0263671875 15.0263671875 15.0263671875
13.8154296875 13.8154296875 13.8154296875 13.8154296875 13.8154296875 13.8154296875 13.8154296875 13.8154296875 13.8154296875 13.8154296875
14.9169921875 14.9169921875 14.9169921875 14.9169921875 14.9169921875 14.9169921875 14.9169921875 14.9169921875 14.9169921875 14.9169921875
13.8154296875 13.8154296875 13.8154296875 13.8154296875 13.8154296875 13.8154296875 13.8154296875 13.8154296875 13.8154296875 13.8154296875
14.7646484375 14.7646484375 14.7646484375 14.7646484375 14.7646484375 14.7646484375 14.7646484375 14.7646484375 14.7646484375 14.7646484375
13.9248046875 13.9248046875 13.9248046875 13.9248046875 13.9248046875 13.9248046875 13.9248046875 13.9248046875 13.9248046875 13.9248046875
15.0263671875 15.0263671875 15.0263671875 15.0263671875 15.0263671875 15.0263671875 15.0263671875 15.0263671875 15.0263671875 15.0263671875
13.8154296875 13.8154296875 13.8154296875 13.8154296875 13.8154296875 13.8154296875 13.8154296875 13.8154296875 13.8154296875 13.8154296875
14.9169921875 14.9169921875 14.9169921875 14.9169921875 14.9169921875 14.9169921875 14.9169921875 14.9169921875 14.9169921875 14.9169921875
13.8154296875 13.8154296875 13.8154296875 13.8154296875 13.8154296875 13.8154296875 13.8154296875 13.8154296875 13.8154296875 13.8154296875
14.7646484375 14.7646484375 14.7646484375 14.7646484375 14.7646484375 14.7646484375 14.7646484375 14.7646484375 14.7646484375 14.7646484375
13.9248046875 13.9248046875 13.9248046875 13.9248046875 13.9248046875 13.9248046875 13.9248046875 13.9248046875 13.9248046875 13.9248046875
15.0263671875 15.0263671875 15.0263671875 15.0263671875 15.0263671875 15.0263671875 15.0263671875 15.0263671875 15.0263671875 15.0263671875
13.8154296875 13.8154296875 13.8154296875 13.8154296875 13.8154296875 13.8154296875 13.8154296875 13.8154296875 13.8154296875 13.8154296875
14.9169921875 14.9169921875 14.9169921875 14.9169921875 14.9169921875 14.9169921875 14.9169921875 14.9169921875 14.9169921875 14.9169921875
13.8154296875 13.8154296875 13.8154296875 13.8154296875 13.8154296875 13.8154296875 13.8154296875 13.8154296875 13.8154296875 13.8154296875
14.7646484375 14.7646484375 14.7646484375 14.7646484375 14.7646484375 14.7646484375 14.7646484375 14.7646484375 14.7646484375 14.7646484375
13.9248046875 13.9248046875 13.9248046875 13.9248046875 13.9248046875 13.9248046875 13.9248046875 13.9248046875 13.9248046875 13.9248046875
15.0263671875 15.0263671875 15.0263671875 15.0263671875 15.0263671875 15.0263671875 15.0263671875 15.0263671875 15.0263671875 15.0263671875
13.8154296875 13.8154296875 13.8154296875 13.8154296875 13.8154296875 13.8154296875 13.8154296875 13.8154296875 13.8154296875 13.8154296875
14.9169921875 14.9169921875 14.9169921875 14.9169921875 14.9169921875 14.9169921875 14.9169921875 14.9169921875 14.9169921875 14.9169921875
13.8154296875 13.8154296875 13.8154296875 13.8154296875 13.8154296875 13.8154296875 13.8154296875 13.8154296875 13.8154296875 13.8154296875
14.7646484375 14.7646484375 14.7646484375 14.7646484375 14.7646484375 14.7646484375 14.7646484375 14.7646484375 14.7646484375 14.7646484375
13.9248046875 13.9248046875 13.9248046875 13.9248046875 13.9248046875 13.9248046875 13.9248046875 13.9248046875 13.9248046875 13.9248046875
15.0263671875 15.0263671875 15.0263671875 15.0263671875 15.0263671875 15.0263671875 15.0263671875 15.0263671875 15.0263671875 15.0263671875
13.8154296875 13.8154296875 13.8154296875 13.8154296875 13.8154296875 13.8154296875 13.8154296875 13.8154296875 13.8154296875 13.8154296875
14.9169921875 14.9169921875 14.9169921875 14.9169921875 14.9169921875 14.9169921875 14.9169921875 14.9169921875 14.9169921875 14.9169921875
13.8154296875 13.8154296875 13.8154296875 13.8154296875 13.8154296875 13.8154296875 13.8154296875 13.8154296875 13.8154296875 13.8154296875
14.7646484375 14.7646484375 14.7646484375 14.7646484375 14.7646484375 14.7646484375 14.7646484375 14.7646484375 14.7646484375 14.7646484375
13.9248046875 13.9248046875 13.9248046875 13.9248046875 13.9248046875 13.9248046875 13.9248046875 13.9248046875 13.9248046875 13.9248046875
15.0263671875 15.0263671875 15.0263671875 15.0263671875 15.0263671875 15.0263671875 15.0263671875 15.0263671875 15.0263671875 15.0263671875
13.8154296875 13.8154296875 13.8154296875 13.8154296875 13.8154296875 13.8154296875 13.8154296875 13.8154296875 13.8154296875 13.8154296875
14.9169921875 14.9169921875 14.9169921875 14.9169921875 14.9169921875 14.9169921875 14.9169921875 14.9169921875 14.9169921875 14.9169921875
13.8154296875 13.8154296875 13.8154296875 13.8154296875 13.8154296875 13.8154296875 13.8154296875 13.8154296875 13.8154296875 13.8154296875
14.7646484375 14.7646484375 14.7646484375 14.7646484375 14.7646484375 14.7646484375 14.7646484375 14.7646484375 14.7646484375 14.7646484375
13.9248046875 13.9248046875 13.9248046875 13.9248046875 13.9248046875 13.9248046875 13.9248046875 13.9248046875 13.9248046875 13.9248046875
15.0263671875 15.0263671875 15.0263671875 15.0263671875 15.0263671875 15.0263671875 15.0263671875 15.0263671875 15.0263671875 15.0263671875
13.8154296875 13.8154296875 13.8154296875 13.8154296875 13.8154296875 13.8154296875 13.8154296875 13.8154296875 13.8154296875 13.8154296875
14.9169921875 14.9169921875 14.9169921875 14.9169921875 14.9169921875 14.9169921875 14.9169921875 14.9169921875 14.9169921875 14.9169921875
13.8154296875 13.8154296875 13.8154296875 13.8154296875 13.8154296875 13.8154296875 13.8154296875 13.8154296875 13.8154296875 13.8154296875
14.7646484375 14.7646484375 14.7646484375 14.7646484375 14.7646484375 14.7646484375 14.7646484375 14.7646484375 14.7646484375 14.7646484375
13.9248046875 13.9248046875 13.9248046875 13.9248046875 13.9248046875 13.9248046875 13.9248046875 13.9248046875 13.9248046875 13.9248046875
15.0263671875 15.0263671875 15.0263671875 15.0263671875 15.0263671875 15.0263671875 15.0263671875 15.0263671875 15.0263671875 15.0263671875
13.8154296875 13.8154296875 13.8154296875 13.8154296875 13.8154296875 13.8154296875 13.8154296875 13.8154296875 13.8154296875 13.8154296875
14.9169921875 14.9169921875 14.9169921875 14.9169921875 14.9169921875 14.9169921875 14.9169921875 14.9169921875 14.9169921875 14.9169921875
13.8154296875 13.8154296875 13.8154296875 13.8154296875 13.8154296875 13.8154296875 13.8154296875 13.8154296875 13.8154296875 13.8154296875
14.7646484375 14.7646484375 14.7646484375 14.7646484375 14.7646484375 14.7646484375 14.7646484375 14.7646484375 14.7646484375 14.7646484375
13.9248046875 13.9248046875 13.9248046875 13.9248046875 13.9248046875 13.9248046875 13.9248046875 13.9248046875 13.9248046875 13.9248046875
15.0263671875 15.0263671875 15.0263671875 15.0263671875 15.0263671875 15.0263671875 15.0263671875 15.0263671875 15.0263671875 15.0263671875
13.8154296875 13.8154296875 13.8154296875 13.8154296875 13.8154296875 13.8154296875 13.8154296875 13.8154296875 13.8154296875 13.8154296875
14.9169921875 14.9169921875 14.9169921875 14.9169921875 14.9169921875 14.9169921875 14.9169921875 14.9169921875 14.9169921875 14.9169921875
13.8154296875 13.8154296875 13.8154296875 13.8154296875 13.8154296875 13.8154296875 13.8154296875 13.8154296875 13.8154296875 13.8154296875
14.7646484375 14.7646484375 14.7646484375 14.7646484375 14.7646484375 14.7646484375 14.7646484375 14.7646484375 14.7646484375 14.7646484375
13.9248046875 13.9248046875 13.9248046875 13.9248046875 13.9248046875 13.9248046875 13.9248046875 13.9248046875 13.9248046875 13.9248046875
15.0263671875 15.0263671875 15.0263671875 15.0263671875 15.0263671875 15.0263671875 15.0263671875 15.0263671875 15.0263671875 15.0263671875
13.8154296875 13.8154296875 13.8154296875 13.8154296875 13.8154296875 13.8154296875 13.8154296875 13.8154296875 13.8154296875 13.8154296875
14.9169921875 14.9169921875 14.9169921875 14.9169921875 14.9169921875 14.9169921875 14.9169921875 14.9169921875 14.9169921875 14.9169921875
13.8154296875 13.8154296875 13.8154296875 13.8154296875 13.8154296875 13.8154296875 13.8154296875 13.8154296875 13.8154296875 13.8154296875
14.7646484375 14.7646484375 14.7646484375 14.7646484375 14.7646484375 14.7646484375 14.7646484375 14.7646484375 14.7646484375 14.7646484375
13.9248046875 13.9248046875 13.9248046875 13.9248046875 13.9248046875 13.9248046875 13.9248046875 13.9248046875 13.9248046875 13.9248046875
15.0263671875 15.0263671875 15.0263671875 15.0263671875 15.0263671875 15.0263671875 15.0263671875 15.0263671875 15.0263671875 15.0263671875
13.8154296875 13.8154296875 13.8154296875 13.8154296875 13.8