11.55859375 11.58984375 11.58984375 11.61328125 11.61328125 11.61328125 11.64453125 11.64453125 11.64453125 11.64453125 
13.546875 13.578125 13.578125 13.6015625 13.6015625 13.6015625 13.6328125 13.6328125 13.6328125 13.6328125 
13.6708984375 13.7021484375 13.7021484375 13.7255859375 13.7255859375 13.7255859375 13.7568359375 13.7568359375 13.7568359375 13.7568359375 
14.927734375 14.958984375 14.958984375 14.982421875 14.982421875 14.982421875 15.013671875 15.013671875 15.013671875 15.013671875 
16.849609375 16.880859375 16.880859375 16.904296875 16.904296875 16.904296875 14.69140625 14.69140625 14.69140625 14.69140625 
14.2080078125 14.2392578125 14.2392578125 14.2626953125 14.2626953125 14.2626953125 14.2939453125 14.2939453125 14.2939453125 14.2939453125 
16.23046875 16.26171875 16.26171875 16.28515625 16.28515625 16.28515625 16.31640625 16.31640625 16.31640625 16.31640625 
13.416015625 13.447265625 13.447265625 13.470703125 13.470703125 13.470703125 13.501953125 13.501953125 13.501953125 13.501953125 
15.34765625 15.37890625 15.37890625 15.40234375 15.40234375 15.40234375 15.43359375 15.43359375 15.43359375 15.43359375 
13.068359375 13.099609375 13.099609375 13.123046875 13.123046875 13.123046875 13.154296875 13.154296875 13.154296875 13.154296875 
15.0732421875 15.1044921875 15.1044921875 15.1279296875 15.1279296875 15.1279296875 15.1591796875 15.1591796875 15.1591796875 15.1591796875 
14.6337890625 14.6650390625 14.6650390625 14.6884765625 14.6884765625 14.6884765625 14.7197265625 14.7197265625 14.7197265625 14.7197265625 
15.16015625 15.19140625 15.19140625 15.21484375 15.21484375 15.21484375 15.24609375 15.24609375 15.24609375 15.24609375 
14.3447265625 14.3759765625 14.3759765625 14.3994140625 14.3994140625 14.3994140625 14.4306640625 14.4306640625 14.4306640625 14.4306640625 
14.888671875 14.919921875 14.919921875 14.943359375 14.943359375 14.943359375 14.974609375 14.974609375 14.974609375 14.974609375 
14.861328125 14.892578125 14.892578125 14.916015625 14.916015625 14.916015625 14.947265625 14.947265625 14.947265625 14.947265625 
15.1181640625 15.1494140625 15.1494140625 15.1728515625 15.1728515625 15.1728515625 15.2041015625 15.2041015625 15.2041015625 15.2041015625 
17.13671875 17.16796875 17.16796875 17.19140625 17.19140625 17.19140625 17.22265625 17.22265625 17.22265625 17.22265625 
13.3681640625 13.3994140625 13.3994140625 13.4228515625 13.4228515625 13.4228515625 13.4541015625 13.4541015625 13.4541015625 13.4541015625 
15.396484375 15.427734375 15.427734375 15.451171875 15.451171875 15.451171875 15.482421875 15.482421875 15.482421875 15.482421875 
13.5380859375 13.5693359375 13.5693359375 13.5927734375 13.5927734375 13.5927734375 13.6240234375 13.6240234375 13.6240234375 13.6240234375 
15.556640625 15.587890625 15.587890625 15.611328125 15.611328125 15.611328125 15.642578125 15.642578125 15.642578125 15.642578125 
13.1484375 13.1796875 13.1796875 13.203125 13.203125 13.203125 13.234375 13.234375 13.234375 13.234375 
14.8984375 14.9296875 14.9296875 14.953125 14.953125 14.953125 14.984375 14.984375 14.984375 14.984375 
14.017578125 14.048828125 14.048828125 14.072265625 14.072265625 14.072265625 14.103515625 14.103515625 14.103515625 14.103515625 
14.697265625 14.728515625 14.728515625 14.751953125 14.751953125 14.751953125 14.783203125 14.783203125 14.783203125 14.783203125 
14.4951171875 14.5263671875 14.5263671875 14.5498046875 14.5498046875 14.5498046875 14.5810546875 14.5810546875 14.5810546875 14.5810546875 
15.2080078125 15.2392578125 15.2392578125 15.2626953125 15.2626953125 15.2626953125 15.2939453125 15.2939453125 15.2939453125 15.2939453125 
17.216796875 17.248046875 17.248046875 17.271484375 17.271484375 17.271484375 17.302734375 17.302734375 17.302734375 17.302734375 
13.46484375 13.49609375 13.49609375 13.51953125 13.51953125 13.51953125 13.55078125 13.55078125 13.55078125 13.55078125 
15.2998046875 15.3310546875 15.3310546875 15.3544921875 15.3544921875 15.3544921875 15.3857421875 15.3857421875 15.3857421875 15.3857421875 
13.4267578125 13.4580078125 13.4580078125 13.4814453125 13.4814453125 13.4814453125 13.5126953125 13.5126953125 13.5126953125 13.5126953125 
15.435546875 15.466796875 15.466796875 15.490234375 15.490234375 15.490234375 15.521484375 15.521484375 15.521484375 15.521484375 
13.400390625 13.431640625 13.431640625 13.455078125 13.455078125 13.455078125 13.486328125 13.486328125 13.486328125 13.486328125 
15.322265625 15.353515625 15.353515625 15.376953125 15.376953125 15.376953125 15.408203125 15.408203125 15.408203125 15.408203125 
13.0517578125 13.0830078125 13.0830078125 13.1064453125 13.1064453125 13.1064453125 13.1376953125 13.1376953125 13.1376953125 13.1376953125 
15.1533203125 15.1845703125 15.1845703125 15.2080078125 15.2080078125 15.2080078125 15.2392578125 15.2392578125 15.2392578125 15.2392578125 
15.0869140625 15.1181640625 15.1181640625 15.1416015625 15.1416015625 15.1416015625 15.1728515625 15.1728515625 15.1728515625 15.1728515625 
15.1796875 15.2109375 15.2109375 15.234375 15.234375 15.234375 15.265625 15.265625 15.265625 15.265625 
14.0693359375 14.1005859375 14.1005859375 14.1240234375 14.1240234375 14.1240234375 14.1552734375 14.1552734375 14.1552734375 14.1552734375 
14.822265625 14.853515625 14.853515625 14.876953125 14.876953125 14.876953125 14.908203125 14.908203125 14.908203125 14.908203125 
16.744140625 16.775390625 16.775390625 16.798828125 16.798828125 16.798828125 13.9365234375 13.9365234375 13.9365234375 13.9365234375 
14.2607421875 14.2919921875 14.2919921875 14.3154296875 14.3154296875 14.3154296875 14.3466796875 14.3466796875 14.3466796875 14.3466796875 
16.275390625 16.306640625 16.306640625 16.330078125 16.330078125 16.330078125 16.361328125 16.361328125 16.361328125 16.361328125 
13.466796875 13.498046875 13.498046875 13.521484375 13.521484375 13.521484375 13.552734375 13.552734375 13.552734375 13.552734375 
15.388671875 15.419921875 15.419921875 15.443359375 15.443359375 15.443359375 15.474609375 15.474609375 15.474609375 15.474609375 
13.1318359375 13.1630859375 13.1630859375 13.1865234375 13.1865234375 13.1865234375 13.2177734375 13.2177734375 13.2177734375 13.2177734375 
15.2333984375 15.2646484375 15.2646484375 15.2880859375 15.2880859375 15.2880859375 15.3193359375 15.3193359375 15.3193359375 15.3193359375 
13.181640625 13.212890625 13.212890625 13.236328125 13.236328125 13.236328125 13.267578125 13.267578125 13.267578125 13.267578125 
15.181640625 15.212890625 15.212890625 15.236328125 15.236328125 15.236328125 15.267578125 15.267578125 15.267578125 15.267578125 
14.3271484375 14.3583984375 14.3583984375 14.3818359375 14.3818359375 14.3818359375 14.4130859375 14.4130859375 14.4130859375 14.4130859375 
14.9521484375 14.9833984375 14.9833984375 15.0068359375 15.0068359375 15.0068359375 15.0380859375 15.0380859375 15.0380859375 15.0380859375 
15.357421875 15.388671875 15.388671875 15.412109375 15.412109375 15.412109375 15.443359375 15.443359375 15.443359375 15.443359375 
15.1572265625 15.1884765625 15.1884765625 15.2119140625 15.2119140625 15.2119140625 15.2431640625 15.2431640625 15.2431640625 15.2431640625 
17.17578125 17.20703125 17.20703125 17.23046875 17.23046875 17.23046875 17.26171875 17.26171875 17.26171875 17.26171875 
13.3974609375 13.4287109375 13.4287109375 13.4521484375 13.4521484375 13.4521484375 13.4833984375 13.4833984375 13.4833984375 13.4833984375 
15.42578125 15.45703125 15.45703125 15.48046875 15.48046875 15.48046875 15.51171875 15.51171875 15.51171875 15.51171875 
13.443359375 13.474609375 13.474609375 13.498046875 13.498046875 13.498046875 13.529296875 13.529296875 13.529296875 13.529296875 
15.375 15.40625 15.40625 15.4296875 15.4296875 15.4296875 15.4609375 15.4609375 15.4609375 15.4609375 
14.7978515625 14.8291015625 14.8291015625 14.8525390625 14.8525390625 14.8525390625 14.8837890625 14.8837890625 14.8837890625 14.8837890625 
14.9677734375 14.9990234375 14.9990234375 15.0224609375 15.0224609375 15.0224609375 15.0537109375 15.0537109375 15.0537109375 15.0537109375 
14.3623046875 14.3935546875 14.3935546875 14.4169921875 14.4169921875 14.4169921875 14.4482421875 14.4482421875 14.4482421875 14.4482421875 
14.966796875 14.998046875 14.998046875 15.021484375 15.021484375 15.021484375 15.052734375 15.052734375 15.052734375 15.052734375 
14.361328125 14.392578125 14.392578125 14.416015625 14.416015625 14.416015625 14.447265625 14.447265625 14.447265625 14.447265625 
14.9404296875 14.9716796875 14.9716796875 14.9951171875 14.9951171875 14.9951171875 15.0263671875 15.0263671875 15.0263671875 15.0263671875 
14.328125 14.359375 14.359375 14.3828125 14.3828125 14.3828125 14.4140625 14.4140625 14.4140625 14.4140625 
14.904296875 14.935546875 14.935546875 14.958984375 14.958984375 14.958984375 14.990234375 14.990234375 14.990234375 14.990234375 
16.8486328125 16.8798828125 16.8798828125 16.9033203125 16.9033203125 16.9033203125 16.9345703125 16.9345703125 16.9345703125 16.9345703125 
13.51171875 13.54296875 13.54296875 13.56640625 13.56640625 13.56640625 13.59765625 13.59765625 13.59765625 13.59765625 
15.3466796875 15.3779296875 15.3779296875 15.4013671875 15.4013671875 15.4013671875 15.4326171875 15.4326171875 15.4326171875 15.4326171875 
13.1884765625 13.2197265625 13.2197265625 13.2431640625 13.2431640625 13.2431640625 13.2744140625 13.2744140625 13.2744140625 13.2744140625 
15.28515625 15.31640625 15.31640625 15.33984375 15.33984375 15.33984375 15.37109375 15.37109375 15.37109375 15.37109375 
14.451171875 14.482421875 14.482421875 14.505859375 14.505859375 14.505859375 14.537109375 14.537109375 14.537109375 14.537109375 
14.9580078125 14.9892578125 14.9892578125 15.0126953125 15.0126953125 15.0126953125 15.0439453125 15.0439453125 15.0439453125 15.0439453125 
14.91796875 14.94921875 14.94921875 14.97265625 14.97265625 14.97265625 15.00390625 15.00390625 15.00390625 15.00390625 
15.041015625 15.072265625 15.072265625 15.095703125 15.095703125 15.095703125 15.126953125 15.126953125 15.126953125 15.126953125 
16.97265625 17.00390625 17.00390625 17.02734375 17.02734375 17.02734375 17.05859375 17.05859375 17.05859375 17.05859375 
13.3701171875 13.4013671875 13.4013671875 13.4248046875 13.4248046875 13.4248046875 13.4560546875 13.4560546875 13.4560546875 13.4560546875 
15.3984375 15.4296875 15.4296875 15.453125 15.453125 15.453125 15.484375 15.484375 15.484375 15.484375 
14.5146484375 14.5458984375 14.5458984375 14.5693359375 14.5693359375 14.5693359375 14.6005859375 14.6005859375 14.6005859375 14.6005859375 
14.9873046875 15.0185546875 15.0185546875 15.0419921875 15.0419921875 15.0419921875 15.0732421875 15.0732421875 15.0732421875 15.0732421875 
14.1015625 14.1328125 14.1328125 14.15625 14.15625 14.15625 14.1875 14.1875 14.1875 14.1875 
14.537109375 14.568359375 14.568359375 14.591796875 14.591796875 14.591796875 14.623046875 14.623046875 14.623046875 14.623046875 
14.30078125 14.33203125 14.33203125 14.35546875 14.35546875 14.35546875 14.38671875 14.38671875 14.38671875 14.38671875 
14.9033203125 14.9345703125 14.9345703125 14.9580078125 14.9580078125 14.9580078125 14.9892578125 14.9892578125 14.9892578125 14.9892578125 
16.931640625 16.962890625 16.962890625 16.986328125 16.986328125 16.986328125 17.017578125 17.017578125 17.017578125 17.017578125 
13.5380859375 13.5693359375 13.5693359375 13.5927734375 13.5927734375 13.5927734375 13.6240234375 13.6240234375 13.6240234375 13.6240234375 
15.556640625 15.587890625 15.587890625 15.611328125 15.611328125 15.611328125 15.642578125 15.642578125 15.642578125 15.642578125 
13.1484375 13.1796875 13.1796875 13.203125 13.203125 13.203125 13.234375 13.234375 13.234375 13.234375 
14.8984375 14.9296875 14.9296875 14.953125 14.953125 14.953125 14.984375 14.984375 14.984375 14.984375 
14.017578125 14.048828125 14.048828125 14.072265625 14.072265625 14.072265625 14.103515625 14.103515625 14.103515625 14.103515625 
14.697265625 14.728515625 14.728515625 14.751953125 14.751953125 14.751953125 14.783203125 14.783203125 14.783203125 14.783203125 
14.4951171875 14.5263671875 14.5263671875 14.5498046875 14.5498046875 14.5498046875 14.5810546875 14.5810546875 14.5810546875 14.5810546875 
15.2080078125 15.2392578125 15.2392578125 15.2626953125 15.2626953125 15.2626953125 15.2939453125 15.2939453125 15.2939453125 15.2939453125 
17.216796875 17.248046875 17.248046875 17.271484375 17.271484375 17.271484375 17.302734375 17.302734375 17.302734375 17.302734375 
13.46484375 13.49609375 13.49609375 13.51953125 13.51953125 13.51953125 13.55078125 13.55078125 13.55078125 13.55078125 
15.2998046875 15.3310546875 15.3310546875 15.3544921875 15.3544921875 15.3544921875 15.3857421875 15.3857421875 15.3857421875 15.3857421875 
13.4267578125 13.4580078125 13.4580078125 13.4814453125 13.4814453125 13.4814453125 13.5126953125 13.5126953125 13.5126953125 13.5126953125 
15.435546875 15.466796875 15.466796875 15.490234375 15.490234375 15.490234375 15.521484375 15.521484375 15.521484375 15.521484375 
13.400390625 13.431640625 13.431640625 13.455078125 13.455078125 13.455078125 13.486328125 13.486328125 13.486328125 13.486328125 
15.322265625 15.353515625 15.353515625 15.376953125 15.376953125 15.376953125 15.408203125 15.408203125 15.408203125 15.408203125 
13.0517578125 13.0830078125 13.0830078125 13.1064453125 13.1064453125 13.1064453125 13.1376953125 13.1376953125 13.1376953125 13.1376953125 
15.1533203125 15.1845703125 15.1845703125 15.2080078125 15.2080078125 15.2080078125 15.2392578125 15.2392578125 15.2392578125 15.2392578125 
15.0869140625 15.1181640625 15.1181640625 15.1416015625 15.1416015625 15.1416015625 15.1728515625 15.1728515625 15.1728515625 15.1728515625 
15.1796875 15.2109375 15.2109375 15.234375 15.234375 15.234375 15.265625 15.265625 15.265625 15.265625 
14.0693359375 14.1005859375 14.1005859375 14.1240234375 14.1240234375 14.1240234375 14.1552734375 14.1552734375 14.1552734375 14.1552734375 
14.822265625 14.853515625 14.853515625 14.876953125 14.876953125 14.876953125 14.908203125 14.908203125 14.908203125 14.908203125 
16.744140625 16.775390625 16.775390625 16.798828125 16.798828125 16.798828125 13.9365234375 13.9365234375 13.9365234375 13.9365234375 
14.2607421875 14.2919921875 14.2919921875 14.3154296875 14.3154296875 14.3154296875 14.3466796875 14.3466796875 14.3466796875 14.3466796875 
16.275390625 16.306640625 16.306640625 16.330078125 16.330078125 16.330078125 16.361328125 16.361328125 16.361328125 16.361328125 
13.466796875 13.498046875 13.498046875 13.521484375 13.521484375 13.521484375 13.552734375 13.552734375 13.552734375 13.552734375 
15.388671875 15.419921875 15.419921875 15.443359375 15.443359375 15.443359375 15.474609375 15.474609375 15.474609375 15.474609375 
13.1318359375 13.1630859375 13.1630859375 13.1865234375 13.1865234375 13.1865234375 13.2177734375 13.2177734375 13.2177734375 13.2177734375 
15.2333984375 15.2646484375 15.2646484375 15.2880859375 15.2880859375 15.2880859375 15.3193359375 15.3193359375 15.3193359375 15.3193359375 
13.181640625 13.212890625 13.212890625 13.236328125 13.236328125 13.236328125 13.267578125 13.267578125 13.267578125 13.267578125 
15.181640625 15.212890625 15.212890625 15.236328125 15.236328125 15.236328125 15.267578125 15.267578125 15.267578125 15.267578125 
14.3271484375 14.3583984375 14.3583984375 14.3818359375 14.3818359375 14.3818359375 14.4130859375 14.4130859375 14.4130859375 14.4130859375 
14.9521484375 14.9833984375 14.9833984375 15.0068359375 15.0068359375 15.0068359375 15.0380859375 15.0380859375 15.0380859375 15.0380859375 
15.357421875 15.388671875 15.388671875 15.412109375 15.412109375 15.412109375 15.443359375 15.443359375 15.443359375 15.443359375 
15.1572265625 15.1884765625 15.1884765625 15.2119140625 15.2119140625 15.2119140625 15.2431640625 15.2431640625 15.2431640625 15.2431640625 
17.17578125 17.20703125 17.20703125 17.23046875 17.23046875 17.23046875 17.26171875 17.26171875 17.26171875 17.26171875 
13.3974609375 13.4287109375 13.4287109375 13.4521484375 13.4521484375 13.4521484375 13.4833984375 13.4833984375 13.4833984375 13.4833984375 
15.42578125 15.45703125 15.45703125 15.48046875 15.48046875 15.48046875 15.51171875 15.51171875 15.51171875 15.51171875 
13.443359375 13.474609375 13.474609375 13.498046875 13.498046875 13.498046875 13.529296875 13.529296875 13.529296875 13.529296875 
15.375 15.40625 15.40625 15.4296875 15.4296875 15.4296875 15.4609375 15.4609375 15.4609375 15.4609375 
14.7978515625 14.8291015625 14.8291015625 14.8525390625 14.8525390625 14.8525390625 14.8837890625 14.8837890625 14.8837890625 14.8837890625 
14.9677734375 14.9990234375 14.9990234375 15.0224609375 15.0224609375 15.0224609375 15.0537109375 15.0537109375 15.0537109375 15.0537109375 
14.3623046875 14.3935546875 14.3935546875 14.4169921875 14.4169921875 14.4169921875 14.4482421875 14.4482421875 14.4482421875 14.4482421875 
14.966796875 14.998046875 14.998046875 15.021484375 15.021484375 15.021484375 15.052734375 15.052734375 15.052734375 15.052734375 
14.361328125 14.392578125 14.392578125 14.416015625 14.416015625 14.416015625 14.447265625 14.447265625 14.447265625 14.447265625 
14.9404296875 14.9716796875 14.9716796875 14.9951171875 14.9951171875 14.9951171875 15.0263671875 15.0263671875 15.0263671875 15.0263671875 
14.328125 14.359375 14.359375 14.3828125 14.3828125 14.3828125 14.4140625 14.4140625 14.4140625 14.4140625 
14.904296875 14.935546875 14.935546875 14.958984375 14.958984375 14.958984375 14.990234375 14.990234375 14.990234375 14.990234375 
16.8486328125 16.8798828125 16.8798828125 16.9033203125 16.9033203125 16.9033203125 16.9345703125 16.9345703125 16.9345703125 16.9345703125 
13.51171875 13.54296875 13.54296875 13.56640625 13.56640625 13.56640625 13.59765625 13.59765625 13.59765625 13.59765625 
15.3466796875 15.3779296875 15.3779296875 15.4013671875 15.4013671875 15.4013671875 15.4326171875 15.4326171875 15.4326171875 15.4326171875 
13.1884765625 13.2197265625 13.2197265625 13.2431640625 13.2431640625 13.2431640625 13.2744140625 13.2744140625 13.2744140625 13.2744140625 
15.28515625 15.31640625 15.31640625 15.33984375 15.33984375 15.33984375 15.37109375 15.37109375 15.37109375 15.37109375 
14.451171875 14.482421875 14.482421875 14.505859375 14.505859375 14.505859375 14.537109375 14.537109375 14.537109375 14.537109375 
14.9580078125 14.9892578125 14.9892578125 15.0126953125 15.0126953125 15.0126953125 15.0439453125 15.0439453125 15.0439453125 15.0439453125 
14.91796875 14.94921875 14.94921875 14.97265625 14.97265625 14.97265625 15.00390625 15.00390625 15.00390625 15.00390625 
15.041015625 15.072265625 15.072265625 15.095703125 15.095703125 15.095703125 15.126953125 15.126953125 15.126953125 15.126953125 
16.97265625 17.00390625 17.00390625 17.02734375 17.02734375 17.02734375 17.05859375 17.05859375 17.05859375 17.05859375 
13.3701171875 13.4013671875 13.4013671875 13.4248046875 13.4248046875 13.4248046875 13.4560546875 13.4560546875 13.4560546875 13.4560546875 
15.3984375 15.4296875 15.4296875 15.453125 15.453125 15.453125 15.484375 15.484375 15.484375 15.484375 
14.5146484375 14.5458984375 14.5458984375 14.5693359375 14.5693359375 14.5693359375 14.6005859375 14.6005859375 14.6005859375 14.6005859375 
14.9873046875 15.0185546875 15.0185546875 15.0419921875 15.0419921875 15.0419921875 15.0732421875 15.0732421875 15.0732421875 15.0732421875 
14.1015625 14.1328125 14.1328125 14.15625 14.15625 14.15625 14.1875 14.1875 14.1875 14.1875 
14.537109375 14.568359375 14.568359375 14.591796875 14.591796875 14.591796875 14.623046875 14.623046875 14.623046875 14.623046875 
14.30078125 14.33203125 14.33203125 14.35546875 14.35546875 14.35546875 14.38671875 14.38671875 14.38671875 14.38671875 
14.9033203125 14.9345703125 14.9345703125 14.9580078125 14.9580078125 14.9580078125 14.9892578125 14.9892578125 14.9892578125 14.9892578125 
16.931640625 16.962890625 16.962890625 16.986328125 16.986328125 16.986328125 17.017578125 17.017578125 17.017578125 17.017578125 
13.5380859375 13.5693359375 13.5693359375 13.5927734375 13.5927734375 13.5927734375 13.6240234375 13.6240234375 13.6240234375 13.6240234375 
15.556640625 15.587890625 15.587890625 15.611328125 15.611328125 15.611328125 15.642578125 15.642578125 15.642578125 15.642578125 
13.1484375 13.1796875 13.1796875 13.203125 13.203125 13.203125 13.234375 13.234375 13.234375 13.234375 
14.8984375 14.9296875 14.9296875 14.953125 14.953125 14.953125 14.984375 14.984375 14.984375 14.984375 
14.017578125 14.048828125 14.048828125 14.072265625 14.072265625 14.072265625 14.103515625 14.103515625 14.103515625 14.103515625 
14.697265625 14.728515625 14.728515625 14.751953125 14.751953125 14.751953125 14.783203125 14.783203125 14.783203125 14.783203125 
14.4951171875 14.5263671875 14.5263671875 14.5498046875 14.5498046875 14.5498046875 14.5810546875 14.5810546875 14.5810546875 14.5810546875 
15.2080078125 15.2392578125 15.2392578125 15.2626953125 15.2626953125 15.2626953125 15.2939453125 15.2939453125 15.2939453125 15.2939453125 
17.216796875 17.248046875 17.248046875 17.271484375 17.271484375 17.271484375 17.302734375 17.302734375 17.302734375 17.302734375 
13.46484375 13.49609375 13.49609375 13.51953125 13.51953125 13.51953125 13.55078125 13.55078125 13.55078125 13.55078125 
15.2998046875 15.3310546875 15.3310546875 15.3544921875 15.3544921875 15.3544921875 15.3857421875 15.3857421875 15.3857421875 15.3857421875 
13.4267578125 13.4580078125 13.4580078125 13.4814453125 13.4814453125 13.4814453125 13.5126953125 13.5126953125 13.5126953125 13.5126953125 
15.435546875 15.466796875 15.466796875 15.490234375 15.490234375 15.490234375 15.521484375 15.521484375 15.521484375 15.521484375 
13.400390625 13.431640625 13.431640625 13.455078125 13.455078125 13.455078125 13.486328125 13.486328125 13.486328125 13.486328125 
15.322265625 15.353515625 15.353515625 15.376953125 15.376953125 15.376953125 15.408203125 15.408203125 15.408203125 15.408203125 
13.0517578125 13.0830078125 13.0830078125 13.1064453125 13.1064453125 13.1064453125 13.1376953125 13.1376953125 13.1376953125 13.1376953125 
15.1533203125 15.1845703125 15.1845703125 15.2080078125 15.2080078125 15.2080078125 15.2392578125 15.2392578125 15.2392578125 15.2392578125 
15.0869140625 15.1181640625 15.1181640625 15.1416015625 15.1416015625 15.1416015625 15.1728515625 15.1728515625 15.1728515625 15.1728515625 
15.1796875 15.2109375 15.2109375 15.234375 15.234375 15.234375 15.265625 15.265625 15.265625 15.265625 
14.0693359375 14.1005859375 14.1005859375 14.1240234375 14.1240234375 14.1240234375 14.1552734375 14.1552734375 14.1552734375 14.1552734375 
14.822265625 14.853515625 14.853515625 14.876953125 14.876953125 14.876953125 14.908203125 14.908203125 14.908203125 14.908203125 
16.744140625 16.775390625 16.775390625 16.798828125 16.798828125 16.798828125 13.9365234375 13.9365234375 13.9365234375 13.9365234375 
14.2607421875 14.2919921875 14.2919921875 14.3154296875 14.3154296875 14.3154296875 14.3466796875 14.3466796875 14.3466796875 14.3466796875 
16.275390625 16.306640625 16.306640625 16.330078125 16.330078125 16.330078125 16.361328125 16.361328125 16.361328125 16.361328125 
13.466796875 13.498046875 13.498046875 13.521484375 13.521484375 13.521484375 13.552734375 13.552734375 13.552734375 13.552734375 
15.388671875 15.419921875 15.419921875 15.443359375 15.443359375 15.443359375 15.474609375 15.474609375 15.474609375 15.474609375 
13.1318359375 13.1630859375 13.1630859375 13.1865234375 13.1865234375 13.1865234375 13.2177734375 13.2177734375 13.2177734375 13.2177734375 
15.2333984375 15.2646484375 15.2646484375 15.2880859375 15.2880859375 15.2880859375 15.3193359375 15.3193359375 15.3193359375 15.3193359375 
13.181640625 13.212890625 13.212890625 13.236328125 13.236328125 13.236328125 13.267578125 13.267578125 13.267578125 13.267578125 
15.181640625 15.212890625 15.212890625 15.236328125 15.236328125 15.236328125 15.267578125 15.267578125 15.267578125 15.267578125 
14.3271484375 14.3583984375 14.3583984375 14.3818359375 14.3818359375 14.3818359375 14.4130859375 14.4130859375 14.4130859375 14.4130859375 
14.9521484375 14.9833984375 14.9833984375 15.0068359375 15.0068359375 15.0068359375 15.0380859375 15.0380859375 15.0380859375 15.0380859375 
15.357421875 15.388671875 15.388671875 15.412109375 15.412109375 15.412109375 15.443359375 15.443359375 15.443359375 15.443359375 
15.1572265625 15.1884765625 15.1884765625 15.2119140625 15.2119140625 15.2119140625 15.2431640625 15.2431640625 15.2431640625 15.2431640625 
17.17578125 17.20703125 17.20703125 17.23046875 17.23046875 17.23046875 17.26171875 17.26171875 17.26171875 17.26171875 
13.3974609375 13.4287109375 13.4287109375 13.4521484375 13.4521484375 13.4521484375 13.4833984375 13.4833984375 13.4833984375 13.4833984375 
15.42578125 15.45703125 15.45703125 15.48046875 15.48046875 15.48046875 15.51171875 15.51171875 15.51171875 15.51171875 
13.443359375 13.474609375 13.474609375 13.498046875 13.498046875 13.498046875 13.529296875 13.529296875 13.529296875 13.529296875 
15.375 15.40625 15.40625 15.4296875 15.4296875 15.4296875 15.4609375 15.4609375 15.4609375 15.4609375 
14.7978515625 14.8291015625 14.8291015625 14.8525390625 14.8525390625 14.8525390625 14.8837890625 14.8837890625 14.8837890625 14.8837890625 
14.9677734375 14.9990234375 14.9990234375 15.0224609375 15.0224609375 15.0224609375 15.0537109375 15.0537109375 15.0537109375 15.0537109375 
14.3623046875 14.3935546875 14.3935546875 14.4169921875 14.4169921875 14.4169921875 14.4482421875 14.4482421875 14.4482421875 14.4482421875 
14.966796875 14.998046875 14.998046875 15.021484375 15.021484375 15.021484375 15.052734375 15.052734375 15.052734375 15.052734375 
14.361328125 14.392578125 14.392578125 14.416015625 14.416015625 14.416015625 14.447265625 14.447265625 14.447265625 14.447265625 
14.9404296875 14.9716796875 14.9716796875 14.9951171875 14.9951171875 14.9951171875 15.0263671875 15.0263671875 15.0263671875 15.0263671875 
14.328125 14.359375 14.359375 14.3828125 14.3828125 14.3828125 14.4140625 14.4140625 14.4140625 14.4140625 
14.904296875 14.935546875 14.935546875 14.958984375 14.958984375 14.958984375 14.990234375 14.990234375 14.990234375 14.990234375 
16.8486328125 16.8798828125 16.8798828125 16.9033203125 16.9033203125 16.9033203125 16.9345703125 16.9345703125 16.9345703125 16.9345703125 
13.51171875 13.54296875 13.54296875 13.56640625 13.56640625 13.56640625 13.59765625 13.59765625 13.59765625 13.59765625 
15.3466796875 15.3779296875 15.3779296875 15.4013671875 15.4013671875 15.4013671875 15.4326171875 15.4326171875 15.4326171875 15.4326171875 
13.1884765625 13.2197265625 13.2197265625 13.2431640625 13.2431640625 13.2431640625 13.2744140625 13.2744140625 13.2744140625 13.2744140625 
15.28515625 15.31640625 15.31640625 15.33984375 15.33984375 15.33984375 15.37109375 15.37109375 15.37109375 15.37109375 
14.451171875 14.482421875 14.482421875 14.505859375 14.505859375 14.505859375 14.537109375 14.537109375 14.537109375 14.537109375 
14.9580078125 14.9892578125 14.9892578125 15.0126953125 15.0126953125 15.0126953125 15.0439453125 15.0439453125 15.0439453125 15.0439453125 
14.91796875 14.94921875 14.94921875 14.97265625 14.97265625 14.97265625 15.00390625 15.00390625 15.00390625 15.00390625 
15.041015625 15.072265625 15.072265625 15.095703125 15.095703125 15.095703125 15.126953125 15.126953125 15.126953125 15.126953125 
16.97265625 17.00390625 17.00390625 17.02734375 17.02734375 17.02734375 17.05859375 17.05859375 17.05859375 17.05859375 
13.3701171875 13.4013671875 13.4013671875 13.4248046875 13.4248046875 13.4248046875 13.4560546875 13.4560546875 13.4560546875 13.4560546875 
15.3984375 15.4296875 15.4296875 15.453125 15.453125 15.453125 15.484375 15.484375 15.484375 15.484375 
14.5146484375 14.5458984375 14.5458984375 14.5693359375 14.5693359375 14.5693359375 14.6005859375 14.6005859375 14.6005859375 14.6005859375 
14.9873046875 15.0185546875 15.0185546875 15.0419921875 15.0419921875 15.0419921875 15.0732421875 15.0732421875 15.0732421875 15.0732421875 
14.1015625 14.1328125 14.1328125 14.15625 14.15625 14.15625 14.1875 14.1875 14.1875 14.1875 
14.537109375 14.568359375 14.568359375 14.591796875 14.591796875 14.591796875 14.623046875 14.623046875 14.623046875 14.623046875 
14.30078125 14.33203125 14.33203125 14.35546875 14.35546875 14.35546875 14.38671875 14.38671875 14.38671875 14.38671875 
14.9033203125 14.9345703125 14.9345703125 14.9580078125 14.9580078125 14.9580078125 14.9892578125 14.9892578125 14.9892578125 14.9892578125 
16.931640625 16.962890625 16.962890625 16.986328125 16.986328125 16.986328125 17.017578125 17.017578125 17.017578125 17.017578125 
13.5380859375 13.5693359375 13.5693359375 13.5927734375 13.5927734375 13.5927734375 13.6240234375 13.6240234375 13.6240234375 13.6240234375 
15.556640625 15.587890625 15.587890625 15.611328125 15.611328125 15.611328125 15.642578125 15.642578125 15.642578125 15.642578125 
13.1484375 13.1796875 13.1796875 13.203125 13.203125 13.203125 13.234375 13.234375 13.234375 13.234375 
14.8984375 14.9296875 14.9296875 14.953125 14.953125 14.953125 14.984375 14.984375 14.984375 14.984375 
14.017578125 14.048828125 14.048828125 14.072265625 14.072265625 14.072265625 14.103515625 14.103515625 14.103515625 14.103515625 
14.697265625 14.728515625 14.728515625 14.751953125 14.751953125 14.751953125 14.783203125 14.783203125 14.783203125 14.783203125 
14.4951171875 14.5263671875 14.5263671875 14.5498046875 14.5498046875 14.5498046875 14.5810546875 14.5810546875 14.5810546875 14.5810546875 
15.2080078125 15.2392578125 15.2392578125 15.2626953125 15.2626953125 15.2626953125 15.2939453125 15.2939453125 15.2939453125 15.2939453125 
17.216796875 17.248046875 17.248046875 17.271484375 17.271484375 17.271484375 17.302734375 17.302734375 17.302734375 17.302734375 
13.46484375 13.49609375 13.49609375 13.51953125 13.51953125 13.51953125 13.55078125 13.55078125 13.55078125 13.55078125 
15.2998046875 15.3310546875 15.3310546875 15.3544921875 15.3544921875 15.3544921875 15.3857421875 15.3857421875 15.3857421875 15.3857421875 
13.4267578125 13.4580078125 13.4580078125 13.4814453125 13.4814453125 13.4814453125 13.5126953125 13.5126953125 13.5126953125 13.5126953125 
15.435546875 15.466796875 15.466796875 15.490234375 15.490234375 15.490234375 15.521484375 15.521484375 15.521484375 15.521484375 
13.400390625 13.431640625 13.431640625 13.455078125 13.455078125 13.455078125 13.486328125 13.486328125 13.486328125 13.486328125 
15.322265625 15.353515625 15.353515625 15.376953125 15.376953125 15.376953125 15.408203125 15.408203125 15.408203125 15.408203125 
13.0517578125 13.0830078125 13.0830078125 13.1064453125 13.1064453125 13.1064453125 13.1376953125 13.1376953125 13.1376953125 13.1376953125 
15.1533203125 15.1845703125 15.1845703125 15.2080078125 15.2080078125 15.2080078125 15.2392578125 15.2392578125 15.2392578125 15.2392578125 
15.0869140625 15.1181640625 15.1181640625 15.1416015625 15.1416015625 15.1416015625 15.1728515625 15.1728515625 15.1728515625 15.1728515625 
15.1796875 15.2109375 15.2109375 15.234375 15.234375 15.234375 15.265625 15.265625 15.265625 15.265625 
14.0693359375 14.1005859375 14.1005859375 14.1240234375 14.1240234375 14.1240234375 14.1552734375 14.1552734375 14.1552734375 14.1552734375 
14.822265625 14.853515625 14.853515625 14.876953125 14.876953125 14.876953125 14.908203125 14.908203125 14.908203125 14.908203125 
16.744140625 16.775390625 16.775390625 16.798828125 16.798828125 16.798828125 13.9365234375 13.9365234375 13.9365234375 13.9365234375 
14.2607421875 14.2919921875 14.2919921875 14.3154296875 14.3154296875 14.3154296875 14.3466796875 14.3466796875 14.3466796875 14.3466796875 
16.275390625 16.306640625 16.306640625 16.330078125 16.330078125 16.330078125 16.361328125 16.361328125 16.361328125 16.361328125 
13.466796875 13.498046875 13.498046875 13.521484375 13.521484375 13.521484375 13.552734375 13.552734375 13.552734375 13.552734375 
15.388671875 15.419921875 15.419921875 15.443359375 15.443359375 15.443359375 15.474609375 15.474609375 15.474609375 15.474609375 
13.1318359375 13.1630859375 13.1630859375 13.1865234375 13.1865234375 13.1865234375 13.2177734375 13.2177734375 13.2177734375 13.2177734375 
15.2333984375 15.2646484375 15.2646484375 15.2880859375 15.2880859375 15.2880859375 15.3193359375 15.3193359375 15.3193359375 15.3193359375 
13.181640625 13.212890625 13.212890625 13.236328125 13.236328125 13.236328125 13.267578125 13.267578125 13.267578125 13.267578125 
15.181640625 15.212890625 15.212890625 15.236328125 15.236328125 15.236328125 15.267578125 15.267578125 15.267578125 15.267578125 
14.3271484375 14.3583984375 14.3583984375 14.3818359375 14.3818359375 14.3818359375 14.4130859375 14.4130859375 14.4130859375 14.4130859375 
14.9521484375 14.9833984375 14.9833984375 15.0068359375 15.0068359375 15.0068359375 15.0380859375 15.0380859375 15.0380859375 15.0380859375 
15.357421875 15.388671875 15.388671875 15.412109375 15.412109375 15.412109375 15.443359375 15.443359375 15.443359375 15.443359375 
15.1572265625 15.1884765625 15.1884765625 15.2119140625 15.2119140625 15.2119140625 15.2431640625 15.2431640625 15.2431640625 15.2431640625 
17.17578125 17.20703125 17.20703125 17.23046875 17.23046875 17.23046875 17.26171875 17.26171875 17.26171875 17.26171875 
13.3974609375 13.4287109375 13.4287109375 13.4521484375 13.4521484375 13.4521484375 13.4833984375 13.4833984375 13.4833984375 13.4833984375 
15.42578125 15.45703125 15.45703125 15.48046875 15.48046875 15.48046875 15.51171875 15.51171875 15.51171875 15.51171875 
13.443359375 13.474609375 13.474609375 13.498046875 13.498046875 13.498046875 13.529296875 13.529296875 13.529296875 13.529296875 
15.375 15.40625 15.40625 15.4296875 15.4296875 15.4296875 15.4609375 15.4609375 15.4609375 15.4609375 
14.7978515625 14.8291015625 14.8291015625 14.8525390625 14.8525390625 14.8525390625 14.8837890625 14.8837890625 14.8837890625 14.8837890625 
14.9677734375 14.9990234375 14.9990234375 15.0224609375 15.0224609375 15.0224609375 15.0537109375 15.0537109375 15.0537109375 15.0537109375 
14.3623046875 14.3935546875 14.3935546875 14.4169921875 14.4169921875 14.4169921875 14.4482421875 14.4482421875 14.4482421875 14.4482421875 
14.966796875 14.998046875 14.998046875 15.021484375 15.021484375 15.021484375 15.052734375 15.052734375 15.052734375 15.052734375 
14.361328125 14.392578125 14.392578125 14.416015625 14.416015625 14.416015625 14.447265625 14.447265625 14.447265625 14.447265625 
14.9404296875 14.9716796875 14.9716796875 14.9951171875 14.9951171875 14.9951171875 15.0263671875 15.0263671875 15.0263671875 15.0263671875 
14.328125 14.359375 14.359375 14.3828125 14.3828125 14.3828125 14.4140625 14.4140625 14.4140625 14.4140625 
14.904296875 14.935546875 14.935546875 14.958984375 14.958984375 14.958984375 14.990234375 14.990234375 14.990234375 14.990234375 
16.8486328125 16.8798828125 16.8798828125 16.9033203125 16.9033203125 16.9033203125 16.9345703125 16.9345703125 16.9345703125 16.9345703125 
13.51171875 13.54296875 13.54296875 13.56640625 13.56640625 13.56640625 13.59765625 13.59765625 13.59765625 13.59765625 
15.3466796875 15.3779296875 15.3779296875 15.4013671875 15.4013671875 15.4013671875 15.4326171875 15.4326171875 15.4326171875 15.4326171875 
13.1884765625 13.2197265625 13.2197265625 13.2431640625 13.2431640625 13.2431640625 13.2744140625 13.2744140625 13.2744140625 13.2744140625 
15.28515625 15.31640625 15.31640625 15.33984375 15.33984375 15.33984375 15.37109375 15.37109375 15.37109375 15.37109375 
14.451171875 14.482421875 14.482421875 14.505859375 14.505859375 14.505859375 14.537109375 14.537109375 14.537109375 14.537109375 
14.9580078125 14.9892578125 14.9892578125 15.0126953125 15.0126953125 15.0126953125 15.0439453125 15.0439453125 15.0439453125 15.0439453125 
14.91796875 14.94921875 14.94921875 14.97265625 14.97265625 14.97265625 15.00390625 15.00390625 15.00390625 15.00390625 
15.041015625 15.072265625 15.072265625 15.095703125 15.095703125 15.095703125 15.126953125 15.126953125 15.126953125 15.126953125 
16.97265625 17.00390625 17.00390625 17.02734375 17.02734375 17.02734375 17.05859375 17.05859375 17.05859375 17.05859375 
13.3701171875 13.4013671875 13.4013671875 13.4248046875 13.4248046875 13.4248046875 13.4560546875 13.4560546875 13.4560546875 13.4560546875 
15.3984375 15.4296875 15.4296875 15.453125 15.453125 15.453125 15.484375 15.484375 15.484375 15.484375 
14.5146484375 14.5458984375 14.5458984375 14.5693359375 14.5693359375 14.5693359375 14.6005859375 14.6005859375 14.6005859375 14.6005859375 
14.9873046875 15.0185546875 15.0185546875 15.0419921875 15.0419921875 15.0419921875 15.0732421875 15.0732421875 15.0732421875 15.0732421875 
14.1015625 14.1328125 14.1328125 14.15625 14.15625 14.15625 14.1875 14.1875 14.1875 14.1875 
14.537109375 14.568359375 14.568359375 14.591796875 14.591796875 14.591796875 14.623046875 14.623046875 14.623046875 14.623046875 
14.30078125 14.33203125 14.33203125 14.35546875 14.35546875 14.35546875 14.38671875 14.38671875 14.38671875 14.38671875 
14.9033203125 14.9345703125 14.9345703125 14.9580078125 14.9580078125 14.9580078125 14.9892578125 14.9892578125 14.9892578125 14.9892578125 
16.931640625 16.962890625 16.962890625 16.986328125 16.986328125 16.986328125 17.017578125 17.017578125 17.017578125 17.017578125 
13.5380859375 13.5693359375 13.5693359375 13.5927734375 13.5927734375 13.5927734375 13.6240234375 13.6240234375 13.6240234375 13.6240234375 
15.556640625 15.587890625 15.587890625 15.611328125 15.611328125 15.611328125 15.642578125 15.642578125 15.642578125 15.642578125 
13.1484375 13.1796875 13.1796875 13.203125 13.203125 13.203125 13.234375 13.234375 13.234375 13.234375 
14.8984375 14.9296875 14.9296875 14.953125 14.953125 14.953125 14.984375 14.984375 14.984375 14.984375 
14.017578125 14.048828125 14.048828125 14.072265625 14.072265625 14.072265625 14.103515625 14.103515625 14.103515625 14.103515625 
14.697265625 14.728515625 14.728515625 14.751953125 14.751953125 14.751953125 14.783203125 14.783203125 14.783203125 14.783203125 
14.4951171875 14.5263671875 14.5263671875 14.5498046875 14.5498046875 14.5498046875 14.5810546875 14.5810546875 14.5810546875 14.5810546875 
15.2080078125 15.2392578125 15.2392578125 15.2626953125 15.2626953125 15.2626953125 15.2939453125 15.2939453125 15.2939453125 15.2939453125 
17.216796875 17.248046875 17.248046875 17.271484375 17.271484375 17.271484375 17.302734375 17.302734375 17.302734375 17.302734375 
13.46484375 13.49609375 13.49609375 13.51953125 13.51953125 13.51953125 13.55078125 13.55078125 13.55078125 13.55078125 
15.2998046875 15.3310546875 15.3310546875 15.3544921875 15.3544921875 15.3544921875 15.3857421875 15.3857421875 15.3857421875 15.3857421875 
13.4267578125 13.4580078125 13.4580078125 13.4814453125 13.4814453125 13.4814453125 13.5126953125 13.5126953125 13.5126953125 13.5126953125 
15.435546875 15.466796875 15.466796875 15.490234375 15.490234375 15.490234375 15.521484375 15.521484375 15.521484375 15.521484375 
13.400390625 13.431640625 13.431640625 13.455078125 13.455078125 13.455078125 13.486328125 13.486328125 13.486328125 13.486328125 
15.322265625 15.353515625 15.353515625 15.376953125 15.376953125 15.376953125 15.408203125 15.408203125 15.408203125 15.408203125 
13.0517578125 13.0830078125 13.0830078125 13.1064453125 13.1064453125 13.1064453125 13.1376953125 13.1376953125 13.1376953125 13.1376953125 
