46.1533203125 46.1845703125 46.1845703125 46.2080078125 46.2080078125 46.2080078125 46.2392578125
47.5224609375 47.5224609375 47.5224609375 47.5224609375 47.5224609375 47.5224609375
48.43359375 48.43359375 48.43359375 48.43359375 48.43359375 48.43359375 48.43359375
49.3427734375 49.3427734375 49.3427734375 49.3427734375 49.3427734375 49.3427734375 49.3427734375
50.0888671875 50.0888671875 50.0888671875 50.0888671875 50.0888671875 50.0888671875
51 51 51 51 51 51
47.98828125 47.98828125 47.98828125 47.98828125 47.98828125 47.98828125
48.8740234375 48.8740234375 48.8740234375 48.8740234375 48.8740234375 48.8740234375
49.71875 49.71875 49.71875 49.71875 49.71875 49.71875
50.56640625 50.56640625 50.56640625 50.56640625 50.56640625 50.56640625 50.56640625
51.4755859375 51.4755859375 51.4755859375 51.4755859375 51.4755859375 51.4755859375 51.4755859375
52.63671875 52.63671875 52.63671875 52.63671875 52.63671875 52.63671875
53.5224609375 53.5224609375 53.5224609375 53.5224609375 53.5224609375 53.5224609375
54.43359375 54.43359375 54.43359375 54.43359375 54.43359375 54.43359375
55.3193359375 55.3193359375 55.3193359375 55.3193359375 55.3193359375 55.3193359375
56.23046875 56.23046875 56.23046875 56.23046875 56.23046875 56.23046875
57.1162109375 57.1162109375 57.1162109375 57.1162109375 57.1162109375 57.1162109375 57.1162109375
58.1904296875 58.1904296875 58.1904296875 58.1904296875 58.1904296875 58.1904296875 58.1904296875
48.2890625 48.2890625 48.2890625 48.2890625 48.2890625 48.2890625
49.095703125 49.095703125 49.095703125 49.095703125 49.095703125 49.095703125
49.994140625 49.994140625 49.994140625 49.994140625 49.994140625 49.994140625
50.892578125 50.892578125 50.892578125 50.892578125 50.892578125 50.892578125
51.791015625 51.791015625 51.791015625 51.791015625 51.791015625 51.791015625
52.689453125 52.689453125 52.689453125 52.689453125 52.689453125 52.689453125 52.689453125
53.814453125 53.814453125 53.814453125 53.814453125 53.814453125 53.814453125 53.814453125
54.8798828125 54.8798828125 54.8798828125 54.8798828125 54.8798828125 54.8798828125
55.791015625 55.791015625 55.791015625 55.791015625 55.791015625 55.791015625
56.689453125 56.689453125 56.689453125 56.689453125 56.689453125 56.689453125
57.587890625 57.587890625 57.587890625 57.587890625 57.587890625 57.587890625
58.486328125 58.486328125 58.486328125 58.486328125 58.486328125 58.486328125
48.333984375 48.7392578125 48.7392578125 48.7392578125 48.7392578125 48.7392578125 48.7392578125
49.9287109375 49.9287109375 49.9287109375 49.9287109375 49.9287109375 49.9287109375 49.9287109375
51.00390625 51.00390625 51.00390625 51.00390625 51.00390625 51.00390625
51.8896484375 51.8896484375 51.8896484375 51.8896484375 51.8896484375 51.8896484375
52.80078125 52.80078125 52.80078125 52.80078125 52.80078125 52.80078125
53.6865234375 53.6865234375 53.6865234375 53.6865234375 53.6865234375 53.6865234375 53.6865234375
54.7607421875 54.7607421875 54.7607421875 54.7607421875 54.7607421875 54.7607421875
55.671875 55.671875 55.671875 55.671875 55.671875 55.671875 55.671875
56.5517578125 56.5517578125 56.5517578125 56.5517578125 56.5517578125 56.5517578125 56.5517578125
57.2275390625 57.7666015625 57.7666015625 57.7666015625 57.7666015625 57.7666015625
48.9287109375 48.9287109375 48.9287109375 48.9287109375 48.9287109375 48.9287109375
49.7734375 49.7734375 49.7734375 49.7734375 49.7734375 49.7734375
50.646484375 50.646484375 50.646484375 50.646484375 50.646484375 50.646484375
51.544921875 51.544921875 51.544921875 51.544921875 51.544921875 51.544921875
52.443359375 52.443359375 52.443359375 52.443359375 52.443359375 52.443359375 52.443359375
53.568359375 53.568359375 53.568359375 53.568359375 53.568359375 53.568359375 53.568359375
54.6337890625 54.6337890625 54.6337890625 54.6337890625 54.6337890625 54.6337890625
55.544921875 55.544921875 55.544921875 55.544921875 55.544921875 55.544921875
55.974609375 55.974609375 55.974609375 55.974609375 55.974609375 55.974609375
56.3623046875 56.3623046875 56.3623046875 56.3623046875 56.3623046875 56.3623046875
48.056640625 48.056640625 48.056640625 48.056640625 48.056640625 48.056640625
48.8916015625 48.8916015625 48.8916015625 48.8916015625 48.8916015625 48.8916015625 48.8916015625
50.056640625 50.056640625 50.056640625 50.056640625 50.056640625 50.056640625 50.056640625
51.1220703125 51.1220703125 51.1220703125 51.1220703125 51.1220703125 51.1220703125
52.033203125 52.033203125 52.033203125 52.033203125 52.033203125 52.033203125
52.931640625 52.931640625 52.931640625 52.931640625 52.931640625 52.931640625
53.830078125 53.830078125 53.830078125 53.830078125 53.830078125 53.830078125
54.728515625 54.728515625 54.728515625 54.728515625 54.728515625 54.728515625
55.626953125 55.626953125 55.626953125 55.626953125 55.626953125 55.626953125 55.626953125
56.6923828125 56.6923828125 56.6923828125 56.6923828125 56.6923828125 56.6923828125 56.6923828125
48.07421875 48.07421875 48.07421875 48.07421875 48.07421875 48.07421875
48.9599609375 48.9599609375 48.9599609375 48.9599609375 48.9599609375 48.9599609375
49.8046875 49.8046875 49.8046875 49.8046875 49.8046875 49.8046875
50.677734375 50.677734375 50.677734375 50.677734375 50.677734375 50.677734375
51.576171875 51.576171875 51.576171875 51.576171875 51.576171875 51.576171875
52.474609375 52.474609375 52.474609375 52.474609375 52.474609375 52.474609375 52.474609375
53.599609375 53.599609375 53.599609375 53.599609375 53.599609375 53.599609375 53.599609375
54.6650390625 54.6650390625 54.6650390625 54.6650390625 54.6650390625 54.6650390625
55.576171875 55.576171875 55.576171875 55.576171875 55.576171875 55.576171875
56.474609375 56.474609375 56.474609375 56.474609375 56.474609375 56.474609375
57.373046875 57.373046875 57.373046875 57.373046875 57.373046875 57.373046875
58.271484375 58.271484375 58.271484375 58.271484375 58.271484375 58.271484375
47.8857421875 47.8857421875 47.8857421875 47.8857421875 47.8857421875 47.8857421875 47.8857421875
48.9208984375 48.9208984375 48.9208984375 48.9208984375 48.9208984375 48.9208984375 48.9208984375
50.0615234375 50.0615234375 50.0615234375 50.0615234375 50.0615234375 50.0615234375
50.97265625 50.97265625 50.97265625 50.97265625 50.97265625 50.97265625
51.8583984375 51.8583984375 51.8583984375 51.8583984375 51.8583984375 51.8583984375
52.76953125 52.76953125 52.76953125 52.76953125 52.76953125 52.76953125
53.6552734375 53.6552734375 53.6552734375 53.6552734375 53.6552734375 53.6552734375
54.56640625 54.56640625 54.56640625 54.56640625 54.56640625 54.56640625 54.56640625
55.4755859375 55.4755859375 55.4755859375 55.4755859375 55.4755859375 55.4755859375 55.4755859375
56.5498046875 56.5498046875 56.5498046875 56.5498046875 56.5498046875 56.5498046875
57.4609375 57.4609375 57.4609375 57.4609375 57.4609375 57.4609375
57.80859375 57.80859375 57.80859375 57.80859375 57.80859375 57.80859375
48.0205078125 48.0205078125 48.0205078125 48.0205078125 48.0205078125 48.0205078125
48.865234375 48.865234375 48.865234375 48.865234375 48.865234375 48.865234375
49.763671875 49.763671875 49.763671875 49.763671875 49.763671875 49.763671875 49.763671875
50.888671875 50.888671875 50.888671875 50.888671875 50.888671875 50.888671875 50.888671875
51.9541015625 51.9541015625 51.9541015625 51.9541015625 51.9541015625 51.9541015625
52.865234375 52.865234375 52.865234375 52.865234375 52.865234375 52.865234375
53.763671875 53.763671875 53.763671875 53.763671875 53.763671875 53.763671875
54.662109375 54.662109375 54.662109375 54.662109375 54.662109375 54.662109375
55.560546875 55.560546875 55.560546875 55.560546875 55.560546875 55.560546875
56.458984375 56.458984375 56.458984375 56.458984375 56.458984375 56.458984375 56.458984375
47.9111328125 47.9111328125 47.9111328125 47.9111328125 47.9111328125 47.9111328125 47.9111328125
48.9462890625 48.9462890625 48.9462890625 48.9462890625 48.9462890625 48.9462890625
49.857421875 49.857421875 49.857421875 49.857421875 49.857421875 49.857421875
50.755859375 50.755859375 50.755859375 50.755859375 50.755859375 50.755859375
51.654296875 51.654296875 51.654296875 51.654296875 51.654296875 51.654296875
52.552734375 52.552734375 52.552734375 52.552734375 52.552734375 52.552734375
53.451171875 53.451171875 53.451171875 53.451171875 53.451171875 53.451171875 53.451171875
54.576171875 54.576171875 54.576171875 54.576171875 54.576171875 54.576171875 54.576171875
55.6416015625 55.6416015625 55.6416015625 55.6416015625 55.6416015625 55.6416015625
56.552734375 56.552734375 56.552734375 56.552734375 56.552734375 56.552734375
57.451171875 57.451171875 57.451171875 57.451171875 57.451171875 57.451171875
57.7275390625 57.7275390625 57.7275390625 57.7275390625 57.7275390625 57.7275390625
48.056640625 48.056640625 48.056640625 48.056640625 48.056640625 48.056640625
48.8916015625 48.8916015625 48.8916015625 48.8916015625 48.8916015625 48.8916015625 48.8916015625
50.056640625 50.056640625 50.056640625 50.056640625 50.056640625 50.056640625 50.056640625
51.1220703125 51.1220703125 51.1220703125 51.1220703125 51.1220703125 51.1220703125
52.033203125 52.033203125 52.033203125 52.033203125 52.033203125 52.033203125
52.931640625 52.931640625 52.931640625 52.931640625 52.931640625 52.931640625
53.830078125 53.830078125 53.830078125 53.830078125 53.830078125 53.830078125
54.728515625 54.728515625 54.728515625 54.728515625 54.728515625 54.728515625
55.626953125 55.626953125 55.626953125 55.626953125 55.626953125 55.626953125 55.626953125
56.6923828125 56.6923828125 56.6923828125 56.6923828125 56.6923828125 56.6923828125 56.6923828125
48.1005859375 48.1005859375 48.1005859375 48.1005859375 48.1005859375 48.1005859375
48.9453125 48.9453125 48.9453125 48.9453125 48.9453125 48.9453125
49.818359375 49.818359375 49.818359375 49.818359375 49.818359375 49.818359375
50.716796875 50.716796875 50.716796875 50.716796875 50.716796875 50.716796875
51.615234375 51.615234375 51.615234375 51.615234375 51.615234375 51.615234375
52.513671875 52.513671875 52.513671875 52.513671875 52.513671875 52.513671875 52.513671875
53.638671875 53.638671875 53.638671875 53.638671875 53.638671875 53.638671875 53.638671875
54.7041015625 54.7041015625 54.7041015625 54.7041015625 54.7041015625 54.7041015625
55.615234375 55.615234375 55.615234375 55.615234375 55.615234375 55.615234375
56.513671875 56.513671875 56.513671875 56.513671875 56.513671875 56.513671875
57.412109375 57.412109375 57.412109375 57.412109375 57.412109375 57.412109375
57.828125 57.828125 57.828125 57.828125 57.828125 57.828125
48.005859375 48.005859375 48.005859375 48.005859375 48.005859375 48.005859375 48.005859375
49.0712890625 49.0712890625 49.0712890625 49.0712890625 49.0712890625 49.0712890625 49.0712890625
50.1728515625 50.1728515625 50.1728515625 50.1728515625 50.1728515625 50.1728515625
51.083984375 51.083984375 51.083984375 51.083984375 51.083984375 51.083984375
51.982421875 51.982421875 51.982421875 51.982421875 51.982421875 51.982421875
52.880859375 52.880859375 52.880859375 52.880859375 52.880859375 52.880859375
53.779296875 53.779296875 53.779296875 53.779296875 53.779296875 53.779296875
54.677734375 54.677734375 54.677734375 54.677734375 54.677734375 54.677734375 54.677734375
55.7431640625 55.7431640625 55.7431640625 55.7431640625 55.7431640625 55.7431640625 55.7431640625
56.56640625 56.56640625 56.56640625 56.56640625 56.56640625 56.56640625
48.24609375 48.24609375 48.24609375 48.24609375 48.24609375 48.24609375
49.0654296875 49.0654296875 49.0654296875 49.0654296875 49.0654296875 49.0654296875
49.9765625 49.9765625 49.9765625 49.9765625 49.9765625 49.9765625
50.849609375 50.849609375 50.849609375 50.849609375 50.849609375 50.849609375
51.748046875 51.748046875 51.748046875 51.748046875 51.748046875 51.748046875 51.748046875
52.873046875 52.873046875 52.873046875 52.873046875 52.873046875 52.873046875 52.873046875
53.9384765625 53.9384765625 53.9384765625 53.9384765625 53.9384765625 53.9384765625
54.849609375 54.849609375 54.849609375 54.849609375 54.849609375 54.849609375
55.748046875 55.748046875 55.748046875 55.748046875 55.748046875 55.748046875
56.646484375 56.646484375 56.646484375 56.646484375 56.646484375 56.646484375
57.544921875 57.544921875 57.544921875 57.544921875 57.544921875 57.544921875
48.474609375 48.474609375 48.474609375 48.474609375 48.474609375 48.474609375 48.474609375
49.5400390625 49.5400390625 49.5400390625 49.5400390625 49.5400390625 49.5400390625 49.5400390625
50.6416015625 50.6416015625 50.6416015625 50.6416015625 50.6416015625 50.6416015625
51.552734375 51.552734375 51.552734375 51.552734375 51.552734375 51.552734375
52.451171875 52.451171875 52.451171875 52.451171875 52.451171875 52.451171875
53.349609375 53.349609375 53.349609375 53.349609375 53.349609375 53.349609375
54.248046875 54.248046875 54.248046875 54.248046875 54.248046875 54.248046875
55.146484375 55.146484375 55.146484375 55.146484375 55.146484375 55.146484375 55.146484375
56.2119140625 56.2119140625 56.2119140625 56.2119140625 56.2119140625 56.2119140625 56.2119140625
57.2861328125 57.2861328125 57.2861328125 57.2861328125 57.2861328125 57.2861328125
57.8583984375 57.8583984375 57.8583984375 57.8583984375 57.8583984375 57.8583984375
48.0947265625 48.0947265625 48.0947265625 48.0947265625 48.0947265625 48.0947265625
48.939453125 48.939453125 48.939453125 48.939453125 48.939453125 48.939453125
49.837890625 49.837890625 49.837890625 49.837890625 49.837890625 49.837890625
50.736328125 50.736328125 50.736328125 50.736328125 50.736328125 50.736328125 50.736328125
51.861328125 51.861328125 51.861328125 51.861328125 51.861328125 51.861328125 51.861328125
52.9267578125 52.9267578125 52.9267578125 52.9267578125 52.9267578125 52.9267578125
53.837890625 53.837890625 53.837890625 53.837890625 53.837890625 53.837890625
54.736328125 54.736328125 54.736328125 54.736328125 54.736328125 54.736328125
55.634765625 55.634765625 55.634765625 55.634765625 55.634765625 55.634765625
56.533203125 56.533203125 56.533203125 56.533203125 56.533203125 56.533203125
47.8857421875 47.8857421875 47.8857421875 47.8857421875 47.8857421875 47.8857421875 47.8857421875
48.9208984375 48.9208984375 48.9208984375 48.9208984375 48.9208984375 48.9208984375 48.9208984375
50.0615234375 50.0615234375 50.0615234375 50.0615234375 50.0615234375 50.0615234375
50.97265625 50.97265625 50.97265625 50.97265625 50.97265625 50.97265625
51.8583984375 51.8583984375 51.8583984375 51.8583984375 51.8583984375 51.8583984375
52.76953125 52.76953125 52.76953125 52.76953125 52.76953125 52.76953125
53.6552734375 53.6552734375 53.6552734375 53.6552734375 53.6552734375 53.6552734375
54.56640625 54.56640625 54.56640625 54.56640625 54.56640625 54.56640625 54.56640625
55.4755859375 55.4755859375 55.4755859375 55.4755859375 55.4755859375 55.4755859375 55.4755859375
56.5498046875 56.5498046875 56.5498046875 56.5498046875 56.5498046875 56.5498046875
57.4609375 57.4609375 57.4609375 57.4609375 57.4609375 57.4609375
57.80859375 57.80859375 57.80859375 57.80859375 57.80859375 57.80859375
48.0205078125 48.0205078125 48.0205078125 48.0205078125 48.0205078125 48.0205078125
48.865234375 48.865234375 48.865234375 48.865234375 48.865234375 48.865234375
49.763671875 49.763671875 49.763671875 49.763671875 49.763671875 49.763671875 49.763671875
50.888671875 50.888671875 50.888671875 50.888671875 50.888671875 50.888671875 50.888671875
51.9541015625 51.9541015625 51.9541015625 51.9541015625 51.9541015625 51.9541015625
52.865234375 52.865234375 52.865234375 52.865234375 52.865234375 52.865234375
53.763671875 53.763671875 53.763671875 53.763671875 53.763671875 53.763671875
54.662109375 54.662109375 54.662109375 54.662109375 54.662109375 54.662109375
55.560546875 55.560546875 55.560546875 55.560546875 55.560546875 55.560546875
56.458984375 56.458984375 56.458984375 56.458984375 56.458984375 56.458984375 56.458984375
47.9111328125 47.9111328125 47.9111328125 47.9111328125 47.9111328125 47.9111328125 47.9111328125
48.9462890625 48.9462890625 48.9462890625 48.9462890625 48.9462890625 48.9462890625
49.857421875 49.857421875 49.857421875 49.857421875 49.857421875 49.857421875
50.755859375 50.755859375 50.755859375 50.755859375 50.755859375 50.755859375
51.654296875 51.654296875 51.654296875 51.654296875 51.654296875 51.654296875
52.552734375 52.552734375 52.552734375 52.552734375 52.552734375 52.552734375
53.451171875 53.451171875 53.451171875 53.451171875 53.451171875 53.451171875 53.451171875
54.576171875 54.576171875 54.576171875 54.576171875 54.576171875 54.576171875 54.576171875
55.6416015625 55.6416015625 55.6416015625 55.6416015625 55.6416015625 55.6416015625
56.552734375 56.552734375 56.552734375 56.552734375 56.552734375 56.552734375
57.451171875 57.451171875 57.451171875 57.451171875 57.451171875 57.451171875
57.7275390625 57.7275390625 57.7275390625 57.7275390625 57.7275390625 57.7275390625
48.056640625 48.056640625 48.056640625 48.056640625 48.056640625 48.056640625
48.8916015625 48.8916015625 48.8916015625 48.8916015625 48.8916015625 48.8916015625 48.8916015625
50.056640625 50.056640625 50.056640625 50.056640625 50.056640625 50.056640625 50.056640625
51.1220703125 51.1220703125 51.1220703125 51.1220703125 51.1220703125 51.1220703125
52.033203125 52.033203125 52.033203125 52.033203125 52.033203125 52.033203125
52.931640625 52.931640625 52.931640625 52.931640625 52.931640625 52.931640625
53.830078125 53.830078125 53.830078125 53.830078125 53.830078125 53.830078125
54.728515625 54.728515625 54.728515625 54.728515625 54.728515625 54.728515625
55.626953125 55.626953125 55.626953125 55.626953125 55.626953125 55.626953125 55.626953125
56.6923828125 56.6923828125 56.6923828125 56.6923828125 56.6923828125 56.6923828125 56.6923828125
48.1005859375 48.1005859375 48.1005859375 48.1005859375 48.1005859375 48.1005859375
48.9453125 48.9453125 48.9453125 48.9453125 48.9453125 48.9453125
49.818359375 49.818359375 49.818359375 49.818359375 49.818359375 49.818359375
50.716796875 50.716796875 50.716796875 50.716796875 50.716796875 50.716796875
51.615234375 51.615234375 51.615234375 51.615234375 51.615234375 51.615234375
52.513671875 52.513671875 52.513671875 52.513671875 52.513671875 52.513671875 52.513671875
53.638671875 53.638671875 53.638671875 53.638671875 53.638671875 53.638671875 53.638671875
54.7041015625 54.7041015625 54.7041015625 54.7041015625 54.7041015625 54.7041015625
55.615234375 55.615234375 55.615234375 55.615234375 55.615234375 55.615234375
56.513671875 56.513671875 56.513671875 56.513671875 56.513671875 56.513671875
57.412109375 57.412109375 57.412109375 57.412109375 57.412109375 57.412109375
57.828125 57.828125 57.828125 57.828125 57.828125 57.828125
48.005859375 48.005859375 48.005859375 48.005859375 48.005859375 48.005859375 48.005859375
49.0712890625 49.0712890625 49.0712890625 49.0712890625 49.0712890625 49.0712890625 49.0712890625
50.1728515625 50.1728515625 50.1728515625 50.1728515625 50.1728515625 50.1728515625
51.083984375 51.083984375 51.083984375 51.083984375 51.083984375 51.083984375
51.982421875 51.982421875 51.982421875 51.982421875 51.982421875 51.982421875
52.880859375 52.880859375 52.880859375 52.880859375 52.880859375 52.880859375
53.779296875 53.779296875 53.779296875 53.779296875 53.779296875 53.779296875
54.677734375 54.677734375 54.677734375 54.677734375 54.677734375 54.677734375 54.677734375
55.7431640625 55.7431640625 55.7431640625 55.7431640625 55.7431640625 55.7431640625 55.7431640625
56.56640625 56.56640625 56.56640625 56.56640625 56.56640625 56.56640625
48.24609375 48.24609375 48.24609375 48.24609375 48.24609375 48.24609375
49.0654296875 49.0654296875 49.0654296875 49.0654296875 49.0654296875 49.0654296875
49.9765625 49.9765625 49.9765625 49.9765625 49.9765625 49.9765625
50.849609375 50.849609375 50.849609375 50.849609375 50.849609375 50.849609375
51.748046875 51.748046875 51.748046875 51.748046875 51.748046875 51.748046875 51.748046875
52.873046875 52.873046875 52.873046875 52.873046875 52.873046875 52.873046875 52.873046875
53.9384765625 53.9384765625 53.9384765625 53.9384765625 53.9384765625 53.9384765625
54.849609375 54.849609375 54.849609375 54.849609375 54.849609375 54.849609375
55.748046875 55.748046875 55.748046875 55.748046875 55.748046875 55.748046875
56.646484375 56.646484375 56.646484375 56.646484375 56.646484375 56.646484375
57.544921875 57.544921875 57.544921875 57.544921875 57.544921875 57.544921875
48.474609375 48.474609375 48.474609375 48.474609375 48.474609375 48.474609375 48.474609375
49.5400390625 49.5400390625 49.5400390625 49.5400390625 49.5400390625 49.5400390625 49.5400390625
50.6416015625 50.6416015625 50.6416015625 50.6416015625 50.6416015625 50.6416015625
51.552734375 51.552734375 51.552734375 51.552734375 51.552734375 51.552734375
52.451171875 52.451171875 52.451171875 52.451171875 52.451171875 52.451171875
53.349609375 53.349609375 53.349609375 53.349609375 53.349609375 53.349609375
54.248046875 54.248046875 54.248046875 54.248046875 54.248046875 54.248046875
55.146484375 55.146484375 55.146484375 55.146484375 55.146484375 55.146484375 55.146484375
56.2119140625 56.2119140625 56.2119140625 56.2119140625 56.2119140625 56.2119140625 56.2119140625
57.2861328125 57.2861328125 57.2861328125 57.2861328125 57.2861328125 57.2861328125
57.8583984375 57.8583984375 57.8583984375 57.8583984375 57.8583984375 57.8583984375
48.0947265625 48.0947265625 48.0947265625 48.0947265625 48.0947265625 48.0947265625
48.939453125 48.939453125 48.939453125 48.939453125 48.939453125 48.939453125
49.837890625 49.837890625 49.837890625 49.837890625 49.837890625 49.837890625
50.736328125 50.736328125 50.736328125 50.736328125 50.736328125 50.736328125 50.736328125
51.861328125 51.861328125 51.861328125 51.861328125 51.861328125 51.861328125 51.861328125
52.9267578125 52.9267578125 52.9267578125 52.9267578125 52.9267578125 52.9267578125
53.837890625 53.837890625 53.837890625 53.837890625 53.837890625 53.837890625
54.736328125 54.736328125 54.736328125 54.736328125 54.736328125 54.736328125
55.634765625 55.634765625 55.634765625 55.634765625 55.634765625 55.634765625
56.533203125 56.533203125 56.533203125 56.533203125 56.533203125 56.533203125
47.8857421875 47.8857421875 47.8857421875 47.8857421875 47.8857421875 47.8857421875 47.8857421875
48.9208984375 48.9208984375 48.9208984375 48.9208984375 48.9208984375 48.9208984375 48.9208984375
50.0615234375 50.0615234375 50.0615234375 50.0615234375 50.0615234375 50.0615234375
50.97265625 50.97265625 50.97265625 50.97265625 50.97265625 50.97265625
51.8583984375 51.8583984375 51.8583984375 51.8583984375 51.8583984375 51.8583984375
52.76953125 52.76953125 52.76953125 52.76953125 52.76953125 52.76953125
53.6552734375 53.6552734375 53.6552734375 53.6552734375 53.6552734375 53.6552734375
54.56640625 54.56640625 54.56640625 54.56640625 54.56640625 54.56640625 54.56640625
55.4755859375 55.4755859375 55.4755859375 55.4755859375 55.4755859375 55.4755859375 55.4755859375
56.5498046875 56.5498046875 56.5498046875 56.5498046875 56.5498046875 56.5498046875
57.4609375 57.4609375 57.4609375 57.4609375 57.4609375 57.4609375
57.80859375 57.80859375 57.80859375 57.80859375 57.80859375 57.80859375
48.0205078125 48.0205078125 48.0205078125 48.0205078125 48.0205078125 48.0205078125
48.865234375 48.865234375 48.865234375 48.865234375 48.865234375 48.865234375
49.763671875 49.763671875 49.763671875 49.763671875 49.763671875 49.763671875 49.763671875
50.888671875 50.888671875 50.888671875 50.888671875 50.888671875 50.888671875 50.888671875
51.9541015625 51.9541015625 51.9541015625 51.9541015625 51.9541015625 51.9541015625
52.865234375 52.865234375 52.865234375 52.865234375 52.865234375 52.865234375
53.763671875 53.763671875 53.763671875 53.763671875 53.763671875 53.763671875
54.662109375 54.662109375 54.662109375 54.662109375 54.662109375 54.662109375
55.560546875 55.560546875 55.560546875 55.560546875 55.560546875 55.560546875
56.458984375 56.458984375 56.458984375 56.458984375 56.458984375 56.458984375 56.458984375
