11.4765625 11.5078125 11.5078125 11.53125 11.53125 11.53125 11.5625 11.5625 11.5625 11.5625
12.625 12.625 12.625 12.625 12.625 12.625 12.625 12.625 12.625 12.625
13.267578125 13.267578125 13.267578125 13.267578125 13.267578125 13.267578125 13.267578125 13.267578125 13.267578125 13.267578125
14.4384765625 14.4384765625 14.4384765625 14.4384765625 14.4384765625 14.4384765625 14.4384765625 14.4384765625 14.4384765625 14.4384765625
14.5625 14.5625 14.5625 14.5625 14.5625 14.5625 14.5625 14.5625 14.5625 14.5625
13.197265625 13.197265625 13.197265625 13.197265625 13.197265625 13.197265625 13.197265625 13.197265625 13.197265625 13.197265625
14.3369140625 14.3369140625 14.3369140625 14.3369140625 14.3369140625 14.3369140625 14.3369140625 14.3369140625 14.3369140625 14.3369140625
15.4482421875 15.4482421875 15.4482421875 15.4482421875 15.4482421875 15.4482421875 15.4482421875 15.4482421875 15.4482421875 15.4482421875
14.8095703125 14.8095703125 14.8095703125 14.8095703125 14.8095703125 14.8095703125 14.8095703125 14.8095703125 14.8095703125 14.8095703125
14.0703125 14.0703125 14.0703125 14.0703125 14.0703125 14.0703125 14.0703125 14.0703125 14.0703125 14.0703125
14.94140625 14.94140625 14.94140625 14.94140625 14.94140625 14.94140625 14.94140625 14.94140625 14.94140625 14.94140625
15.8427734375 15.8427734375 15.8427734375 15.8427734375 15.8427734375 15.8427734375 15.8427734375 15.8427734375 15.8427734375 15.8427734375
15.3857421875 15.3857421875 15.3857421875 15.3857421875 15.3857421875 15.3857421875 15.3857421875 15.3857421875 15.3857421875 15.3857421875
14.05078125 14.05078125 14.05078125 14.05078125 14.05078125 14.05078125 14.05078125 14.05078125 14.05078125 14.05078125
14.9521484375 14.9521484375 14.9521484375 14.9521484375 14.9521484375 14.9521484375 14.9521484375 14.9521484375 14.9521484375 14.9521484375
16.0537109375 16.0537109375 16.0537109375 16.0537109375 16.0537109375 16.0537109375 16.0537109375 16.0537109375 16.0537109375 16.0537109375
15.3515625 15.3515625 15.3515625 15.3515625 15.3515625 15.3515625 15.3515625 15.3515625 15.3515625 15.3515625
13.80078125 13.80078125 13.80078125 13.80078125 13.80078125 13.80078125 13.80078125 13.80078125 13.80078125 13.80078125
14.7119140625 14.7119140625 14.7119140625 14.7119140625 14.7119140625 14.7119140625 14.7119140625 14.7119140625 14.7119140625 14.7119140625
15.8330078125 15.8330078125 15.8330078125 15.8330078125 15.8330078125 15.8330078125 15.8330078125 15.8330078125 15.8330078125 15.8330078125
15.5458984375 15.5458984375 15.5458984375 15.5458984375 15.5458984375 15.5458984375 15.5458984375 15.5458984375 15.5458984375 15.5458984375
14.216796875 14.216796875 14.216796875 14.216796875 14.216796875 14.216796875 14.216796875 14.216796875 14.216796875 14.216796875
15.279296875 15.279296875 15.279296875 15.279296875 15.279296875 15.279296875 15.279296875 15.279296875 15.279296875 15.279296875
16.341796875 16.341796875 16.341796875 16.341796875 16.341796875 16.341796875 16.341796875 16.341796875 16.341796875 16.341796875
15.1767578125 15.1767578125 15.1767578125 15.1767578125 15.1767578125 15.1767578125 15.1767578125 15.1767578125 15.1767578125 15.1767578125
13.96875 13.96875 13.96875 13.96875 13.96875 13.96875 13.96875 13.96875 13.96875 13.96875
14.65234375 14.65234375 14.65234375 14.65234375 14.65234375 14.65234375 14.65234375 14.65234375 14.65234375 14.65234375
15.62109375 15.62109375 15.62109375 15.62109375 15.62109375 15.62109375 15.62109375 15.62109375 15.62109375 15.62109375
16.5224609375 16.5224609375 16.5224609375 16.5224609375 16.5224609375 16.5224609375 16.5224609375 16.5224609375 16.5224609375 16.5224609375
15.685546875 15.685546875 15.685546875 15.685546875 15.685546875 15.685546875 15.685546875 15.685546875 15.685546875 15.685546875
14.01171875 14.01171875 14.01171875 14.01171875 14.01171875 14.01171875 14.01171875 14.01171875 14.01171875 14.01171875
14.9130859375 14.9130859375 14.9130859375 14.9130859375 14.9130859375 14.9130859375 14.9130859375 14.9130859375 14.9130859375 14.9130859375
16.0244140625 16.0244140625 16.0244140625 16.0244140625 16.0244140625 16.0244140625 16.0244140625 16.0244140625 16.0244140625 16.0244140625
17.1259765625 17.1259765625 17.1259765625 17.1259765625 17.1259765625 17.1259765625 17.1259765625 17.1259765625 17.1259765625 17.1259765625
12.6630859375 12.6630859375 12.6630859375 12.6630859375 12.6630859375 12.6630859375 12.6630859375 12.6630859375 12.6630859375 12.6630859375
13.8515625 13.8515625 13.8515625 13.8515625 13.8515625 13.8515625 13.8515625 13.8515625 13.8515625 13.8515625
14.72265625 14.72265625 14.72265625 14.72265625 14.72265625 14.72265625 14.72265625 14.72265625 14.72265625 14.72265625
15.6240234375 15.6240234375 15.6240234375 15.6240234375 15.6240234375 15.6240234375 15.6240234375 15.6240234375 15.6240234375 15.6240234375
15.130859375 15.130859375 15.130859375 15.130859375 15.130859375 15.130859375 15.130859375 15.130859375 15.130859375 15.130859375
14.2216796875 14.2216796875 14.2216796875 14.2216796875 14.2216796875 14.2216796875 14.2216796875 14.2216796875 14.2216796875 14.2216796875
15.3330078125 15.3330078125 15.3330078125 15.3330078125 15.3330078125 15.3330078125 15.3330078125 15.3330078125 15.3330078125 15.3330078125
16.4345703125 16.4345703125 16.4345703125 16.4345703125 16.4345703125 16.4345703125 16.4345703125 16.4345703125 16.4345703125 16.4345703125
15.4599609375 15.4599609375 15.4599609375 15.4599609375 15.4599609375 15.4599609375 15.4599609375 15.4599609375 15.4599609375 15.4599609375
13.791015625 13.791015625 13.791015625 13.791015625 13.791015625 13.791015625 13.791015625 13.791015625 13.791015625 13.791015625
14.853515625 14.853515625 14.853515625 14.853515625 14.853515625 14.853515625 14.853515625 14.853515625 14.853515625 14.853515625
15.916015625 15.916015625 15.916015625 15.916015625 15.916015625 15.916015625 15.916015625 15.916015625 15.916015625 15.916015625
14.80078125 14.80078125 14.80078125 14.80078125 14.80078125 14.80078125 14.80078125 14.80078125 14.80078125 14.80078125
13.5322265625 13.5322265625 13.5322265625 13.5322265625 13.5322265625 13.5322265625 13.5322265625 13.5322265625 13.5322265625 13.5322265625
14.6533203125 14.6533203125 14.6533203125 14.6533203125 14.6533203125 14.6533203125 14.6533203125 14.6533203125 14.6533203125 14.6533203125
15.7548828125 15.7548828125 15.7548828125 15.7548828125 15.7548828125 15.7548828125 15.7548828125 15.7548828125 15.7548828125 15.7548828125
15.5322265625 15.5322265625 15.5322265625 15.5322265625 15.5322265625 15.5322265625 15.5322265625 15.5322265625 15.5322265625 15.5322265625
13.900390625 13.900390625 13.900390625 13.900390625 13.900390625 13.900390625 13.900390625 13.900390625 13.900390625 13.900390625
14.962890625 14.962890625 14.962890625 14.962890625 14.962890625 14.962890625 14.962890625 14.962890625 14.962890625 14.962890625
16.025390625 16.025390625 16.025390625 16.025390625 16.025390625 16.025390625 16.025390625 16.025390625 16.025390625 16.025390625
14.7958984375 14.7958984375 14.7958984375 14.7958984375 14.7958984375 14.7958984375 14.7958984375 14.7958984375 14.7958984375 14.7958984375
13.751953125 13.751953125 13.751953125 13.751953125 13.751953125 13.751953125 13.751953125 13.751953125 13.751953125 13.751953125
14.814453125 14.814453125 14.814453125 14.814453125 14.814453125 14.814453125 14.814453125 14.814453125 14.814453125 14.814453125
15.876953125 15.876953125 15.876953125 15.876953125 15.876953125 15.876953125 15.876953125 15.876953125 15.876953125 15.876953125
15.3525390625 15.3525390625 15.3525390625 15.3525390625 15.3525390625 15.3525390625 15.3525390625 15.3525390625 15.3525390625 15.3525390625
13.751953125 13.751953125 13.751953125 13.751953125 13.751953125 13.751953125 13.751953125 13.751953125 13.751953125 13.751953125
14.671875 14.671875 14.671875 14.671875 14.671875 14.671875 14.671875 14.671875 14.671875 14.671875
15.5341796875 15.5341796875 15.5341796875 15.5341796875 15.5341796875 15.5341796875 15.5341796875 15.5341796875 15.5341796875 15.5341796875
14.9228515625 14.9228515625 14.9228515625 14.9228515625 14.9228515625 14.9228515625 14.9228515625 14.9228515625 14.9228515625 14.9228515625
13.890625 13.890625 13.890625 13.890625 13.890625 13.890625 13.890625 13.890625 13.890625 13.890625
14.7529296875 14.7529296875 14.7529296875 14.7529296875 14.7529296875 14.7529296875 14.7529296875 14.7529296875 14.7529296875 14.7529296875
15.8544921875 15.8544921875 15.8544921875 15.8544921875 15.8544921875 15.8544921875 15.8544921875 15.8544921875 15.8544921875 15.8544921875
15.25390625 15.25390625 15.25390625 15.25390625 15.25390625 15.25390625 15.25390625 15.25390625 15.25390625 15.25390625
13.8212890625 13.8212890625 13.8212890625 13.8212890625 13.8212890625 13.8212890625 13.8212890625 13.8212890625 13.8212890625 13.8212890625
14.9423828125 14.9423828125 14.9423828125 14.9423828125 14.9423828125 14.9423828125 14.9423828125 14.9423828125 14.9423828125 14.9423828125
16.0439453125 16.0439453125 16.0439453125 16.0439453125 16.0439453125 16.0439453125 16.0439453125 16.0439453125 16.0439453125 16.0439453125
15.1005859375 15.1005859375 15.1005859375 15.1005859375 15.1005859375 15.1005859375 15.1005859375 15.1005859375 15.1005859375 15.1005859375
14.255859375 14.255859375 14.255859375 14.255859375 14.255859375 14.255859375 14.255859375 14.255859375 14.255859375 14.255859375
15.318359375 15.318359375 15.318359375 15.318359375 15.318359375 15.318359375 15.318359375 15.318359375 15.318359375 15.318359375
16.380859375 16.380859375 16.380859375 16.380859375 16.380859375 16.380859375 16.380859375 16.380859375 16.380859375 16.380859375
15.4423828125 15.4423828125 15.4423828125 15.4423828125 15.4423828125 15.4423828125 15.4423828125 15.4423828125 15.4423828125 15.4423828125
13.96875 13.96875 13.96875 13.96875 13.96875 13.96875 13.96875 13.96875 13.96875 13.96875
14.65234375 14.65234375 14.65234375 14.65234375 14.65234375 14.65234375 14.65234375 14.65234375 14.65234375 14.65234375
15.62109375 15.62109375 15.62109375 15.62109375 15.62109375 15.62109375 15.62109375 15.62109375 15.62109375 15.62109375
16.5224609375 16.5224609375 16.5224609375 16.5224609375 16.5224609375 16.5224609375 16.5224609375 16.5224609375 16.5224609375 16.5224609375
15.908203125 15.908203125 15.908203125 15.908203125 15.908203125 15.908203125 15.908203125 15.908203125 15.908203125 15.908203125
14.01171875 14.01171875 14.01171875 14.01171875 14.01171875 14.01171875 14.01171875 14.01171875 14.01171875 14.01171875
14.9130859375 14.9130859375 14.9130859375 14.9130859375 14.9130859375 14.9130859375 14.9130859375 14.9130859375 14.9130859375 14.9130859375
16.0244140625 16.0244140625 16.0244140625 16.0244140625 16.0244140625 16.0244140625 16.0244140625 16.0244140625 16.0244140625 16.0244140625
17.1259765625 17.1259765625 17.1259765625 17.1259765625 17.1259765625 17.1259765625 17.1259765625 17.1259765625 17.1259765625 17.1259765625
12.6630859375 12.6630859375 12.6630859375 12.6630859375 12.6630859375 12.6630859375 12.6630859375 12.6630859375 12.6630859375 12.6630859375
13.8515625 13.8515625 13.8515625 13.8515625 13.8515625 13.8515625 13.8515625 13.8515625 13.8515625 13.8515625
14.72265625 14.72265625 14.72265625 14.72265625 14.72265625 14.72265625 14.72265625 14.72265625 14.72265625 14.72265625
15.6240234375 15.6240234375 15.6240234375 15.6240234375 15.6240234375 15.6240234375 15.6240234375 15.6240234375 15.6240234375 15.6240234375
15.130859375 15.130859375 15.130859375 15.130859375 15.130859375 15.130859375 15.130859375 15.130859375 15.130859375 15.130859375
14.2216796875 14.2216796875 14.2216796875 14.2216796875 14.2216796875 14.2216796875 14.2216796875 14.2216796875 14.2216796875 14.2216796875
15.3330078125 15.3330078125 15.3330078125 15.3330078125 15.3330078125 15.3330078125 15.3330078125 15.3330078125 15.3330078125 15.3330078125
16.4345703125 16.4345703125 16.4345703125 16.4345703125 16.4345703125 16.4345703125 16.4345703125 16.4345703125 16.4345703125 16.4345703125
15.4599609375 15.4599609375 15.4599609375 15.4599609375 15.4599609375 15.4599609375 15.4599609375 15.4599609375 15.4599609375 15.4599609375
13.791015625 13.791015625 13.791015625 13.791015625 13.791015625 13.791015625 13.791015625 13.791015625 13.791015625 13.791015625
14.853515625 14.853515625 14.853515625 14.853515625 14.853515625 14.853515625 14.853515625 14.853515625 14.853515625 14.853515625
15.916015625 15.916015625 15.916015625 15.916015625 15.916015625 15.916015625 15.916015625 15.916015625 15.916015625 15.916015625
14.80078125 14.80078125 14.80078125 14.80078125 14.80078125 14.80078125 14.80078125 14.80078125 14.80078125 14.80078125
13.5322265625 13.5322265625 13.5322265625 13.5322265625 13.5322265625 13.5322265625 13.5322265625 13.5322265625 13.5322265625 13.5322265625
14.6533203125 14.6533203125 14.6533203125 14.6533203125 14.6533203125 14.6533203125 14.6533203125 14.6533203125 14.6533203125 14.6533203125
15.7548828125 15.7548828125 15.7548828125 15.7548828125 15.7548828125 15.7548828125 15.7548828125 15.7548828125 15.7548828125 15.7548828125
15.5322265625 15.5322265625 15.5322265625 15.5322265625 15.5322265625 15.5322265625 15.5322265625 15.5322265625 15.5322265625 15.5322265625
13.900390625 13.900390625 13.900390625 13.900390625 13.900390625 13.900390625 13.900390625 13.900390625 13.900390625 13.900390625
14.962890625 14.962890625 14.962890625 14.962890625 14.962890625 14.962890625 14.962890625 14.962890625 14.962890625 14.962890625
16.025390625 16.025390625 16.025390625 16.025390625 16.025390625 16.025390625 16.025390625 16.025390625 16.025390625 16.025390625
14.7958984375 14.7958984375 14.7958984375 14.7958984375 14.7958984375 14.7958984375 14.7958984375 14.7958984375 14.7958984375 14.7958984375
13.751953125 13.751953125 13.751953125 13.751953125 13.751953125 13.751953125 13.751953125 13.751953125 13.751953125 13.751953125
14.814453125 14.814453125 14.814453125 14.814453125 14.814453125 14.814453125 14.814453125 14.814453125 14.814453125 14.814453125
15.876953125 15.876953125 15.876953125 15.876953125 15.876953125 15.876953125 15.876953125 15.876953125 15.876953125 15.876953125
15.3525390625 15.3525390625 15.3525390625 15.3525390625 15.3525390625 15.3525390625 15.3525390625 15.3525390625 15.3525390625 15.3525390625
13.751953125 13.751953125 13.751953125 13.751953125 13.751953125 13.751953125 13.751953125 13.751953125 13.751953125 13.751953125
14.671875 14.671875 14.671875 14.671875 14.671875 14.671875 14.671875 14.671875 14.671875 14.671875
15.5341796875 15.5341796875 15.5341796875 15.5341796875 15.5341796875 15.5341796875 15.5341796875 15.5341796875 15.5341796875 15.5341796875
14.9228515625 14.9228515625 14.9228515625 14.9228515625 14.9228515625 14.9228515625 14.9228515625 14.9228515625 14.9228515625 14.9228515625
13.890625 13.890625 13.890625 13.890625 13.890625 13.890625 13.890625 13.890625 13.890625 13.890625
14.7529296875 14.7529296875 14.7529296875 14.7529296875 14.7529296875 14.7529296875 14.7529296875 14.7529296875 14.7529296875 14.7529296875
15.8544921875 15.8544921875 15.8544921875 15.8544921875 15.8544921875 15.8544921875 15.8544921875 15.8544921875 15.8544921875 15.8544921875
15.25390625 15.25390625 15.25390625 15.25390625 15.25390625 15.25390625 15.25390625 15.25390625 15.25390625 15.25390625
13.8212890625 13.8212890625 13.8212890625 13.8212890625 13.8212890625 13.8212890625 13.8212890625 13.8212890625 13.8212890625 13.8212890625
14.9423828125 14.9423828125 14.9423828125 14.9423828125 14.9423828125 14.9423828125 14.9423828125 14.9423828125 14.9423828125 14.9423828125
16.0439453125 16.0439453125 16.0439453125 16.0439453125 16.0439453125 16.0439453125 16.0439453125 16.0439453125 16.0439453125 16.0439453125
15.1005859375 15.1005859375 15.1005859375 15.1005859375 15.1005859375 15.1005859375 15.1005859375 15.1005859375 15.1005859375 15.1005859375
14.255859375 14.255859375 14.255859375 14.255859375 14.255859375 14.255859375 14.255859375 14.255859375 14.255859375 14.255859375
15.318359375 15.318359375 15.318359375 15.318359375 15.318359375 15.318359375 15.318359375 15.318359375 15.318359375 15.318359375
16.380859375 16.380859375 16.380859375 16.380859375 16.380859375 16.380859375 16.380859375 16.380859375 16.380859375 16.380859375
15.4423828125 15.4423828125 15.4423828125 15.4423828125 15.4423828125 15.4423828125 15.4423828125 15.4423828125 15.4423828125 15.4423828125
13.96875 13.96875 13.96875 13.96875 13.96875 13.96875 13.96875 13.96875 13.96875 13.96875
14.65234375 14.65234375 14.65234375 14.65234375 14.65234375 14.65234375 14.65234375 14.65234375 14.65234375 14.65234375
15.62109375 15.62109375 15.62109375 15.62109375 15.62109375 15.62109375 15.62109375 15.62109375 15.62109375 15.62109375
16.5224609375 16.5224609375 16.5224609375 16.5224609375 16.5224609375 16.5224609375 16.5224609375 16.5224609375 16.5224609375 16.5224609375
15.908203125 15.908203125 15.908203125 15.908203125 15.908203125 15.908203125 15.908203125 15.908203125 15.908203125 15.908203125
14.01171875 14.01171875 14.01171875 14.01171875 14.01171875 14.01171875 14.01171875 14.01171875 14.01171875 14.01171875
14.9130859375 14.9130859375 14.9130859375 14.9130859375 14.9130859375 14.9130859375 14.9130859375 14.9130859375 14.9130859375 14.9130859375
16.0244140625 16.0244140625 16.0244140625 16.0244140625 16.0244140625 16.0244140625 16.0244140625 16.0244140625 16.0244140625 16.0244140625
17.1259765625 17.1259765625 17.1259765625 17.1259765625 17.1259765625 17.1259765625 17.1259765625 17.1259765625 17.1259765625 17.1259765625
12.6630859375 12.6630859375 12.6630859375 12.6630859375 12.6630859375 12.6630859375 12.6630859375 12.6630859375 12.6630859375 12.6630859375
13.8515625 13.8515625 13.8515625 13.8515625 13.8515625 13.8515625 13.8515625 13.8515625 13.8515625 13.8515625
14.72265625 14.72265625 14.72265625 14.72265625 14.72265625 14.72265625 14.72265625 14.72265625 14.72265625 14.72265625
15.6240234375 15.6240234375 15.6240234375 15.6240234375 15.6240234375 15.6240234375 15.6240234375 15.6240234375 15.6240234375 15.6240234375
15.130859375 15.130859375 15.130859375 15.130859375 15.130859375 15.130859375 15.130859375 15.130859375 15.130859375 15.130859375
14.2216796875 14.2216796875 14.2216796875 14.2216796875 14.2216796875 14.2216796875 14.2216796875 14.2216796875 14.2216796875 14.2216796875
15.3330078125 15.3330078125 15.3330078125 15.3330078125 15.3330078125 15.3330078125 15.3330078125 15.3330078125 15.3330078125 15.3330078125
16.4345703125 16.4345703125 16.4345703125 16.4345703125 16.4345703125 16.4345703125 16.4345703125 16.4345703125 16.4345703125 16.4345703125
15.4599609375 15.4599609375 15.4599609375 15.4599609375 15.4599609375 15.4599609375 15.4599609375 15.4599609375 15.4599609375 15.4599609375
13.791015625 13.791015625 13.791015625 13.791015625 13.791015625 13.791015625 13.791015625 13.791015625 13.791015625 13.791015625
14.853515625 14.853515625 14.853515625 14.853515625 14.853515625 14.853515625 14.853515625 14.853515625 14.853515625 14.853515625
15.916015625 15.916015625 15.916015625 15.916015625 15.916015625 15.916015625 15.916015625 15.916015625 15.916015625 15.916015625
14.80078125 14.80078125 14.80078125 14.80078125 14.80078125 14.80078125 14.80078125 14.80078125 14.80078125 14.80078125
13.5322265625 13.5322265625 13.5322265625 13.5322265625 13.5322265625 13.5322265625 13.5322265625 13.5322265625 13.5322265625 13.5322265625
14.6533203125 14.6533203125 14.6533203125 14.6533203125 14.6533203125 14.6533203125 14.6533203125 14.6533203125 14.6533203125 14.6533203125
15.7548828125 15.7548828125 15.7548828125 15.7548828125 15.7548828125 15.7548828125 15.7548828125 15.7548828125 15.7548828125 15.7548828125
15.5322265625 15.5322265625 15.5322265625 15.5322265625 15.5322265625 15.5322265625 15.5322265625 15.5322265625 15.5322265625 15.5322265625
13.900390625 13.900390625 13.900390625 13.900390625 13.900390625 13.900390625 13.900390625 13.900390625 13.900390625 13.900390625
14.962890625 14.962890625 14.962890625 14.962890625 14.962890625 14.962890625 14.962890625 14.962890625 14.962890625 14.962890625
16.025390625 16.025390625 16.025390625 16.025390625 16.025390625 16.025390625 16.025390625 16.025390625 16.025390625 16.025390625
14.7958984375 14.7958984375 14.7958984375 14.7958984375 14.7958984375 14.7958984375 14.7958984375 14.7958984375 14.7958984375 14.7958984375
13.751953125 13.751953125 13.751953125 13.751953125 13.751953125 13.751953125 13.751953125 13.751953125 13.751953125 13.751953125
14.814453125 14.814453125 14.814453125 14.814453125 14.814453125 14.814453125 14.814453125 14.814453125 14.814453125 14.814453125
15.876953125 15.876953125 15.876953125 15.876953125 15.876953125 15.876953125 15.876953125 15.876953125 15.876953125 15.876953125
15.3525390625 15.3525390625 15.3525390625 15.3525390625 15.3525390625 15.3525390625 15.3525390625 15.3525390625 15.3525390625 15.3525390625
13.751953125 13.751953125 13.751953125 13.751953125 13.751953125 13.751953125 13.751953125 13.751953125 13.751953125 13.751953125
14.671875 14.671875 14.671875 14.671875 14.671875 14.671875 14.671875 14.671875 14.671875 14.671875
15.5341796875 15.5341796875 15.5341796875 15.5341796875 15.5341796875 15.5341796875 15.5341796875 15.5341796875 15.5341796875 15.5341796875
14.9228515625 14.9228515625 14.9228515625 14.9228515625 14.9228515625 14.9228515625 14.9228515625 14.9228515625 14.9228515625 14.9228515625
13.890625 13.890625 13.890625 13.890625 13.890625 13.890625 13.890625 13.890625 13.890625 13.890625
14.7529296875 14.7529296875 14.7529296875 14.7529296875 14.7529296875 14.7529296875 14.7529296875 14.7529296875 14.7529296875 14.7529296875
15.8544921875 15.8544921875 15.8544921875 15.8544921875 15.8544921875 15.8544921875 15.8544921875 15.8544921875 15.8544921875 15.8544921875
15.25390625 15.25390625 15.25390625 15.25390625 15.25390625 15.25390625 15.25390625 15.25390625 15.25390625 15.25390625
13.8212890625 13.8212890625 13.8212890625 13.8212890625 13.8212890625 13.8212890625 13.8212890625 13.8212890625 13.8212890625 13.8212890625
14.9423828125 14.9423828125 14.9423828125 14.9423828125 14.9423828125 14.9423828125 14.9423828125 14.9423828125 14.9423828125 14.9423828125
16.0439453125 16.0439453125 16.0439453125 16.0439453125 16.0439453125 16.0439453125 16.0439453125 16.0439453125 16.0439453125 16.0439453125
15.1005859375 15.1005859375 15.1005859375 15.1005859375 15.1005859375 15.1005859375 15.1005859375 15.1005859375 15.1005859375 15.1005859375
14.255859375 14.255859375 14.255859375 14.255859375 14.255859375 14.255859375 14.255859375 14.255859375 14.255859375 14.255859375
15.318359375 15.318359375 15.318359375 15.318359375 15.318359375 15.318359375 15.318359375 15.318359375 15.318359375 15.318359375
16.380859375 16.380859375 16.380859375 16.380859375 16.380859375 16.380859375 16.380859375 16.380859375 16.380859375 16.380859375
15.4423828125 15.4423828125 15.4423828125 15.4423828125 15.4423828125 15.4423828125 15.4423828125 15.4423828125 15.4423828125 15.4423828125
13.96875 13.96875 13.96875 13.96875 13.96875 13.96875 13.96875 13.96875 13.96875 13.96875
14.65234375 14.65234375 14.65234375 14.65234375 14.65234375 14.65234375 14.65234375 14.65234375 14.65234375 14.65234375
15.62109375 15.62109375 15.62109375 15.62109375 15.62109375 15.62109375 15.62109375 15.62109375 15.62109375 15.62109375
16.5224609375 16.5224609375 16.5224609375 16.5224609375 16.5224609375 16.5224609375 16.5224609375 16.5224609375 16.5224609375 16.5224609375
15.908203125 15.908203125 15.908203125 15.908203125 15.908203125 15.908203125 15.908203125 15.908203125 15.908203125 15.908203125
14.01171875 14.01171875 14.01171875 14.01171875 14.01171875 14.01171875 14.01171875 14.01171875 14.01171875 14.01171875
14.9130859375 14.9130859375 14.9130859375 14.9130859375 14.9130859375 14.9130859375 14.9130859375 14.9130859375 14.9130859375 14.9130859375
16.0244140625 16.0244140625 16.0244140625 16.0244140625 16.0244140625 16.0244140625 16.0244140625 16.0244140625 16.0244140625 16.0244140625
17.1259765625 17.1259765625 17.1259765625 17.1259765625 17.1259765625 17.1259765625 17.1259765625 17.1259765625 17.1259765625 17.1259765625
12.6630859375 12.6630859375 12.6630859375 12.6630859375 12.6630859375 12.6630859375 12.6630859375 12.6630859375 12.6630859375 12.6630859375
13.8515625 13.8515625 13.8515625 13.8515625 13.8515625 13.8515625 13.8515625 13.8515625 13.8515625 13.8515625
14.72265625 14.72265625 14.72265625 14.72265625 14.72265625 14.72265625 14.72265625 14.72265625 14.72265625 14.72265625
15.6240234375 15.6240234375 15.6240234375 15.6240234375 15.6240234375 15.6240234375 15.6240234375 15.6240234375 15.6240234375 15.6240234375
15.130859375 15.130859375 15.130859375 15.130859375 15.130859375 15.130859375 15.130859375 15.130859375 15.130859375 15.130859375
14.2216796875 14.2216796875 14.2216796875 14.2216796875 14.2216796875 14.2216796875 14.2216796875 14.2216796875 14.2216796875 14.2216796875
15.3330078125 15.3330078125 15.3330078125 15.3330078125 15.3330078125 15.3330078125 15.3330078125 15.3330078125 15.3330078125 15.3330078125
16.4345703125 16.4345703125 16.4345703125 16.4345703125 16.4345703125 16.4345703125 16.4345703125 16.4345703125 16.4345703125 16.4345703125
15.4599609375 15.4599609375 15.4599609375 15.4599609375 15.4599609375 15.4599609375 15.4599609375 15.4599609375 15.4599609375 15.4599609375
13.791015625 13.791015625 13.791015625 13.791015625 13.791015625 13.791015625 13.791015625 13.791015625 13.791015625 13.791015625
14.853515625 14.853515625 14.853515625 14.853515625 14.853515625 14.853515625 14.853515625 14.853515625 14.853515625 14.853515625
15.916015625 15.916015625 15.916015625 15.916015625 15.916015625 15.916015625 15.916015625 15.916015625 15.916015625 15.916015625
14.80078125 14.80078125 14.80078125 14.80078125 14.80078125 14.80078125 14.80078125 14.80078125 14.80078125 14.80078125
13.5322265625 13.5322265625 13.5322265625 13.5322265625 13.5322265625 13.5322265625 13.5322265625 13.5322265625 13.5322265625 13.5322265625
14.6533203125 14.6533203125 14.6533203125 14.6533203125 14.6533203125 14.6533203125 14.6533203125 14.6533203125 14.6533203125 14.6533203125
15.7548828125 15.7548828125 15.7548828125 15.7548828125 15.7548828125 15.7548828125 15.7548828125 15.7548828125 15.7548828125 15.7548828125
15.5322265625 15.5322265625 15.5322265625 15.5322265625 15.5322265625 15.5322265625 15.5322265625 15.5322265625 15.5322265625 15.5322265625
13.900390625 13.900390625 13.900390625 13.900390625 13.900390625 13.900390625 13.900390625 13.900390625 13.900390625 13.900390625
14.962890625 14.962890625 14.962890625 14.962890625 14.962890625 14.962890625 14.962890625 14.962890625 14.962890625 14.962890625
16.025390625 16.025390625 16.025390625 16.025390625 16.025390625 16.025390625 16.025390625 16.025390625 16.025390625 16.025390625
14.7958984375 14.7958984375 14.7958984375 14.7958984375 14.7958984375 14.7958984375 14.7958984375 14.7958984375 14.7958984375 14.7958984375
13.751953125 13.751953125 13.751953125 13.751953125 13.751953125 13.751953125 13.751953125 13.751953125 13.751953125 13.751953125
14.814453125 14.814453125 14.814453125 14.814453125 14.814453125 14.814453125 14.814453125 14.814453125 14.814453125 14.814453125
15.876953125 15.876953125 15.876953125 15.876953125 15.876953125 15.876953125 15.876953125 15.876953125 15.876953125 15.876953125
15.3525390625 15.3525390625 15.3525390625 15.3525390625 15.3525390625 15.3525390625 15.3525390625 15.3525390625 15.3525390625 15.3525390625
13.751953125 13.751953125 13.751953125 13.751953125 13.751953125 13.751953125 13.751953125 13.751953125 13.751953125 13.751953125
14.671875 14.671875 14.671875 14.671875 14.671875 14.671875 14.671875 14.671875 14.671875 14.671875
15.5341796875 15.5341796875 15.5341796875 15.5341796875 15.5341796875 15.5341796875 15.5341796875 15.5341796875 15.5341796875 15.5341796875
14.9228515625 14.9228515625 14.9228515625 14.9228515625 14.9228515625 14.9228515625 14.9228515625 14.9228515625 14.9228515625 14.9228515625
13.890625 13.890625 13.890625 13.890625 13.890625 13.890625 13.890625 13.890625 13.890625 13.890625
14.7529296875 14.7529296875 14.7529296875 14.7529296875 14.7529296875 14.7529296875 14.7529296875 14.7529296875 14.7529296875 14.7529296875
15.8544921875 15.8544921875 15.8544921875 15.8544921875 15.8544921875 15.8544921875 15.8544921875 15.8544921875 15.8544921875 15.8544921875
15.25390625 15.25390625 15.25390625 15.25390625 15.25390625 15.25390625 15.25390625 15.25390625 15.25390625 15.25390625
13.8212890625 13.8212890625 13.8212890625 13.8212890625 13.8212890625 13.8212890625 13.8212890625 13.8212890625 13.8212890625 13.8212890625
14.9423828125 14.9423828125 14.9423828125 14.9423828125 14.9423828125 14.9423828125 14.9423828125 14.9423828125 14.9423828125 14.9423828125
16.0439453125 16.0439453125 16.0439453125 16.0439453125 16.0439453125 16.0439453125 16.0439453125 16.0439453125 16.0439453125 16.0439453125
15.1005859375 15.1005859375 15.1005859375 15.1005859375 15.1005859375 15.1005859375 15.1005859375 15.1005859375 15.1005859375 15.1005859375
14.255859375 14.255859375 14.255859375 14.255859375 14.255859375 14.255859375 14.255859375 14.255859375 14.255859375 14.255859375
15.318359375 15.318359375 15.318359375 15.318359375 15.318359375 15.318359375 15.318359375 15.318359375 15.318359375 15.318359375
16.380859375 16.380859375 16.380859375 16.380859375 16.380859375 16.380859375 16.380859375 16.380859375 16.380859375 16.380859375
15.4423828125 15.4423828125 15.4423828125 15.4423828125 15.4423828125 15.4423828125 15.4423828125 15.4423828125 15.4423828125 15.4423828125
13.96875 13.96875 13.96875 13.96875 13.96875 13.96875 13.96875 13.96875 13.96875 13.96875
14.65234375 14.65234375 14.65234375 14.65234375 14.65234375 14.65234375 14.65234375 14.65234375 14.65234375 14.65234375
15.62109375 15.62109375 15.62109375 15.62109375 15.62109375 15.62109375 15.62109375 15.62109375 15.62109375 15.62109375
16.5224609375 16.5224609375 16.5224609375 16.5224609375 16.5224609375 16.5224609375 16.5224609375 16.5224609375 16.5224609375 16.5224609375
15.908203125 15.908203125 15.908203125 15.908203125 15.908203125 15.908203125 15.908203125 15.908203125 15.908203125 15.908203125
14.01171875 14.01171875 14.01171875 14.01171875 14.01171875 14.01171875 14.01171875 14.01171875 14.01171875 14.01171875
14.9130859375 14.9130859375 14.9130859375 14.9130859375 14.9130859375 14.9130859375 14.9130859375 14.9130859375 14.9130859375 14.9130859375
16.0244140625 16.0244140625 16.0244140625 16.0244140625 16.0244140625 16.0244140625 16.0244140625 16.0244140625 16.0244140625 16.0244140625
17.1259765625 17.1259765625 17.1259765625 17.1259765625 17.1259765625 17.1259765625 17.1259765625 17.1259765625 17.1259765625 17.1259765625
12.6630859375 12.6630859375 12.6630859375 12.6630859375 12.6630859375 12.6630859375 12.6630859375 12.6630859375 12.6630859375 12.6630859375
13.8515625 13.8515625 13.8515625 13.8515625 13.8515625 13.8515625 13.8515625 13.8515625 13.8515625 13.8515625
14.72265625 14.72265625 14.72265625 14.72265625 14.72265625 14.72265625 14.72265625 14.72265625 14.72265625 14.72265625
15.6240234375 15.6240234375 15.6240234375 15.6240234375 15.6240234375 15.6240234375 15.6240234375 15.6240234375 15.6240234375 15.6240234375
15.130859375 15.130859375 15.130859375 15.130859375 15.130859375 15.130859375 15.130859375 15.130859375 15.130859375 15.130859375
14.2216796875 14.2216796875 14.2216796875 14.2216796875 14.2216796875 14.2216796875 14.2216796875 14.2216796875 14.2216796875 14.2216796875
15.3330078125 15.3330078125 15.3330078125 15.3330078125 15.3330078125 15.3330078125 15.3330078125 15.3330078125 15.3330078125 15.3330078125
16.4345703125 16.4345703125 16.4345703125 16.4345703125 16.4345703125 16.4345703125 16.4345703125 16.4345703125 16.4345703125 16.4345703125
15.4599609375 15.4599609375 15.4599609375 15.4599609375 15.4599609375 15.4599609375 15.4599609375 15.4599609375 15.4599609375 15.4599609375
13.791015625 13.791015625 13.791015625 13.791015625 13.791015625 13.791015625 13.791015625 13.791015625 13.791015625 13.791015625
14.853515625 14.853515625 14.853515625 14.853515625 14.853515625 14.853515625 14.853515625 14.853515625 14.853515625 14.853515625
15.916015625 15.916015625 15.916015625 15.916015625 15.916015625 15.916015625 15.916015625 15.916015625 15.916015625 15.916015625
14.80078125 14.80078125 14.80078125 14.80078125 14.80078125 14.80078125 14.80078125 14.80078125 14.80078125 14.80078125
13.5322265625 13.5322265625 13.5322265625 13.5322265625 13.5322265625 13.5322265625 13.5322265625 13.5322265625 13.5322265625 13.5322265625
14.6533203125 14.6533203125 14.6533203125 14.6533203125 14.6533203125 14.6533203125 14.6533203125 14.6533203125 14.6533203125 14.6533203125
15.7548828125 15.7548828125 15.7548828125 15.7548828125 15.7548828125 15.7548828125 15.7548828125 15.7548828125 15.7548828125 15.7548828125
15.5322265625 15.5322265625 15.5322265625 15.5322265625 15.5322265625 15.5322265625 15.5322265625 15.5322265625 15.5322265625 15.5322265625
13.900390625 13.900390625 13.900390625 13.900390625 13.900390625 13.900390625 13.900390625 13.900390625 13.900390625 13.900390625
14.962890625 14.962890625 14.962890625 14.962890625 14.962890625 14.962890625 14.962890625 14.962890625 14.962890625 14.962890625
16.025390625 16.025390625 16.025390625 16.025390625 16.025390625 16.025390625 16.025390625 16.025390625 16.025390625 16.025390625
14.7958984375 14.7958984375 14.7958984375 14.7958984375 14.7958984375 14.7958984375 14.7958984375 14.7958984375 14.7958984375 14.7958984375
13.751953125 13.751953125 13.751953125 13.751953125 13.751953125 13.751953125 13.751953125 13.751953125 13.751953125 13.751953125
14.814453125 14.814453125 14.814453125 14.814453125 14.814453125 14.814453125 14.814453125 14.814453125 14.814453125 14.814453125
15.876953125 15.876953125 15.876953125 15.876953125 15.876953125 15.876953125 15.876953125 15.876953125 15.876953125 15.876953125
15.3525390625 15.3525390625 15.3525390625 15.3525390625 15.3525390625 15.3525390625 15.3525390625 15.3525390625 15.3525390625 15.3525390625
13.751953125 13.751953125 13.751953125 13.751953125 13.751953125 13.751953125 13.751953125 13.751953125 13.751953125 13.751953125
14.671875 14.671875 14.671875 14.671875 14.671875 14.671875 14.671875 14.671875 14.671875 14.671875
15.5341796875 15.5341796875 15.5341796875 15.5341796875 15.5341796875 15.5341796875 15.5341796875 15.5341796875 15.5341796875 15.5341796875
14.9228515625 14.9228515625 14.9228515625 14.9228515625 14.9228515625 14.9228515625 14.9228515625 14.9228515625 14.9228515625 14.9228515625
13.890625 13.890625 13.890625 13.890625 13.890625 13.890625 13.890625 13.890625 13.890625 13.890625
14.7529296875 14.7529296875 14.7529296875 14.7529296875 14.7529296875 14.7529296875 14.7529296875 14.7529296875 14.7529296875 14.7529296875
15.8544921875 15.8544921875 15.8544921875 15.8544921875 15.8544921875 15.8544921875 15.8544921875 15.8544921875 15.8544921875 15.8544921875
15.25390625 15.25390625 15.25390625 15.25390625 15.25390625 15.25390625 15.25390625 15.25390625 15.25390625 15.25390625
13.8212890625 13.8212890625 13.8212890625 13.8212890625 13.8212890625 13.8212890625 13.8212890625 13.8212890625 13.8212890625 13.8212890625
14.9423828125 14.9423828125 14.9423828125 14.9423828125 14.9423828125 14.9423828125 14.9423828125 14.9423828125 14.9423828125 14.9423828125
16.0439453125 16.0439453125 16.0439453125 16.0439453125 16.0439453125 16.0439453125 16.0439453125 16.0439453125 16.0439453125 16.0439453125
15.1005859375 15.1005859375 15.1005859375 15.1005859375 15.1005859375 15.1005859375 15.1005859375 15.1005859375 15.1005859375 15.1005859375
14.255859375 14.255859375 14.255859375 14.255859375 14.255859375 14.255859375 14.255859375 14.255859375 14.255859375 14.255859375
15.318359375 15.318359375 15.318359375 15.318359375 15.318359375 15.318359375 15.318359375 15.318359375 15.318359375 15.318359375
16.380859375 16.380859375 16.380859375 16.380859375 16.380859375 16.380859375 16.380859375 16.380859375 16.380859375 16.380859375
15.4423828125 15.4423828125 15.4423828125 15.4423828125 15.4423828125 15.4423828125 15.4423828125 15.4423828125 15.4423828125 15.4423828125
13.96875 13.96875 13.96875 13.96875 13.96875 13.96875 13.96875 13.96875 13.96875 13.96875
14.65234375 14.65234375 14.65234375 14.65234375 14.65234375 14.65234375 14.65234375 14.65234375 14.65234375 14.65234375
15.62109375 15.62109375 15.62109375 15.62109375 15.62109375 15.62109375 15.62109375 15.62109375 15.62109375 15.62109375
16.5224609375 16.5224609375 16.5224609375 16.5224609375 16.5224609375 16.5224609375 16.5224609375 16.5224609375 16.5224609375 16.5224609375
15.908203125 15.908203125 15.908203125 15.908203125 15.908203125 15.908203125 15.908203125 15.908203125 15.908203125 15.908203125
14.01171875 14.01171875 14.01171875 14.01171875 14.01171875 14.01171875 14.01171875 14.01171875 14.01171875 14.01171875
14.9130859375 14.9130859375 14.9130859375 14.9130859375 14.9130859375 14.9130859375 14.9130859375 14.9130859375 14.9130859375 14.9130859375
16.0244140625 16.0244140625 16.0244140625 16.0244140625 16.0244140625 16.0244140625 16.0244140625 16.0244140625 16.0244140625 16.0244140625
17.1259765625 17.1259765625 17.1259765625 17.1259765625 17.1259765625 17.1259765625 17.1259765625 17.1259765625 17.1259765625 17.1259765625
12.6630859375 12.6630859375 12.6630859375 12.6630859375 12.6630859375 12.6630859375 12.6630859375 12.6630859375 12.6630859375 12.6630859375
13.8515625 13.8515625 13.8515625 13.8515625 13.8515625 13.8515625 13.8515625 13.8515625 13.8515625 13.8515625
14.72265625 14.72265625 14.72265625 14.72265625 14.72265625 14.72265625 14.72265625 14.72265625 14.72265625 14.72265625
15.6240234375 15.6240234375 15.6240234375 15.6240234375 15.6240234375 15.6240234375 15.6240234375 15.6240234375 15.6240234375 15.6240234375
15.130859375 15.130859375 15.130859375 15.130859375 15.130859375 15.130859375 15.130859375 15.130859375 15.130859375 15.130859375
14.2216796875 14.2216796875 14.2216796875 14.2216796875 14.2216796875 14.2216796875 14.2216796875 14.2216796875 14.2216796875 14.2216796875
15.3330078125 15.3330078125 15.3330078125 15.3330078125 15.3330078125 15.3330078125 15.3330078125 15.3330078125 15.3330078125 15.3330078125
16.4345703125 16.4345703125 16.4345703125 16.4345703125 16.4345703125 16.4345703125 16.4345703125 16.4345703125 16.4345703125 16.4345703125
15.4599609375 15.4599609375 15.4599609375 15.4599609375 15.4599609375 15.4599609375 15.4599609375 15.4599609375 15.4599609375 15.4599609375
13.791015625 13.791015625 13.791015625 13.791015625 13.791015625 13.791015625 13.791015625 13.791015625 13.791015625 13.791015625
14.853515625 14.853515625 14.853515625 14.853515625 14.853515625 14.853515625 14.853515625 14.853515625 14.853515625 14.853515625
15.916015625 15.916015625 15.916015625 15.916015625 15.916015625 15.916015625 15.916015625 15.916015625 15.916015625 15.916015625
14.80078125 14.80078125 14.80078125 14.80078125 14.80078125 14.80078125 14.80078125 14.80078125 14.80078125 14.80078125
13.5322265625 13.5322265625 13.5322265625 13.5322265625 13.5322265625 13.5322265625 13.5322265625 13.5322265625 13.5322265625 13.5322265625
14.6533203125 14.6533203125 14.6533203125 14.6533203125 14.6533203125 14.6533203125 14.6533203125 14.6533203125 14.6533203125 14.6533203125
15.7548828125 15.7548828125 15.7548828125 15.7548828125 15.7548828125 15.7548828125 15.7548828125 15.7548828125 15.7548828125 15.7548828125
