37.748046875 37.873046875 37.873046875 37.896484375 37.896484375 37.896484375 37.927734375 37.927734375 37.927734375
39.7138671875 39.7138671875 39.7138671875 39.7138671875 39.7138671875 39.7138671875 39.7138671875 39.7138671875
40.71875 40.71875 40.71875 40.71875 40.71875 40.71875 40.71875 40.71875
41.4921875 41.4921875 41.4921875 41.4921875 41.4921875 41.4921875 41.4921875 41.4921875
41.9794921875 42.298828125 42.298828125 42.298828125 42.298828125 42.298828125 42.298828125 42.298828125 42.298828125
43.0224609375 43.4912109375 43.4912109375 43.4912109375 43.4912109375 43.4912109375 43.4912109375 43.4912109375
44.0341796875 44.525390625 44.525390625 44.525390625 44.525390625 44.525390625 44.525390625 44.525390625 44.525390625
45.0732421875 45.576171875 45.576171875 45.576171875 45.576171875 45.576171875 45.576171875 45.576171875 45.576171875
46.626953125 46.626953125 46.626953125 46.626953125 46.626953125 46.626953125 46.626953125 46.626953125 46.626953125
47.6455078125 47.6455078125 47.6455078125 47.6455078125 47.6455078125 47.6455078125 47.6455078125 47.6455078125 47.6455078125
48.69921875 48.69921875 48.69921875 48.69921875 48.69921875 48.69921875 48.69921875 48.69921875
47.517578125 47.517578125 47.517578125 47.517578125 47.517578125 47.517578125 47.517578125 47.517578125 47.517578125
46.525390625 46.525390625 46.525390625 46.525390625 46.525390625 46.525390625 46.525390625 46.525390625 46.525390625
41.9677734375 41.9677734375 41.9677734375 41.9677734375 41.9677734375 41.9677734375 41.9677734375 41.9677734375
42.068359375 42.068359375 42.068359375 42.068359375 42.068359375 42.068359375 42.068359375 42.068359375 42.068359375
43.091796875 43.091796875 43.091796875 43.091796875 43.091796875 43.091796875 43.091796875 43.091796875 43.091796875
44.1103515625 44.1103515625 44.1103515625 44.1103515625 44.1103515625 44.1103515625 44.1103515625 44.1103515625
45.115234375 45.115234375 45.115234375 45.115234375 45.115234375 45.115234375 45.115234375 45.115234375 45.115234375
46.1337890625 46.1337890625 46.1337890625 46.1337890625 46.1337890625 46.1337890625 46.1337890625 46.1337890625 46.1337890625
47.1884765625 47.1884765625 47.1884765625 47.1884765625 47.1884765625 47.1884765625 47.1884765625 47.1884765625
48.193359375 48.193359375 48.193359375 48.193359375 48.193359375 48.193359375 48.193359375 48.193359375 48.193359375
49.2119140625 49.2119140625 49.2119140625 49.2119140625 49.2119140625 49.2119140625 49.2119140625 49.2119140625 49.2119140625
50.2578125 50.2578125 50.2578125 50.2578125 50.2578125 50.2578125 50.2578125 50.2578125
51.064453125 51.064453125 51.064453125 51.064453125 51.064453125 51.064453125 51.064453125 51.064453125 51.064453125
52.0830078125 52.0830078125 52.0830078125 52.0830078125 52.0830078125 52.0830078125 52.0830078125 52.0830078125 52.0830078125
53.12890625 53.12890625 53.12890625 53.12890625 53.12890625 53.12890625 53.12890625 53.12890625
54.0859375 54.0859375 54.0859375 54.0859375 54.0859375 54.0859375 54.0859375 54.0859375 54.0859375
54.1162109375 54.1162109375 54.1162109375 54.1162109375 54.1162109375 54.1162109375 54.1162109375 54.1162109375 54.1162109375
52.1171875 52.1171875 52.1171875 52.1171875 52.1171875 52.1171875 52.1171875 52.1171875
50.23046875 50.23046875 50.23046875 50.23046875 50.23046875 50.23046875 50.23046875 50.23046875 50.23046875
42.185546875 42.185546875 42.185546875 42.185546875 42.185546875 42.185546875 42.185546875 42.185546875 42.185546875
43.1953125 43.1953125 43.1953125 43.1953125 43.1953125 43.1953125 43.1953125 43.1953125
44.001953125 44.001953125 44.001953125 44.001953125 44.001953125 44.001953125 44.001953125 44.001953125 44.001953125
45.0205078125 45.0205078125 45.0205078125 45.0205078125 45.0205078125 45.0205078125 45.0205078125 45.0205078125 45.0205078125
46.0751953125 46.0751953125 46.0751953125 46.0751953125 46.0751953125 46.0751953125 46.0751953125 46.0751953125
47.080078125 47.080078125 47.080078125 47.080078125 47.080078125 47.080078125 47.080078125 47.080078125 47.080078125
48.0986328125 48.0986328125 48.0986328125 48.0986328125 48.0986328125 48.0986328125 48.0986328125 48.0986328125 48.0986328125
49.14453125 49.14453125 49.14453125 49.14453125 49.14453125 49.14453125 49.14453125 49.14453125
50.1015625 50.1015625 50.1015625 50.1015625 50.1015625 50.1015625 50.1015625 50.1015625 50.1015625
51.06640625 51.06640625 51.06640625 51.06640625 51.06640625 51.06640625 51.06640625 51.06640625 51.06640625
52.0576171875 52.0576171875 52.0576171875 52.0576171875 52.0576171875 52.0576171875 52.0576171875 52.0576171875
53.0625 53.0625 53.0625 53.0625 53.0625 53.0625 53.0625 53.0625 53.0625
53.8349609375 53.8349609375 53.8349609375 53.8349609375 53.8349609375 53.8349609375 53.8349609375 53.8349609375 53.8349609375
54.880859375 54.880859375 54.880859375 54.880859375 54.880859375 54.880859375 54.880859375 54.880859375
55.43359375 55.43359375 55.43359375 55.43359375 55.43359375 55.43359375 55.43359375 55.43359375 55.43359375
52.984375 52.984375 52.984375 52.984375 52.984375 52.984375 52.984375 52.984375 52.984375
50.611328125 50.611328125 50.611328125 50.611328125 50.611328125 50.611328125 50.611328125 50.611328125
42.1298828125 42.1298828125 42.1298828125 42.1298828125 42.1298828125 42.1298828125 42.1298828125 42.1298828125 42.1298828125
43.17578125 43.17578125 43.17578125 43.17578125 43.17578125 43.17578125 43.17578125 43.17578125 43.17578125
44.1669921875 44.1669921875 44.1669921875 44.1669921875 44.1669921875 44.1669921875 44.1669921875 44.1669921875
45.171875 45.171875 45.171875 45.171875 45.171875 45.171875 45.171875 45.171875 45.171875
45.9814453125 45.9814453125 45.9814453125 45.9814453125 45.9814453125 45.9814453125 45.9814453125 45.9814453125 45.9814453125
47.02734375 47.02734375 47.02734375 47.02734375 47.02734375 47.02734375 47.02734375 47.02734375
47.984375 47.984375 47.984375 47.984375 47.984375 47.984375 47.984375 47.984375 47.984375
48.7939453125 48.7939453125 48.7939453125 48.7939453125 48.7939453125 48.7939453125 48.7939453125 48.7939453125 48.7939453125
49.83984375 49.83984375 49.83984375 49.83984375 49.83984375 49.83984375 49.83984375 49.83984375
50.796875 50.796875 50.796875 50.796875 50.796875 50.796875 50.796875 50.796875 50.796875
51.6064453125 51.6064453125 51.6064453125 51.6064453125 51.6064453125 51.6064453125 51.6064453125 51.6064453125 51.6064453125
52.32421875 52.32421875 52.32421875 52.32421875 52.32421875 52.32421875 52.32421875 52.32421875
53.28125 53.28125 53.28125 53.28125 53.28125 53.28125 53.28125 53.28125 53.28125
54.072265625 54.072265625 54.072265625 54.072265625 54.072265625 54.072265625 54.072265625 54.072265625 54.072265625
55.0908203125 55.0908203125 55.0908203125 55.0908203125 55.0908203125 55.0908203125 55.0908203125 55.0908203125
52.9677734375 52.9677734375 52.9677734375 52.9677734375 52.9677734375 52.9677734375 52.9677734375 52.9677734375 52.9677734375
50.966796875 50.966796875 50.966796875 50.966796875 50.966796875 50.966796875 50.966796875 50.966796875 50.966796875
40.8125 40.8125 40.8125 40.8125 40.8125 40.8125 40.8125 40.8125
41.5693359375 41.5693359375 41.5693359375 41.5693359375 41.5693359375 41.5693359375 41.5693359375 41.5693359375 41.5693359375
42.615234375 42.615234375 42.615234375 42.615234375 42.615234375 42.615234375 42.615234375 42.615234375 42.615234375
43.6337890625 43.6337890625 43.6337890625 43.6337890625 43.6337890625 43.6337890625 43.6337890625 43.6337890625
44.638671875 44.638671875 44.638671875 44.638671875 44.638671875 44.638671875 44.638671875 44.638671875 44.638671875
45.6572265625 45.6572265625 45.6572265625 45.6572265625 45.6572265625 45.6572265625 45.6572265625 45.6572265625 45.6572265625
46.703125 46.703125 46.703125 46.703125 46.703125 46.703125 46.703125 46.703125
47.4931640625 47.4931640625 47.4931640625 47.4931640625 47.4931640625 47.4931640625 47.4931640625 47.4931640625 47.4931640625
48.5390625 48.5390625 48.5390625 48.5390625 48.5390625 48.5390625 48.5390625 48.5390625 48.5390625
49.5244140625 49.5244140625 49.5244140625 49.5244140625 49.5244140625 49.5244140625 49.5244140625 49.5244140625
50.529296875 50.529296875 50.529296875 50.529296875 50.529296875 50.529296875 50.529296875 50.529296875 50.529296875
51.5478515625 51.5478515625 51.5478515625 51.5478515625 51.5478515625 51.5478515625 51.5478515625 51.5478515625 51.5478515625
52.59375 52.59375 52.59375 52.59375 52.59375 52.59375 52.59375 52.59375
53.3671875 53.3671875 53.3671875 53.3671875 53.3671875 53.3671875 53.3671875 53.3671875 53.3671875
54.33203125 54.33203125 54.33203125 54.33203125 54.33203125 54.33203125 54.33203125 54.33203125 54.33203125
55.3232421875 55.3232421875 55.3232421875 55.3232421875 55.3232421875 55.3232421875 55.3232421875 55.3232421875
53.4697265625 53.4697265625 53.4697265625 53.4697265625 53.4697265625 53.4697265625 53.4697265625 53.4697265625 53.4697265625
51.595703125 51.595703125 51.595703125 51.595703125 51.595703125 51.595703125 51.595703125 51.595703125 51.595703125
40.0703125 40.0703125 40.0703125 40.0703125 40.0703125 40.0703125 40.0703125 40.0703125
40.796875 40.796875 40.796875 40.796875 40.796875 40.796875 40.796875 40.796875 40.796875
41.6064453125 41.6064453125 41.6064453125 41.6064453125 41.6064453125 41.6064453125 41.6064453125 41.6064453125 41.6064453125
42.732421875 42.732421875 42.732421875 42.732421875 42.732421875 42.732421875 42.732421875 42.732421875
43.734375 43.734375 43.734375 43.734375 43.734375 43.734375 43.734375 43.734375 43.734375
44.5439453125 44.5439453125 44.5439453125 44.5439453125 44.5439453125 44.5439453125 44.5439453125 44.5439453125 44.5439453125
45.58984375 45.58984375 45.58984375 45.58984375 45.58984375 45.58984375 45.58984375 45.58984375
46.546875 46.546875 46.546875 46.546875 46.546875 46.546875 46.546875 46.546875 46.546875
47.3564453125 47.3564453125 47.3564453125 47.3564453125 47.3564453125 47.3564453125 47.3564453125 47.3564453125 47.3564453125
48.40234375 48.40234375 48.40234375 48.40234375 48.40234375 48.40234375 48.40234375 48.40234375
49.359375 49.359375 49.359375 49.359375 49.359375 49.359375 49.359375 49.359375 49.359375
50.1689453125 50.1689453125 50.1689453125 50.1689453125 50.1689453125 50.1689453125 50.1689453125 50.1689453125 50.1689453125
51.21484375 51.21484375 51.21484375 51.21484375 51.21484375 51.21484375 51.21484375 51.21484375 51.21484375 51.21484375
52.3037109375 52.3037109375 52.3037109375 52.3037109375 52.3037109375 52.3037109375 52.3037109375 52.3037109375 52.3037109375
52.9931640625 52.9931640625 52.9931640625 52.9931640625 52.9931640625 52.9931640625 52.9931640625 52.9931640625 52.9931640625
51.515625 51.515625 51.515625 51.515625 51.515625 51.515625 51.515625 51.515625
52.3056640625 52.3056640625 52.3056640625 52.3056640625 52.3056640625 52.3056640625 52.3056640625 52.3056640625 52.3056640625
51.3984375 51.3984375 51.3984375 51.3984375 51.3984375 51.3984375 51.3984375 51.3984375 51.3984375
42.3486328125 42.3486328125 42.3486328125 42.3486328125 42.3486328125 42.3486328125 42.3486328125 42.3486328125
43.33984375 43.33984375 43.33984375 43.33984375 43.33984375 43.33984375 43.33984375 43.33984375 43.33984375
44.3310546875 44.3310546875 44.3310546875 44.3310546875 44.3310546875 44.3310546875 44.3310546875 44.3310546875 44.3310546875
45.390625 45.390625 45.390625 45.390625 45.390625 45.390625 45.390625 45.390625
46.1806640625 46.1806640625 46.1806640625 46.1806640625 46.1806640625 46.1806640625 46.1806640625 46.1806640625 46.1806640625
47.2265625 47.2265625 47.2265625 47.2265625 47.2265625 47.2265625 47.2265625 47.2265625 47.2265625
48.19140625 48.19140625 48.19140625 48.19140625 48.19140625 48.19140625 48.19140625 48.19140625
49.1484375 49.1484375 49.1484375 49.1484375 49.1484375 49.1484375 49.1484375 49.1484375 49.1484375
50.11328125 50.11328125 50.11328125 50.11328125 50.11328125 50.11328125 50.11328125 50.11328125 50.11328125
51.1044921875 51.1044921875 51.1044921875 51.1044921875 51.1044921875 51.1044921875 51.1044921875 51.1044921875
52.109375 52.109375 52.109375 52.109375 52.109375 52.109375 52.109375 52.109375 52.109375
52.9189453125 52.9189453125 52.9189453125 52.9189453125 52.9189453125 52.9189453125 52.9189453125 52.9189453125 52.9189453125
53.96484375 53.96484375 53.96484375 53.96484375 53.96484375 53.96484375 53.96484375 53.96484375
54.921875 54.921875 54.921875 54.921875 54.921875 54.921875 54.921875 54.921875 54.921875
55.7314453125 55.7314453125 55.7314453125 55.7314453125 55.7314453125 55.7314453125 55.7314453125 55.7314453125 55.7314453125
50.693359375 50.693359375 50.693359375 50.693359375 50.693359375 50.693359375 50.693359375 50.693359375
40.41015625 40.41015625 40.41015625 40.41015625 40.41015625 40.41015625 40.41015625 40.41015625 40.41015625
41.3837890625 41.3837890625 41.3837890625 41.3837890625 41.3837890625 41.3837890625 41.3837890625 41.3837890625 41.3837890625
42.447265625 42.447265625 42.447265625 42.447265625 42.447265625 42.447265625 42.447265625 42.447265625
43.4287109375 43.4287109375 43.4287109375 43.4287109375 43.4287109375 43.4287109375 43.4287109375 43.4287109375 43.4287109375
44.474609375 44.474609375 44.474609375 44.474609375 44.474609375 44.474609375 44.474609375 44.474609375 44.474609375
45.4931640625 45.4931640625 45.4931640625 45.4931640625 45.4931640625 45.4931640625 45.4931640625 45.4931640625
46.498046875 46.498046875 46.498046875 46.498046875 46.498046875 46.498046875 46.498046875 46.498046875 46.498046875
47.5166015625 47.5166015625 47.5166015625 47.5166015625 47.5166015625 47.5166015625 47.5166015625 47.5166015625 47.5166015625
48.5625 48.5625 48.5625 48.5625 48.5625 48.5625 48.5625 48.5625
49.3193359375 49.3193359375 49.3193359375 49.3193359375 49.3193359375 49.3193359375 49.3193359375 49.3193359375 49.3193359375
50.365234375 50.365234375 50.365234375 50.365234375 50.365234375 50.365234375 50.365234375 50.365234375 50.365234375
51.3837890625 51.3837890625 51.3837890625 51.3837890625 51.3837890625 51.3837890625 51.3837890625 51.3837890625
52.388671875 52.388671875 52.388671875 52.388671875 52.388671875 52.388671875 52.388671875 52.388671875 52.388671875
53.4072265625 53.4072265625 53.4072265625 53.4072265625 53.4072265625 53.4072265625 53.4072265625 53.4072265625 53.4072265625
54.453125 54.453125 54.453125 54.453125 54.453125 54.453125 54.453125 54.453125
55.2431640625 55.2431640625 55.2431640625 55.2431640625 55.2431640625 55.2431640625 55.2431640625 55.2431640625 55.2431640625
52.994140625 52.994140625 52.994140625 52.994140625 52.994140625 52.994140625 52.994140625 52.994140625 52.994140625 52.994140625
51.15625 51.15625 51.15625 51.15625 51.15625 51.15625 51.15625 51.15625
40.16796875 40.16796875 40.16796875 40.16796875 40.16796875 40.16796875 40.16796875 40.16796875 40.16796875
41.1376953125 41.1376953125 41.1376953125 41.1376953125 41.1376953125 41.1376953125 41.1376953125 41.1376953125 41.1376953125
42.201171875 42.201171875 42.201171875 42.201171875 42.201171875 42.201171875 42.201171875 42.201171875
43.203125 43.203125 43.203125 43.203125 43.203125 43.203125 43.203125 43.203125 43.203125
44.0126953125 44.0126953125 44.0126953125 44.0126953125 44.0126953125 44.0126953125 44.0126953125 44.0126953125 44.0126953125
45.05859375 45.05859375 45.05859375 45.05859375 45.05859375 45.05859375 45.05859375 45.05859375
46.015625 46.015625 46.015625 46.015625 46.015625 46.015625 46.015625 46.015625 46.015625
46.8251953125 46.8251953125 46.8251953125 46.8251953125 46.8251953125 46.8251953125 46.8251953125 46.8251953125 46.8251953125
47.87109375 47.87109375 47.87109375 47.87109375 47.87109375 47.87109375 47.87109375 47.87109375
48.828125 48.828125 48.828125 48.828125 48.828125 48.828125 48.828125 48.828125 48.828125
49.6376953125 49.6376953125 49.6376953125 49.6376953125 49.6376953125 49.6376953125 49.6376953125 49.6376953125 49.6376953125
50.68359375 50.68359375 50.68359375 50.68359375 50.68359375 50.68359375 50.68359375 50.68359375
51.640625 51.640625 51.640625 51.640625 51.640625 51.640625 51.640625 51.640625 51.640625
52.4501953125 52.4501953125 52.4501953125 52.4501953125 52.4501953125 52.4501953125 52.4501953125 52.4501953125 52.4501953125
53.49609375 53.49609375 53.49609375 53.49609375 53.49609375 53.49609375 53.49609375 53.49609375
51.5390625 51.5390625 51.5390625 51.5390625 51.5390625 51.5390625 51.5390625 51.5390625 51.5390625
52.5244140625 52.5244140625 52.5244140625 52.5244140625 52.5244140625 52.5244140625 52.5244140625 52.5244140625 52.5244140625
50.44140625 50.44140625 50.44140625 50.44140625 50.44140625 50.44140625 50.44140625 50.44140625
40.767578125 40.767578125 40.767578125 40.767578125 40.767578125 40.767578125 40.767578125 40.767578125 40.767578125
41.77734375 41.77734375 41.77734375 41.77734375 41.77734375 41.77734375 41.77734375 41.77734375 41.77734375
42.7685546875 42.7685546875 42.7685546875 42.7685546875 42.7685546875 42.7685546875 42.7685546875 42.7685546875
43.7734375 43.7734375 43.7734375 43.7734375 43.7734375 43.7734375 43.7734375 43.7734375 43.7734375
44.73828125 44.73828125 44.73828125 44.73828125 44.73828125 44.73828125 44.73828125 44.73828125 44.73828125
45.7294921875 45.7294921875 45.7294921875 45.7294921875 45.7294921875 45.7294921875 45.7294921875 45.7294921875
46.734375 46.734375 46.734375 46.734375 46.734375 46.734375 46.734375 46.734375 46.734375
47.5439453125 47.5439453125 47.5439453125 47.5439453125 47.5439453125 47.5439453125 47.5439453125 47.5439453125 47.5439453125
48.5986328125 48.5986328125 48.5986328125 48.5986328125 48.5986328125 48.5986328125 48.5986328125 48.5986328125
49.603515625 49.603515625 49.603515625 49.603515625 49.603515625 49.603515625 49.603515625 49.603515625 49.603515625
50.6220703125 50.6220703125 50.6220703125 50.6220703125 50.6220703125 50.6220703125 50.6220703125 50.6220703125 50.6220703125
51.66796875 51.66796875 51.66796875 51.66796875 51.66796875 51.66796875 51.66796875 51.66796875
52.625 52.625 52.625 52.625 52.625 52.625 52.625 52.625 52.625
53.37890625 53.37890625 53.37890625 53.37890625 53.37890625 53.37890625 53.37890625 53.37890625 53.37890625
53.4462890625 53.9296875 53.9296875 53.9296875 53.9296875 53.9296875 53.9296875 53.9296875 53.9296875
51.6416015625 51.6416015625 51.6416015625 51.6416015625 51.6416015625 51.6416015625 51.6416015625 51.6416015625 51.6416015625
49.6455078125 50.1640625 50.1640625 50.1640625 50.1640625 50.1640625 50.1640625 50.1640625 50.1640625 50.1640625
42.607421875 42.607421875 42.607421875 42.607421875 42.607421875 42.607421875 42.607421875 42.607421875
43.5673828125 43.5673828125 43.5673828125 43.5673828125 43.5673828125 43.5673828125 43.5673828125 43.5673828125 43.5673828125 43.5673828125
44.8291015625 44.8291015625 44.8291015625 44.8291015625 44.8291015625 44.8291015625 44.8291015625 44.8291015625 44.8291015625 44.8291015625
46.0556640625 46.0556640625 46.0556640625 46.0556640625 46.0556640625 46.0556640625 46.0556640625 46.0556640625
47.060546875 47.060546875 47.060546875 47.060546875 47.060546875 47.060546875 47.060546875 47.060546875 47.060546875 47.060546875
48.248046875 48.248046875 48.248046875 48.248046875 48.248046875 48.248046875 48.248046875 48.248046875 48.248046875
49.2666015625 49.2666015625 49.2666015625 49.2666015625 49.2666015625 49.2666015625 49.2666015625 49.2666015625
50.271484375 50.271484375 50.271484375 50.271484375 50.271484375 50.271484375 50.271484375 50.271484375 50.271484375 50.271484375
51.458984375 51.458984375 51.458984375 51.458984375 51.458984375 51.458984375 51.458984375 51.458984375 51.458984375
51.9765625 52.4775390625 52.4775390625 52.4775390625 52.4775390625 52.4775390625 52.4775390625 52.4775390625 52.4775390625
53.541015625 53.541015625 53.541015625 53.541015625 53.541015625 53.541015625 53.541015625 53.541015625 53.541015625 53.541015625
54.728515625 54.728515625 54.728515625 54.728515625 54.728515625 54.728515625 54.728515625 54.728515625 54.728515625 54.728515625
55.2021484375 55.2021484375 55.2021484375 55.2021484375 55.2021484375 55.2021484375 55.2021484375 55.2021484375
54.6025390625 54.6025390625 54.6025390625 54.6025390625 54.6025390625 54.6025390625 54.6025390625 54.6025390625 54.6025390625 54.6025390625
51.3427734375 51.3427734375 51.3427734375 51.3427734375 51.3427734375 51.3427734375 51.3427734375 51.3427734375 51.3427734375 51.3427734375
42.6630859375 42.6630859375 42.6630859375 42.6630859375 42.6630859375 42.6630859375 42.6630859375 42.6630859375
43.66796875 43.66796875 43.66796875 43.66796875 43.66796875 43.66796875 43.66796875 43.66796875 43.66796875 43.66796875
44.6943359375 44.6943359375 44.6943359375 44.6943359375 44.6943359375 44.6943359375 44.6943359375 44.6943359375 44.6943359375 44.6943359375
45.9208984375 45.9208984375 45.9208984375 45.9208984375 45.9208984375 45.9208984375 45.9208984375 45.9208984375
46.92578125 46.92578125 46.92578125 46.92578125 46.92578125 46.92578125 46.92578125 46.92578125 46.92578125 46.92578125
47.9521484375 47.9521484375 47.9521484375 47.9521484375 47.9521484375 47.9521484375 47.9521484375 47.9521484375 47.9521484375 47.9521484375
49.1787109375 49.1787109375 49.1787109375 49.1787109375 49.1787109375 49.1787109375 49.1787109375 49.1787109375
50.18359375 50.18359375 50.18359375 50.18359375 50.18359375 50.18359375 50.18359375 50.18359375 50.18359375 50.18359375
51.2099609375 51.2099609375 51.2099609375 51.2099609375 51.2099609375 51.2099609375 51.2099609375 51.2099609375 51.2099609375 51.2099609375
52.4365234375 52.4365234375 52.4365234375 52.4365234375 52.4365234375 52.4365234375 52.4365234375 52.4365234375
53.44140625 53.44140625 53.44140625 53.44140625 53.44140625 53.44140625 53.44140625 53.44140625 53.44140625 53.44140625
54.4677734375 54.4677734375 54.4677734375 54.4677734375 54.4677734375 54.4677734375 54.4677734375 54.4677734375 54.4677734375 54.4677734375
55.6943359375 55.6943359375 55.6943359375 55.6943359375 55.6943359375 55.6943359375 55.6943359375 55.6943359375
52.541015625 52.541015625 52.541015625 52.541015625 52.541015625 52.541015625 52.541015625 52.541015625 52.541015625 52.541015625
40.0185546875 40.0185546875 40.0185546875 40.0185546875 40.0185546875 40.0185546875 40.0185546875 40.0185546875 40.0185546875 40.0185546875
41.2451171875 41.2451171875 41.2451171875 41.2451171875 41.2451171875 41.2451171875 41.2451171875 41.2451171875
42.25 42.25 42.25 42.25 42.25 42.25 42.25 42.25 42.25 42.25
42.9970703125 42.9970703125 42.9970703125 42.9970703125 42.9970703125 42.9970703125 42.9970703125 42.9970703125 42.9970703125 42.9970703125
44.2236328125 44.2236328125 44.2236328125 44.2236328125 44.2236328125 44.2236328125 44.2236328125 44.2236328125
45.228515625 45.228515625 45.228515625 45.228515625 45.228515625 45.228515625 45.228515625 45.228515625 45.228515625 45.228515625
46.416015625 46.416015625 46.416015625 46.416015625 46.416015625 46.416015625 46.416015625 46.416015625 46.416015625 46.416015625
47.603515625 47.603515625 47.603515625 47.603515625 47.603515625 47.603515625 47.603515625 47.603515625
48.60546875 48.60546875 48.60546875 48.60546875 48.60546875 48.60546875 48.60546875 48.60546875 48.60546875 48.60546875
49.6318359375 49.6318359375 49.6318359375 49.6318359375 49.6318359375 49.6318359375 49.6318359375 49.6318359375 49.6318359375 49.6318359375
50.8583984375 50.8583984375 50.8583984375 50.8583984375 50.8583984375 50.8583984375 50.8583984375 50.8583984375 50.8583984375 50.8583984375
52.0849609375 52.0849609375 52.0849609375 52.0849609375 52.0849609375 52.0849609375 52.0849609375 52.0849609375 52.0849609375 52.0849609375
53.3115234375 53.3115234375 53.3115234375 53.3115234375 53.3115234375 53.3115234375 53.3115234375 53.3115234375 53.3115234375
53.8388671875 54.357421875 54.357421875 54.357421875 54.357421875 54.357421875 54.357421875 54.357421875 54.357421875
52.5380859375 52.5380859375 52.5380859375 52.5380859375 52.5380859375 52.5380859375 52.5380859375 52.5380859375 52.5380859375 52.5380859375
49.962890625 49.962890625 49.962890625 49.962890625 49.962890625 49.962890625 49.962890625 49.962890625 49.962890625 49.962890625
41.1220703125 41.1220703125 41.1220703125 41.1220703125 41.1220703125 41.1220703125 41.1220703125 41.1220703125
42.099609375 42.099609375 42.099609375 42.099609375 42.099609375 42.099609375 42.099609375 42.099609375 42.099609375 42.099609375
43.3046875 43.3046875 43.3046875 43.3046875 43.3046875 43.3046875 43.3046875 43.3046875 43.3046875 43.3046875
44.30078125 44.30078125 44.30078125 44.30078125 44.30078125 44.30078125 44.30078125 44.30078125
45.2783203125 45.2783203125 45.2783203125 45.2783203125 45.2783203125 45.2783203125 45.2783203125 45.2783203125 45.2783203125 45.2783203125
46.5146484375 46.5146484375 46.5146484375 46.5146484375 46.5146484375 46.5146484375 46.5146484375 46.5146484375 46.5146484375 46.5146484375
47.7412109375 47.7412109375 47.7412109375 47.7412109375 47.7412109375 47.7412109375 47.7412109375 47.7412109375
48.74609375 48.74609375 48.74609375 48.74609375 48.74609375 48.74609375 48.74609375 48.74609375 48.74609375 48.74609375
49.7724609375 49.7724609375 49.7724609375 49.7724609375 49.7724609375 49.7724609375 49.7724609375 49.7724609375 49.7724609375 49.7724609375
50.9990234375 50.9990234375 50.9990234375 50.9990234375 50.9990234375 50.9990234375 50.9990234375 50.9990234375
52.00390625 52.00390625 52.00390625 52.00390625 52.00390625 52.00390625 52.00390625 52.00390625 52.00390625 52.00390625
53.0302734375 53.0302734375 53.0302734375 53.0302734375 53.0302734375 53.0302734375 53.0302734375 53.0302734375 53.0302734375 53.0302734375
54.2568359375 54.2568359375 54.2568359375 54.2568359375 54.2568359375 54.2568359375 54.2568359375 54.2568359375
53.90625 53.90625 53.90625 53.90625 53.90625 53.90625 53.90625 53.90625 53.90625 53.90625
50.955078125 50.955078125 50.955078125 50.955078125 50.955078125 50.955078125 50.955078125 50.955078125 50.955078125 50.955078125
48.7783203125 48.7783203125 48.7783203125 48.7783203125 48.7783203125 48.7783203125 48.7783203125 48.7783203125
42.001953125 42.001953125 42.001953125 42.001953125 42.001953125 42.001953125 42.001953125 42.001953125 42.001953125 42.001953125
43.1796875 43.1796875 43.1796875 43.1796875 43.1796875 43.1796875 43.1796875 43.1796875 43.1796875 43.1796875
44.17578125 44.17578125 44.17578125 44.17578125 44.17578125 44.17578125 44.17578125 44.17578125
45.1533203125 45.1533203125 45.1533203125 45.1533203125 45.1533203125 45.1533203125 45.1533203125 45.1533203125 45.1533203125 45.1533203125
46.3896484375 46.3896484375 46.3896484375 46.3896484375 46.3896484375 46.3896484375 46.3896484375 46.3896484375 46.3896484375 46.3896484375
47.6162109375 47.6162109375 47.6162109375 47.6162109375 47.6162109375 47.6162109375 47.6162109375 47.6162109375
48.62109375 48.62109375 48.62109375 48.62109375 48.62109375 48.62109375 48.62109375 48.62109375 48.62109375 48.62109375
49.6474609375 49.6474609375 49.6474609375 49.6474609375 49.6474609375 49.6474609375 49.6474609375 49.6474609375 49.6474609375 49.6474609375
50.8740234375 50.8740234375 50.8740234375 50.8740234375 50.8740234375 50.8740234375 50.8740234375 50.8740234375
51.87890625 51.87890625 51.87890625 51.87890625 51.87890625 51.87890625 51.87890625 51.87890625 51.87890625 51.87890625
52.9052734375 52.9052734375 52.9052734375 52.9052734375 52.9052734375 52.9052734375 52.9052734375 52.9052734375 52.9052734375 52.9052734375
54.1318359375 54.1318359375 54.1318359375 54.1318359375 54.1318359375 54.1318359375 54.1318359375 54.1318359375
55.13671875 55.13671875 55.13671875 55.13671875 55.13671875 55.13671875 55.13671875 55.13671875 55.13671875 55.13671875
53.818359375 53.818359375 53.818359375 53.818359375 53.818359375 53.818359375 53.818359375 53.818359375 53.818359375 53.818359375
50.5009765625 50.5009765625 50.5009765625 50.5009765625 50.5009765625 50.5009765625 50.5009765625 50.5009765625
40.7607421875 40.7607421875 40.7607421875 40.7607421875 40.7607421875 40.7607421875 40.7607421875 40.7607421875 40.7607421875 40.7607421875
42.0146484375 42.0146484375 42.0146484375 42.0146484375 42.0146484375 42.0146484375 42.0146484375 42.0146484375 42.0146484375 42.0146484375
43.2412109375 43.2412109375 43.2412109375 43.2412109375 43.2412109375 43.2412109375 43.2412109375 43.2412109375
44.24609375 44.24609375 44.24609375 44.24609375 44.24609375 44.24609375 44.24609375 44.24609375 44.24609375 44.24609375
45.2724609375 45.2724609375 45.2724609375 45.2724609375 45.2724609375 45.2724609375 45.2724609375 45.2724609375 45.2724609375 45.2724609375
46.4990234375 46.4990234375 46.4990234375 46.4990234375 46.4990234375 46.4990234375 46.4990234375 46.4990234375
47.50390625 47.50390625 47.50390625 47.50390625 47.50390625 47.50390625 47.50390625 47.50390625 47.50390625 47.50390625
48.5302734375 48.5302734375 48.5302734375 48.5302734375 48.5302734375 48.5302734375 48.5302734375 48.5302734375 48.5302734375 48.5302734375
49.7568359375 49.7568359375 49.7568359375 49.7568359375 49.7568359375 49.7568359375 49.7568359375 49.7568359375
50.76171875 50.76171875 50.76171875 50.76171875 50.76171875 50.76171875 50.76171875 50.76171875 50.76171875 50.76171875
51.7880859375 51.7880859375 51.7880859375 51.7880859375 51.7880859375 51.7880859375 51.7880859375 51.7880859375 51.7880859375 51.7880859375
53.0146484375 53.0146484375 53.0146484375 53.0146484375 53.0146484375 53.0146484375 53.0146484375 53.0146484375
54.01953125 54.01953125 54.01953125 54.01953125 54.01953125 54.01953125 54.01953125 54.01953125 54.01953125 54.01953125
54.228515625 54.228515625 54.228515625 54.228515625 54.228515625 54.228515625 54.228515625 54.228515625 54.228515625 54.228515625
52.853515625 52.853515625 52.853515625 52.853515625 52.853515625 52.853515625 52.853515625 52.853515625
49.88671875 49.88671875 49.88671875 49.88671875 49.88671875 49.88671875 49.88671875 49.88671875 49.88671875 49.88671875
41.8642578125 41.8642578125 41.8642578125 41.8642578125 41.8642578125 41.8642578125 41.8642578125 41.8642578125 41.8642578125 41.8642578125
43.0908203125 43.0908203125 43.0908203125 43.0908203125 43.0908203125 43.0908203125 43.0908203125 43.0908203125
44.095703125 44.095703125 44.095703125 44.095703125 44.095703125 44.095703125 44.095703125 44.095703125 44.095703125 44.095703125
45.283203125 45.283203125 45.283203125 45.283203125 45.283203125 45.283203125 45.283203125 45.283203125 45.283203125 45.283203125
46.470703125 46.470703125 46.470703125 46.470703125 46.470703125 46.470703125 46.470703125 46.470703125 46.470703125
47.4892578125 47.4892578125 47.4892578125 47.4892578125 47.4892578125 47.4892578125 47.4892578125 47.4892578125 47.4892578125 47.4892578125
48.7158203125 48.7158203125 48.7158203125 48.7158203125 48.7158203125 48.7158203125 48.7158203125 48.7158203125 48.7158203125 48.7158203125
49.9423828125 49.9423828125 49.9423828125 49.9423828125 49.9423828125 49.9423828125 49.9423828125 49.9423828125
50.947265625 50.947265625 50.947265625 50.947265625 50.947265625 50.947265625 50.947265625 50.947265625 50.947265625 50.947265625
52.134765625 52.134765625 52.134765625 52.134765625 52.134765625 52.134765625 52.134765625 52.134765625 52.134765625 52.134765625
53.322265625 53.322265625 53.322265625 53.322265625 53.322265625 53.322265625 53.322265625 53.322265625
54.3037109375 54.3037109375 54.3037109375 54.3037109375 54.3037109375 54.3037109375 54.3037109375 54.3037109375 54.3037109375 54.3037109375
54.759765625 54.759765625 54.759765625 54.759765625 54.759765625 54.759765625 54.759765625 54.759765625 54.759765625 54.759765625
52.6318359375 52.6318359375 52.6318359375 52.6318359375 52.6318359375 52.6318359375 52.6318359375 52.6318359375
49.6689453125 49.6689453125 49.6689453125 49.6689453125 49.6689453125 49.6689453125 49.6689453125 49.6689453125 49.6689453125 49.6689453125
42.615234375 42.615234375 42.615234375 42.615234375 42.615234375 42.615234375 42.615234375 42.615234375 42.615234375 42.615234375
43.79296875 43.79296875 43.79296875 43.79296875 43.79296875 43.79296875 43.79296875 43.79296875
44.7705078125 44.7705078125 44.7705078125 44.7705078125 44.7705078125 44.7705078125 44.7705078125 44.7705078125 44.7705078125 44.7705078125
46.0068359375 46.0068359375 46.0068359375 46.0068359375 46.0068359375 46.0068359375 46.0068359375 46.0068359375 46.0068359375 46.0068359375
47.2333984375 47.2333984375 47.2333984375 47.2333984375 47.2333984375 47.2333984375 47.2333984375 47.2333984375
48.23828125 48.23828125 48.23828125 48.23828125 48.23828125 48.23828125 48.23828125 48.23828125 48.23828125 48.23828125
49.2646484375 49.2646484375 49.2646484375 49.2646484375 49.2646484375 49.2646484375 49.2646484375 49.2646484375 49.2646484375 49.2646484375
50.4912109375 50.4912109375 50.4912109375 50.4912109375 50.4912109375 50.4912109375 50.4912109375 50.4912109375
51.49609375 51.49609375 51.49609375 51.49609375 51.49609375 51.49609375 51.49609375 51.49609375 51.49609375 51.49609375
52.5224609375 52.5224609375 52.5224609375 52.5224609375 52.5224609375 52.5224609375 52.5224609375 52.5224609375 52.5224609375 52.5224609375
53.7490234375 53.7490234375 53.7490234375 53.7490234375 53.7490234375 53.7490234375 53.7490234375 53.7490234375
54.75390625 54.75390625 54.75390625 54.75390625 54.75390625 54.75390625 54.75390625 54.75390625 54.75390625 54.75390625
51.8876953125 51.8876953125 51.8876953125 51.8876953125 51.8876953125 51.8876953125 51.8876953125 51.8876953125 51.8876953125 51.8876953125
49.203125 49.203125 49.203125 49.203125 49.203125 49.203125 49.203125 49.203125
40.9423828125 40.9423828125 40.9423828125 40.9423828125 40.9423828125 40.9423828125 40.9423828125 40.9423828125 40.9423828125 40.9423828125
42.1689453125 42.1689453125 42.1689453125 42.1689453125 42.1689453125 42.1689453125 42.1689453125 42.1689453125 42.1689453125 42.1689453125
43.3955078125 43.3955078125 43.3955078125 43.3955078125 43.3955078125 43.3955078125 43.3955078125 43.3955078125
44.400390625 44.400390625 44.400390625 44.400390625 44.400390625 44.400390625 44.400390625 44.400390625 44.400390625 44.400390625
45.587890625 45.587890625 45.587890625 45.587890625 45.587890625 45.587890625 45.587890625 45.587890625 45.587890625 45.587890625
46.775390625 46.775390625 46.775390625 46.775390625 46.775390625 46.775390625 46.775390625 46.775390625
47.77734375 47.77734375 47.77734375 47.77734375 47.77734375 47.77734375 47.77734375 47.77734375 47.77734375 47.77734375
48.8037109375 48.8037109375 48.8037109375 48.8037109375 48.8037109375 48.8037109375 48.8037109375 48.8037109375 48.8037109375 48.8037109375
50.0302734375 50.0302734375 50.0302734375 50.0302734375 50.0302734375 50.0302734375 50.0302734375 50.0302734375
