11.568359375 11.599609375 11.599609375 11.623046875 11.623046875 11.623046875 11.654296875 11.654296875 11.654296875 11.654296875
13.0673828125 13.0673828125 13.0673828125 13.0673828125 13.0673828125 13.0673828125 13.0673828125 13.0673828125 13.0673828125 13.0673828125
13.6494140625 13.6494140625 13.6494140625 13.6494140625 13.6494140625 13.6494140625 13.6494140625 13.6494140625 13.6494140625 13.6494140625
13.873046875 13.873046875 13.873046875 13.873046875 13.873046875 13.873046875 13.873046875 13.873046875 13.873046875 13.873046875
14.44921875 14.44921875 14.44921875 14.44921875 14.44921875 14.44921875 14.44921875 14.44921875 14.44921875 14.44921875
13.7431640625 13.7431640625 13.7431640625 13.7431640625 13.7431640625 13.7431640625 13.7431640625 13.7431640625 13.7431640625 13.7431640625
14.5146484375 14.5146484375 14.5146484375 14.5146484375 14.5146484375 14.5146484375 14.5146484375 14.5146484375 14.5146484375 14.5146484375
14.15234375 14.15234375 14.15234375 14.15234375 14.15234375 14.15234375 14.15234375 14.15234375 14.15234375 14.15234375
14.40234375 14.40234375 14.40234375 14.40234375 14.40234375 14.40234375 14.40234375 14.40234375 14.40234375 14.40234375
13.8935546875 13.8935546875 13.8935546875 13.8935546875 13.8935546875 13.8935546875 13.8935546875 13.8935546875 13.8935546875 13.8935546875
14.634765625 14.634765625 14.634765625 14.634765625 14.634765625 14.634765625 14.634765625 14.634765625 14.634765625 14.634765625
14.259765625 14.259765625 14.259765625 14.259765625 14.259765625 14.259765625 14.259765625 14.259765625 14.259765625 14.259765625
14.9501953125 14.9501953125 14.9501953125 14.9501953125 14.9501953125 14.9501953125 14.9501953125 14.9501953125 14.9501953125 14.9501953125
14.060546875 14.060546875 14.060546875 14.060546875 14.060546875 14.060546875 14.060546875 14.060546875 14.060546875 14.060546875
14.3203125 14.3203125 14.3203125 14.3203125 14.3203125 14.3203125 14.3203125 14.3203125 14.3203125 14.3203125
15.2314453125 15.2314453125 15.2314453125 15.2314453125 15.2314453125 15.2314453125 15.2314453125 15.2314453125 15.2314453125 15.2314453125
14.3095703125 14.3095703125 14.3095703125 14.3095703125 14.3095703125 14.3095703125 14.3095703125 14.3095703125 14.3095703125 14.3095703125
14.2470703125 14.2470703125 14.2470703125 14.2470703125 14.2470703125 14.2470703125 14.2470703125 14.2470703125 14.2470703125 14.2470703125
13.8828125 13.8828125 13.8828125 13.8828125 13.8828125 13.8828125 13.8828125 13.8828125 13.8828125 13.8828125
14.0927734375 14.0927734375 14.0927734375 14.0927734375 14.0927734375 14.0927734375 14.0927734375 14.0927734375 14.0927734375 14.0927734375
13.904296875 13.904296875 13.904296875 13.904296875 13.904296875 13.904296875 13.904296875 13.904296875 13.904296875 13.904296875
14.5068359375 14.5068359375 14.5068359375 14.5068359375 14.5068359375 14.5068359375 14.5068359375 14.5068359375 14.5068359375 14.5068359375
13.962890625 13.962890625 13.962890625 13.962890625 13.962890625 13.962890625 13.962890625 13.962890625 13.962890625 13.962890625
13.841796875 13.841796875 13.841796875 13.841796875 13.841796875 13.841796875 13.841796875 13.841796875 13.841796875 13.841796875
13.9140625 13.9140625 13.9140625 13.9140625 13.9140625 13.9140625 13.9140625 13.9140625 13.9140625 13.9140625
13.763671875 13.763671875 13.763671875 13.763671875 13.763671875 13.763671875 13.763671875 13.763671875 13.763671875 13.763671875
13.845703125 13.845703125 13.845703125 13.845703125 13.845703125 13.845703125 13.845703125 13.845703125 13.845703125 13.845703125
14.1181640625 14.1181640625 14.1181640625 14.1181640625 14.1181640625 14.1181640625 14.1181640625 14.1181640625 14.1181640625 14.1181640625
14.1328125 14.1328125 14.1328125 14.1328125 14.1328125 14.1328125 14.1328125 14.1328125 14.1328125 14.1328125
14.2998046875 14.2998046875 14.2998046875 14.2998046875 14.2998046875 14.2998046875 14.2998046875 14.2998046875 14.2998046875 14.2998046875
14.083984375 14.083984375 14.083984375 14.083984375 14.083984375 14.083984375 14.083984375 14.083984375 14.083984375 14.083984375
14.814453125 14.814453125 14.814453125 14.814453125 14.814453125 14.814453125 14.814453125 14.814453125 14.814453125 14.814453125
14.26953125 14.26953125 14.26953125 14.26953125 14.26953125 14.26953125 14.26953125 14.26953125 14.26953125 14.26953125
15.1708984375 15.1708984375 15.1708984375 15.1708984375 15.1708984375 15.1708984375 15.1708984375 15.1708984375 15.1708984375 15.1708984375
13.3232421875 13.3232421875 13.3232421875 13.3232421875 13.3232421875 13.3232421875 13.3232421875 13.3232421875 13.3232421875 13.3232421875
14.51171875 14.51171875 14.51171875 14.51171875 14.51171875 14.51171875 14.51171875 14.51171875 14.51171875 14.51171875
14.8505859375 14.8505859375 14.8505859375 14.8505859375 14.8505859375 14.8505859375 14.8505859375 14.8505859375 14.8505859375 14.8505859375
13.82421875 13.82421875 13.82421875 13.82421875 13.82421875 13.82421875 13.82421875 13.82421875 13.82421875 13.82421875
14.0029296875 14.0029296875 14.0029296875 14.0029296875 14.0029296875 14.0029296875 14.0029296875 14.0029296875 14.0029296875 14.0029296875
13.93359375 13.93359375 13.93359375 13.93359375 13.93359375 13.93359375 13.93359375 13.93359375 13.93359375 13.93359375
13.9853515625 13.9853515625 13.9853515625 13.9853515625 13.9853515625 13.9853515625 13.9853515625 13.9853515625 13.9853515625 13.9853515625
13.93359375 13.93359375 13.93359375 13.93359375 13.93359375 13.93359375 13.93359375 13.93359375 13.93359375 13.93359375
14.017578125 14.017578125 14.017578125 14.017578125 14.017578125 14.017578125 14.017578125 14.017578125 14.017578125 14.017578125
13.884765625 13.884765625 13.884765625 13.884765625 13.884765625 13.884765625 13.884765625 13.884765625 13.884765625 13.884765625
14.396484375 14.396484375 14.396484375 14.396484375 14.396484375 14.396484375 14.396484375 14.396484375 14.396484375 14.396484375
14.25 14.25 14.25 14.25 14.25 14.25 14.25 14.25 14.25 14.25
14.8720703125 14.8720703125 14.8720703125 14.8720703125 14.8720703125 14.8720703125 14.8720703125 14.8720703125 14.8720703125 14.8720703125
15.2099609375 15.2099609375 15.2099609375 15.2099609375 15.2099609375 15.2099609375 15.2099609375 15.2099609375 15.2099609375 15.2099609375
14.3427734375 14.3427734375 14.3427734375 14.3427734375 14.3427734375 14.3427734375 14.3427734375 14.3427734375 14.3427734375 14.3427734375
14.8076171875 14.8076171875 14.8076171875 14.8076171875 14.8076171875 14.8076171875 14.8076171875 14.8076171875 14.8076171875 14.8076171875
13.9921875 13.9921875 13.9921875 13.9921875 13.9921875 13.9921875 13.9921875 13.9921875 13.9921875 13.9921875
14.53515625 14.53515625 14.53515625 14.53515625 14.53515625 14.53515625 14.53515625 14.53515625 14.53515625 14.53515625
13.6845703125 13.6845703125 13.6845703125 13.6845703125 13.6845703125 13.6845703125 13.6845703125 13.6845703125 13.6845703125 13.6845703125
14.5068359375 14.5068359375 14.5068359375 14.5068359375 14.5068359375 14.5068359375 14.5068359375 14.5068359375 14.5068359375 14.5068359375
14.15234375 14.15234375 14.15234375 14.15234375 14.15234375 14.15234375 14.15234375 14.15234375 14.15234375 14.15234375
14.3857421875 14.3857421875 14.3857421875 14.3857421875 14.3857421875 14.3857421875 14.3857421875 14.3857421875 14.3857421875 14.3857421875
14.11328125 14.11328125 14.11328125 14.11328125 14.11328125 14.11328125 14.11328125 14.11328125 14.11328125 14.11328125
14.310546875 14.310546875 14.310546875 14.310546875 14.310546875 14.310546875 14.310546875 14.310546875 14.310546875 14.310546875
14.064453125 14.064453125 14.064453125 14.064453125 14.064453125 14.064453125 14.064453125 14.064453125 14.064453125 14.064453125
14.642578125 14.642578125 14.642578125 14.642578125 14.642578125 14.642578125 14.642578125 14.642578125 14.642578125 14.642578125
14.25 14.25 14.25 14.25 14.25 14.25 14.25 14.25 14.25 14.25
14.8720703125 14.8720703125 14.8720703125 14.8720703125 14.8720703125 14.8720703125 14.8720703125 14.8720703125 14.8720703125 14.8720703125
15.2314453125 15.2314453125 15.2314453125 15.2314453125 15.2314453125 15.2314453125 15.2314453125 15.2314453125 15.2314453125 15.2314453125
14.3427734375 14.3427734375 14.3427734375 14.3427734375 14.3427734375 14.3427734375 14.3427734375 14.3427734375 14.3427734375 14.3427734375
14.1181640625 14.1181640625 14.1181640625 14.1181640625 14.1181640625 14.1181640625 14.1181640625 14.1181640625 14.1181640625 14.1181640625
13.9921875 13.9921875 13.9921875 13.9921875 13.9921875 13.9921875 13.9921875 13.9921875 13.9921875 13.9921875
14 14 14 14 14 14 14 14 14 14
13.2763671875 13.2763671875 13.2763671875 13.2763671875 13.2763671875 13.2763671875 13.2763671875 13.2763671875 13.2763671875 13.2763671875
13.93359375 13.93359375 13.93359375 13.93359375 13.93359375 13.93359375 13.93359375 13.93359375 13.93359375 13.93359375
14.875 14.875 14.875 14.875 14.875 14.875 14.875 14.875 14.875 14.875
14.3271484375 14.3271484375 14.3271484375 14.3271484375 14.3271484375 14.3271484375 14.3271484375 14.3271484375 14.3271484375 14.3271484375
14.9853515625 14.9853515625 14.9853515625 14.9853515625 14.9853515625 14.9853515625 14.9853515625 14.9853515625 14.9853515625 14.9853515625
13.923828125 13.923828125 13.923828125 13.923828125 13.923828125 13.923828125 13.923828125 13.923828125 13.923828125 13.923828125
14.3037109375 14.3037109375 14.3037109375 14.3037109375 14.3037109375 14.3037109375 14.3037109375 14.3037109375 14.3037109375 14.3037109375
14.142578125 14.142578125 14.142578125 14.142578125 14.142578125 14.142578125 14.142578125 14.142578125 14.142578125 14.142578125
14.3564453125 14.3564453125 14.3564453125 14.3564453125 14.3564453125 14.3564453125 14.3564453125 14.3564453125 14.3564453125 14.3564453125
13.962890625 13.962890625 13.962890625 13.962890625 13.962890625 13.962890625 13.962890625 13.962890625 13.962890625 13.962890625
14.0849609375 14.0849609375 14.0849609375 14.0849609375 14.0849609375 14.0849609375 14.0849609375 14.0849609375 14.0849609375 14.0849609375
13.962890625 13.962890625 13.962890625 13.962890625 13.962890625 13.962890625 13.962890625 13.962890625 13.962890625 13.962890625
13.689453125 13.689453125 13.689453125 13.689453125 13.689453125 13.689453125 13.689453125 13.689453125 13.689453125 13.689453125
13.9140625 13.9140625 13.9140625 13.9140625 13.9140625 13.9140625 13.9140625 13.9140625 13.9140625 13.9140625
14.26953125 14.26953125 14.26953125 14.26953125 14.26953125 14.26953125 14.26953125 14.26953125 14.26953125 14.26953125
13.6748046875 13.6748046875 13.6748046875 13.6748046875 13.6748046875 13.6748046875 13.6748046875 13.6748046875 13.6748046875 13.6748046875
14.244140625 14.244140625 14.244140625 14.244140625 14.244140625 14.244140625 14.244140625 14.244140625 14.244140625 14.244140625
14.259765625 14.259765625 14.259765625 14.259765625 14.259765625 14.259765625 14.259765625 14.259765625 14.259765625 14.259765625
14.9599609375 14.9599609375 14.9599609375 14.9599609375 14.9599609375 14.9599609375 14.9599609375 14.9599609375 14.9599609375 14.9599609375
14.060546875 14.060546875 14.060546875 14.060546875 14.060546875 14.060546875 14.060546875 14.060546875 14.060546875 14.060546875
14 14 14 14 14 14 14 14 14 14
14.560546875 14.560546875 14.560546875 14.560546875 14.560546875 14.560546875 14.560546875 14.560546875 14.560546875 14.560546875
13.9501953125 13.9501953125 13.9501953125 13.9501953125 13.9501953125 13.9501953125 13.9501953125 13.9501953125 13.9501953125 13.9501953125
14.67578125 14.67578125 14.67578125 14.67578125 14.67578125 14.67578125 14.67578125 14.67578125 14.67578125 14.67578125
13.9423828125 13.9423828125 13.9423828125 13.9423828125 13.9423828125 13.9423828125 13.9423828125 13.9423828125 13.9423828125 13.9423828125
14.7021484375 14.7021484375 14.7021484375 14.7021484375 14.7021484375 14.7021484375 14.7021484375 14.7021484375 14.7021484375 14.7021484375
14.15234375 14.15234375 14.15234375 14.15234375 14.15234375 14.15234375 14.15234375 14.15234375 14.15234375 14.15234375
14.5625 14.5625 14.5625 14.5625 14.5625 14.5625 14.5625 14.5625 14.5625 14.5625
13.587890625 13.587890625 13.587890625 13.587890625 13.587890625 13.587890625 13.587890625 13.587890625 13.587890625 13.587890625
14.3642578125 14.3642578125 14.3642578125 14.3642578125 14.3642578125 14.3642578125 14.3642578125 14.3642578125 14.3642578125 14.3642578125
13.962890625 13.962890625 13.962890625 13.962890625 13.962890625 13.962890625 13.962890625 13.962890625 13.962890625 13.962890625
13.7626953125 13.7626953125 13.7626953125 13.7626953125 13.7626953125 13.7626953125 13.7626953125 13.7626953125 13.7626953125 13.7626953125
13.3515625 13.3515625 13.3515625 13.3515625 13.3515625 13.3515625 13.3515625 13.3515625 13.3515625 13.3515625
14.2802734375 14.2802734375 14.2802734375 14.2802734375 14.2802734375 14.2802734375 14.2802734375 14.2802734375 14.2802734375 14.2802734375
13.1630859375 13.1630859375 13.1630859375 13.1630859375 13.1630859375 13.1630859375 13.1630859375 13.1630859375 13.1630859375 13.1630859375
13.287109375 13.287109375 13.287109375 13.287109375 13.287109375 13.287109375 13.287109375 13.287109375 13.287109375 13.287109375
13.47265625 13.47265625 13.47265625 13.47265625 13.47265625 13.47265625 13.47265625 13.47265625 13.47265625 13.47265625
14.44140625 14.44140625 14.44140625 14.44140625 14.44140625 14.44140625 14.44140625 14.44140625 14.44140625 14.44140625
14.1572265625 14.1572265625 14.1572265625 14.1572265625 14.1572265625 14.1572265625 14.1572265625 14.1572265625 14.1572265625 14.1572265625
13.8046875 13.8046875 13.8046875 13.8046875 13.8046875 13.8046875 13.8046875 13.8046875 13.8046875 13.8046875
14.345703125 14.345703125 14.345703125 14.345703125 14.345703125 14.345703125 14.345703125 14.345703125 14.345703125 14.345703125
13.85546875 13.85546875 13.85546875 13.85546875 13.85546875 13.85546875 13.85546875 13.85546875 13.85546875 13.85546875
14.5546875 14.5546875 14.5546875 14.5546875 14.5546875 14.5546875 14.5546875 14.5546875 14.5546875 14.5546875
13.84375 13.84375 13.84375 13.84375 13.84375 13.84375 13.84375 13.84375 13.84375 13.84375
14.52734375 14.52734375 14.52734375 14.52734375 14.52734375 14.52734375 14.52734375 14.52734375 14.52734375 14.52734375
15.0849609375 15.0849609375 15.0849609375 15.0849609375 15.0849609375 15.0849609375 15.0849609375 15.0849609375 15.0849609375 15.0849609375
14.23046875 14.23046875 14.23046875 14.23046875 14.23046875 14.23046875 14.23046875 14.23046875 14.23046875 14.23046875
14.4931640625 14.4931640625 14.4931640625 14.4931640625 14.4931640625 14.4931640625 14.4931640625 14.4931640625 14.4931640625 14.4931640625
13.93359375 13.93359375 13.93359375 13.93359375 13.93359375 13.93359375 13.93359375 13.93359375 13.93359375 13.93359375
14.123046875 14.123046875 14.123046875 14.123046875 14.123046875 14.123046875 14.123046875 14.123046875 14.123046875 14.123046875
14.064453125 14.064453125 14.064453125 14.064453125 14.064453125 14.064453125 14.064453125 14.064453125 14.064453125 14.064453125
14.76171875 14.76171875 14.76171875 14.76171875 14.76171875 14.76171875 14.76171875 14.76171875 14.76171875 14.76171875
13.9130859375 13.9130859375 13.9130859375 13.9130859375 13.9130859375 13.9130859375 13.9130859375 13.9130859375 13.9130859375 13.9130859375
14.7119140625 14.7119140625 14.7119140625 14.7119140625 14.7119140625 14.7119140625 14.7119140625 14.7119140625 14.7119140625 14.7119140625
14.30859375 14.30859375 14.30859375 14.30859375 14.30859375 14.30859375 14.30859375 14.30859375 14.30859375 14.30859375
14.8447265625 14.8447265625 14.8447265625 14.8447265625 14.8447265625 14.8447265625 14.8447265625 14.8447265625 14.8447265625 14.8447265625
14.0458984375 14.0458984375 14.0458984375 14.0458984375 14.0458984375 14.0458984375 14.0458984375 14.0458984375 14.0458984375 14.0458984375
14.21484375 14.21484375 14.21484375 14.21484375 14.21484375 14.21484375 14.21484375 14.21484375 14.21484375 14.21484375
15.15625 15.15625 15.15625 15.15625 15.15625 15.15625 15.15625 15.15625 15.15625 15.15625
13.85546875 13.85546875 13.85546875 13.85546875 13.85546875 13.85546875 13.85546875 13.85546875 13.85546875 13.85546875
14.3857421875 14.3857421875 14.3857421875 14.3857421875 14.3857421875 14.3857421875 14.3857421875 14.3857421875 14.3857421875 14.3857421875
13.884765625 13.884765625 13.884765625 13.884765625 13.884765625 13.884765625 13.884765625 13.884765625 13.884765625 13.884765625
14.3974609375 14.3974609375 14.3974609375 14.3974609375 14.3974609375 14.3974609375 14.3974609375 14.3974609375 14.3974609375 14.3974609375
14.080078125 14.080078125 14.080078125 14.080078125 14.080078125 14.080078125 14.080078125 14.080078125 14.080078125 14.080078125
15.2197265625 15.2197265625 15.2197265625 15.2197265625 15.2197265625 15.2197265625 15.2197265625 15.2197265625 15.2197265625 15.2197265625
12.7451171875 12.7451171875 12.7451171875 12.7451171875 12.7451171875 12.7451171875 12.7451171875 12.7451171875 12.7451171875 12.7451171875
13.044921875 13.044921875 13.044921875 13.044921875 13.044921875 13.044921875 13.044921875 13.044921875 13.044921875 13.044921875
13.880859375 13.880859375 13.880859375 13.880859375 13.880859375 13.880859375 13.880859375 13.880859375 13.880859375 13.880859375
15.0205078125 15.0205078125 15.0205078125 15.0205078125 15.0205078125 15.0205078125 15.0205078125 15.0205078125 15.0205078125 15.0205078125
12.7451171875 12.7451171875 12.7451171875 12.7451171875 12.7451171875 12.7451171875 12.7451171875 12.7451171875 12.7451171875 12.7451171875
13.17578125 13.17578125 13.17578125 13.17578125 13.17578125 13.17578125 13.17578125 13.17578125 13.17578125 13.17578125
14.1171875 14.1171875 14.1171875 14.1171875 14.1171875 14.1171875 14.1171875 14.1171875 14.1171875 14.1171875
14.6484375 14.6484375 14.6484375 14.6484375 14.6484375 14.6484375 14.6484375 14.6484375 14.6484375 14.6484375
14.9677734375 14.9677734375 14.9677734375 14.9677734375 14.9677734375 14.9677734375 14.9677734375 14.9677734375 14.9677734375 14.9677734375
13.875 13.875 13.875 13.875 13.875 13.875 13.875 13.875 13.875 13.875
13.88671875 13.88671875 13.88671875 13.88671875 13.88671875 13.88671875 13.88671875 13.88671875 13.88671875 13.88671875
13.572265625 13.572265625 13.572265625 13.572265625 13.572265625 13.572265625 13.572265625 13.572265625 13.572265625 13.572265625
14.7119140625 14.7119140625 14.7119140625 14.7119140625 14.7119140625 14.7119140625 14.7119140625 14.7119140625 14.7119140625 14.7119140625
12.7451171875 12.7451171875 12.7451171875 12.7451171875 12.7451171875 12.7451171875 12.7451171875 12.7451171875 12.7451171875 12.7451171875
13.220703125 13.220703125 13.220703125 13.220703125 13.220703125 13.220703125 13.220703125 13.220703125 13.220703125 13.220703125
13.880859375 13.880859375 13.880859375 13.880859375 13.880859375 13.880859375 13.880859375 13.880859375 13.880859375 13.880859375
15.0205078125 15.0205078125 15.0205078125 15.0205078125 15.0205078125 15.0205078125 15.0205078125 15.0205078125 15.0205078125 15.0205078125
12.7451171875 12.7451171875 12.7451171875 12.7451171875 12.7451171875 12.7451171875 12.7451171875 12.7451171875 12.7451171875 12.7451171875
13.17578125 13.17578125 13.17578125 13.17578125 13.17578125 13.17578125 13.17578125 13.17578125 13.17578125 13.17578125
14.1171875 14.1171875 14.1171875 14.1171875 14.1171875 14.1171875 14.1171875 14.1171875 14.1171875 14.1171875
14.6484375 14.6484375 14.6484375 14.6484375 14.6484375 14.6484375 14.6484375 14.6484375 14.6484375 14.6484375
14.9677734375 14.9677734375 14.9677734375 14.9677734375 14.9677734375 14.9677734375 14.9677734375 14.9677734375 14.9677734375 14.9677734375
13.875 13.875 13.875 13.875 13.875 13.875 13.875 13.875 13.875 13.875
13.88671875 13.88671875 13.88671875 13.88671875 13.88671875 13.88671875 13.88671875 13.88671875 13.88671875 13.88671875
13.572265625 13.572265625 13.572265625 13.572265625 13.572265625 13.572265625 13.572265625 13.572265625 13.572265625 13.572265625
14.7119140625 14.7119140625 14.7119140625 14.7119140625 14.7119140625 14.7119140625 14.7119140625 14.7119140625 14.7119140625 14.7119140625
12.7451171875 12.7451171875 12.7451171875 12.7451171875 12.7451171875 12.7451171875 12.7451171875 12.7451171875 12.7451171875 12.7451171875
13.220703125 13.220703125 13.220703125 13.220703125 13.220703125 13.220703125 13.220703125 13.220703125 13.220703125 13.220703125
13.880859375 13.880859375 13.880859375 13.880859375 13.880859375 13.880859375 13.880859375 13.880859375 13.880859375 13.880859375
15.0205078125 15.0205078125 15.0205078125 15.0205078125 15.0205078125 15.0205078125 15.0205078125 15.0205078125 15.0205078125 15.0205078125
12.7451171875 12.7451171875 12.7451171875 12.7451171875 12.7451171875 12.7451171875 12.7451171875 12.7451171875 12.7451171875 12.7451171875
13.17578125 13.17578125 13.17578125 13.17578125 13.17578125 13.17578125 13.17578125 13.17578125 13.17578125 13.17578125
14.1171875 14.1171875 14.1171875 14.1171875 14.1171875 14.1171875 14.1171875 14.1171875 14.1171875 14.1171875
14.6484375 14.6484375 14.6484375 14.6484375 14.6484375 14.6484375 14.6484375 14.6484375 14.6484375 14.6484375
14.9677734375 14.9677734375 14.9677734375 14.9677734375 14.9677734375 14.9677734375 14.9677734375 14.9677734375 14.9677734375 14.9677734375
13.875 13.875 13.875 13.875 13.875 13.875 13.875 13.875 13.875 13.875
13.88671875 13.88671875 13.88671875 13.88671875 13.88671875 13.88671875 13.88671875 13.88671875 13.88671875 13.88671875
13.572265625 13.572265625 13.572265625 13.572265625 13.572265625 13.572265625 13.572265625 13.572265625 13.572265625 13.572265625
14.7119140625 14.7119140625 14.7119140625 14.7119140625 14.7119140625 14.7119140625 14.7119140625 14.7119140625 14.7119140625 14.7119140625
12.7451171875 12.7451171875 12.7451171875 12.7451171875 12.7451171875 12.7451171875 12.7451171875 12.7451171875 12.7451171875 12.7451171875
13.220703125 13.220703125 13.220703125 13.220703125 13.220703125 13.220703125 13.220703125 13.220703125 13.220703125 13.220703125
13.880859375 13.880859375 13.880859375 13.880859375 13.880859375 13.880859375 13.880859375 13.880859375 13.880859375 13.880859375
15.0205078125 15.0205078125 15.0205078125 15.0205078125 15.0205078125 15.0205078125 15.0205078125 15.0205078125 15.0205078125 15.0205078125
12.7451171875 12.7451171875 12.7451171875 12.7451171875 12.7451171875 12.7451171875 12.7451171875 12.7451171875 12.7451171875 12.7451171875
13.17578125 13.17578125 13.17578125 13.17578125 13.17578125 13.17578125 13.17578125 13.17578125 13.17578125 13.17578125
14.1171875 14.1171875 14.1171875 14.1171875 14.1171875 14.1171875 14.1171875 14.1171875 14.1171875 14.1171875
14.6484375 14.6484375 14.6484375 14.6484375 14.6484375 14.6484375 14.6484375 14.6484375 14.6484375 14.6484375
14.9677734375 14.9677734375 14.9677734375 14.9677734375 14.9677734375 14.9677734375 14.9677734375 14.9677734375 14.9677734375 14.9677734375
13.875 13.875 13.875 13.875 13.875 13.875 13.875 13.875 13.875 13.875
13.88671875 13.88671875 13.88671875 13.88671875 13.88671875 13.88671875 13.88671875 13.88671875 13.88671875 13.88671875
13.572265625 13.572265625 13.572265625 13.572265625 13.572265625 13.572265625 13.572265625 13.572265625 13.572265625 13.572265625
14.7119140625 14.7119140625 14.7119140625 14.7119140625 14.7119140625 14.7119140625 14.7119140625 14.7119140625 14.7119140625 14.7119140625
12.7451171875 12.7451171875 12.7451171875 12.7451171875 12.7451171875 12.7451171875 12.7451171875 12.7451171875 12.7451171875 12.7451171875
13.220703125 13.220703125 13.220703125 13.220703125 13.220703125 13.220703125 13.220703125 13.220703125 13.220703125 13.220703125
13.880859375 13.880859375 13.880859375 13.880859375 13.880859375 13.880859375 13.880859375 13.880859375 13.880859375 13.880859375
15.0205078125 15.0205078125 15.0205078125 15.0205078125 15.0205078125 15.0205078125 15.0205078125 15.0205078125 15.0205078125 15.0205078125
12.7451171875 12.7451171875 12.7451171875 12.7451171875 12.7451171875 12.7451171875 12.7451171875 12.7451171875 12.7451171875 12.7451171875
13.17578125 13.17578125 13.17578125 13.17578125 13.17578125 13.17578125 13.17578125 13.17578125 13.17578125 13.17578125
14.1171875 14.1171875 14.1171875 14.1171875 14.1171875 14.1171875 14.1171875 14.1171875 14.1171875 14.1171875
14.6484375 14.6484375 14.6484375 14.6484375 14.6484375 14.6484375 14.6484375 14.6484375 14.6484375 14.6484375
14.9677734375 14.9677734375 14.9677734375 14.9677734375 14.9677734375 14.9677734375 14.9677734375 14.9677734375 14.9677734375 14.9677734375
13.875 13.875 13.875 13.875 13.875 13.875 13.875 13.875 13.875 13.875
13.88671875 13.88671875 13.88671875 13.88671875 13.88671875 13.88671875 13.88671875 13.88671875 13.88671875 13.88671875
13.572265625 13.572265625 13.572265625 13.572265625 13.572265625 13.572265625 13.572265625 13.572265625 13.572265625 13.572265625
14.7119140625 14.7119140625 14.7119140625 14.7119140625 14.7119140625 14.7119140625 14.7119140625 14.7119140625 14.7119140625 14.7119140625
12.7451171875 12.7451171875 12.7451171875 12.7451171875 12.7451171875 12.7451171875 12.7451171875 12.7451171875 12.7451171875 12.7451171875
13.220703125 13.220703125 13.220703125 13.220703125 13.220703125 13.220703125 13.220703125 13.220703125 13.220703125 13.220703125
13.880859375 13.880859375 13.880859375 13.880859375 13.880859375 13.880859375 13.880859375 13.880859375 13.880859375 13.880859375
15.0205078125 15.0205078125 15.0205078125 15.0205078125 15.0205078125 15.0205078125 15.0205078125 15.0205078125 15.0205078125 15.0205078125
12.7451171875 12.7451171875 12.7451171875 12.7451171875 12.7451171875 12.7451171875 12.7451171875 12.7451171875 12.7451171875 12.7451171875
13.17578125 13.17578125 13.17578125 13.17578125 13.17578125 13.17578125 13.17578125 13.17578125 13.17578125 13.17578125
14.1171875 14.1171875 14.1171875 14.1171875 14.1171875 14.1171875 14.1171875 14.1171875 14.1171875 14.1171875
14.6484375 14.6484375 14.6484375 14.6484375 14.6484375 14.6484375 14.6484375 14.6484375 14.6484375 14.6484375
14.9677734375 14.9677734375 14.9677734375 14.9677734375 14.9677734375 14.9677734375 14.9677734375 14.9677734375 14.9677734375 14.9677734375
13.875 13.875 13.875 13.875 13.875 13.875 13.875 13.875 13.875 13.875
13.88671875 13.88671875 13.88671875 13.88671875 13.88671875 13.88671875 13.88671875 13.88671875 13.88671875 13.88671875
13.572265625 13.572265625 13.572265625 13.572265625 13.572265625 13.572265625 13.572265625 13.572265625 13.572265625 13.572265625
14.7119140625 14.7119140625 14.7119140625 14.7119140625 14.7119140625 14.7119140625 14.7119140625 14.7119140625 14.7119140625 14.7119140625
12.7451171875 12.7451171875 12.7451171875 12.7451171875 12.7451171875 12.7451171875 12.7451171875 12.7451171875 12.7451171875 12.7451171875
13.220703125 13.220703125 13.220703125 13.220703125 13.220703125 13.220703125 13.220703125 13.220703125 13.220703125 13.220703125
13.880859375 13.880859375 13.880859375 13.880859375 13.880859375 13.880859375 13.880859375 13.880859375 13.880859375 13.880859375
15.0205078125 15.0205078125 15.0205078125 15.0205078125 15.0205078125 15.0205078125 15.0205078125 15.0205078125 15.0205078125 15.0205078125
12.7451171875 12.7451171875 12.7451171875 12.7451171875 12.7451171875 12.7451171875 12.7451171875 12.7451171875 12.7451171875 12.7451171875
13.17578125 13.17578125 13.17578125 13.17578125 13.17578125 13.17578125 13.17578125 13.17578125 13.17578125 13.17578125
14.1171875 14.1171875 14.1171875 14.1171875 14.1171875 14.1171875 14.1171875 14.1171875 14.1171875 14.1171875
14.6484375 14.6484375 14.6484375 14.6484375 14.6484375 14.6484375 14.6484375 14.6484375 14.6484375 14.6484375
14.9677734375 14.9677734375 14.9677734375 14.9677734375 14.9677734375 14.9677734375 14.9677734375 14.9677734375 14.9677734375 14.9677734375
13.875 13.875 13.875 13.875 13.875 13.875 13.875 13.875 13.875 13.875
13.88671875 13.88671875 13.88671875 13.88671875 13.88671875 13.88671875 13.88671875 13.88671875 13.88671875 13.88671875
13.572265625 13.572265625 13.572265625 13.572265625 13.572265625 13.572265625 13.572265625 13.572265625 13.572265625 13.572265625
14.7119140625 14.7119140625 14.7119140625 14.7119140625 14.7119140625 14.7119140625 14.7119140625 14.7119140625 14.7119140625 14.7119140625
12.7451171875 12.7451171875 12.7451171875 12.7451171875 12.7451171875 12.7451171875 12.7451171875 12.7451171875 12.7451171875 12.7451171875
13.220703125 13.220703125 13.220703125 13.220703125 13.220703125 13.220703125 13.220703125 13.220703125 13.220703125 13.220703125
13.880859375 13.880859375 13.880859375 13.880859375 13.880859375 13.880859375 13.880859375 13.880859375 13.880859375 13.880859375
15.0205078125 15.0205078125 15.0205078125 15.0205078125 15.0205078125 15.0205078125 15.0205078125 15.0205078125 15.0205078125 15.0205078125
12.7451171875 12.7451171875 12.7451171875 12.7451171875 12.7451171875 12.7451171875 12.7451171875 12.7451171875 12.7451171875 12.7451171875
13.17578125 13.17578125 13.17578125 13.17578125 13.17578125 13.17578125 13.17578125 13.17578125 13.17578125 13.17578125
14.1171875 14.1171875 14.1171875 14.1171875 14.1171875 14.1171875 14.1171875 14.1171875 14.1171875 14.1171875
14.6484375 14.6484375 14.6484375 14.6484375 14.6484375 14.6484375 14.6484375 14.6484375 14.6484375 14.6484375
14.9677734375 14.9677734375 14.9677734375 14.9677734375 14.9677734375 14.9677734375 14.9677734375 14.9677734375 14.9677734375 14.9677734375
13.875 13.875 13.875 13.875 13.875 13.875 13.875 13.875 13.875 13.875
13.88671875 13.88671875 13.88671875 13.88671875 13.88671875 13.88671875 13.88671875 13.88671875 13.88671875 13.88671875
13.572265625 13.572265625 13.572265625 13.572265625 13.572265625 13.572265625 13.572265625 13.572265625 13.572265625 13.572265625
14.7119140625 14.7119140625 14.7119140625 14.7119140625 14.7119140625 14.7119140625 14.7119140625 14.7119140625 14.7119140625 14.7119140625
12.7451171875 12.7451171875 12.7451171875 12.7451171875 12.7451171875 12.7451171875 12.7451171875 12.7451171875 12.7451171875 12.7451171875
13.220703125 13.220703125 13.220703125 13.220703125 13.220703125 13.220703125 13.220703125 13.220703125 13.220703125 13.220703125
13.880859375 13.880859375 13.880859375 13.880859375 13.880859375 13.880859375 13.880859375 13.880859375 13.880859375 13.880859375
15.0205078125 15.0205078125 15.0205078125 15.0205078125 15.0205078125 15.0205078125 15.0205078125 15.0205078125 15.0205078125 15.0205078125
12.7451171875 12.7451171875 12.7451171875 12.7451171875 12.7451171875 12.7451171875 12.7451171875 12.7451171875 12.7451171875 12.7451171875
13.17578125 13.17578125 13.17578125 13.17578125 13.17578125 13.17578125 13.17578125 13.17578125 13.17578125 13.17578125
14.1171875 14.1171875 14.1171875 14.1171875 14.1171875 14.1171875 14.1171875 14.1171875 14.1171875 14.1171875
14.6484375 14.6484375 14.6484375 14.6484375 14.6484375 14.6484375 14.6484375 14.6484375 14.6484375 14.6484375
14.9677734375 14.9677734375 14.9677734375 14.9677734375 14.9677734375 14.9677734375 14.9677734375 14.9677734375 14.9677734375 14.9677734375
13.875 13.875 13.875 13.875 13.875 13.875 13.875 13.875 13.875 13.875
13.88671875 13.88671875 13.88671875 13.88671875 13.88671875 13.88671875 13.88671875 13.88671875 13.88671875 13.88671875
13.572265625 13.572265625 13.572265625 13.572265625 13.572265625 13.572265625 13.572265625 13.572265625 13.572265625 13.572265625
14.7119140625 14.7119140625 14.7119140625 14.7119140625 14.7119140625 14.7119140625 14.7119140625 14.7119140625 14.7119140625 14.7119140625
12.7451171875 12.7451171875 12.7451171875 12.7451171875 12.7451171875 12.7451171875 12.7451171875 12.7451171875 12.7451171875 12.7451171875
13.220703125 13.220703125 13.220703125 13.220703125 13.220703125 13.220703125 13.220703125 13.220703125 13.220703125 13.220703125
13.880859375 13.880859375 13.880859375 13.880859375 13.880859375 13.880859375 13.880859375 13.880859375 13.880859375 13.880859375
15.0205078125 15.0205078125 15.0205078125 15.0205078125 15.0205078125 15.0205078125 15.0205078125 15.0205078125 15.0205078125 15.0205078125
12.7451171875 12.7451171875 12.7451171875 12.7451171875 12.7451171875 12.7451171875 12.7451171875 12.7451171875 12.7451171875 12.7451171875
13.17578125 13.17578125 13.17578125 13.17578125 13.17578125 13.17578125 13.17578125 13.17578125 13.17578125 13.17578125
14.1171875 14.1171875 14.1171875 14.1171875 14.1171875 14.1171875 14.1171875 14.1171875 14.1171875 14.1171875
14.6484375 14.6484375 14.6484375 14.6484375 14.6484375 14.6484375 14.6484375 14.6484375 14.6484375 14.6484375
14.9677734375 14.9677734375 14.9677734375 14.9677734375 14.9677734375 14.9677734375 14.9677734375 14.9677734375 14.9677734375 14.9677734375
13.875 13.875 13.875 13.875 13.875 13.875 13.875 13.875 13.875 13.875
13.88671875 13.88671875 13.88671875 13.88671875 13.88671875 13.88671875 13.88671875 13.88671875 13.88671875 13.88671875
13.572265625 13.572265625 13.572265625 13.572265625 13.572265625 13.572265625 13.572265625 13.572265625 13.572265625 13.572265625
14.7119140625 14.7119140625 14.7119140625 14.7119140625 14.7119140625 14.7119140625 14.7119140625 14.7119140625 14.7119140625 14.7119140625
12.7451171875 12.7451171875 12.7451171875 12.7451171875 12.7451171875 12.7451171875 12.7451171875 12.7451171875 12.7451171875 12.7451171875
13.220703125 13.220703125 13.220703125 13.220703125 13.220703125 13.220703125 13.220703125 13.220703125 13.220703125 13.220703125
13.880859375 13.880859375 13.880859375 13.880859375 13.880859375 13.880859375 13.880859375 13.880859375 13.880859375 13.880859375
15.0205078125 15.0205078125 15.0205078125 15.0205078125 15.0205078125 15.0205078125 15.0205078125 15.0205078125 15.0205078125 15.0205078125
12.7451171875 12.7451171875 12.7451171875 12.7451171875 12.7451171875 12.7451171875 12.7451171875 12.7451171875 12.7451171875 12.7451171875
13.17578125 13.17578125 13.17578125 13.17578125 13.17578125 13.17578125 13.17578125 13.17578125 13.17578125 13.17578125
14.1171875 14.1171875 14.1171875 14.1171875 14.1171875 14.1171875 14.1171875 14.1171875 14.1171875 14.1171875
14.6484375 14.6484375 14.6484375 14.6484375 14.6484375 14.6484375 14.6484375 14.6484375 14.6484375 14.6484375
14.9677734375 14.9677734375 14.9677734375 14.9677734375 14.9677734375 14.9677734375 14.9677734375 14.9677734375 14.9677734375 14.9677734375
13.875 13.875 13.875 13.875 13.875 13.875 13.875 13.875 13.875 13.875
13.88671875 13.88671875 13.88671875 13.88671875 13.88671875 13.88671875 13.88671875 13.88671875 13.88671875 13.88671875
13.572265625 13.572265625 13.572265625 13.572265625 13.572265625 13.572265625 13.572265625 13.572265625 13.572265625 13.572265625
14.7119140625 14.7119140625 14.7119140625 14.7119140625 14.7119140625 14.7119140625 14.7119140625 14.7119140625 14.7119140625 14.7119140625
12.7451171875 12.7451171875 12.7451171875 12.7451171875 12.7451171875 12.7451171875 12.7451171875 12.7451171875 12.7451171875 12.7451171875
13.220703125 13.220703125 13.220703125 13.220703125 13.220703125 13.220703125 13.220703125 13.220703125 13.220703125 13.220703125
13.880859375 13.880859375 13.880859375 13.880859375 13.880859375 13.880859375 13.880859375 13.880859375 13.880859375 13.880859375
15.0205078125 15.0205078125 15.0205078125 15.0205078125 15.0205078125 15.0205078125 15.0205078125 15.0205078125 15.0205078125 15.0205078125
12.7451171875 12.7451171875 12.7451171875 12.7451171875 12.7451171875 12.7451171875 12.7451171875 12.7451171875 12.7451171875 12.7451171875
13.17578125 13.17578125 13.17578125 13.17578125 13.17578125 13.17578125 13.17578125 13.17578125 13.17578125 13.17578125
14.1171875 14.1171875 14.1171875 14.1171875 14.1171875 14.1171875 14.1171875 14.1171875 14.1171875 14.1171875
14.6484375 14.6484375 14.6484375 14.6484375 14.6484375 14.6484375 14.6484375 14.6484375 14.6484375 14.6484375
14.9677734375 14.9677734375 14.9677734375 14.9677734375 14.9677734375 14.9677734375 14.9677734375 14.9677734375 14.9677734375 14.9677734375
13.875 13.875 13.875 13.875 13.875 13.875 13.875 13.875 13.875 13.875
13.88671875 13.88671875 13.88671875 13.88671875 13.88671875 13.88671875 13.88671875 13.88671875 13.88671875 13.88671875
13.572265625 13.572265625 13.572265625 13.572265625 13.572265625 13.572265625 13.572265625 13.572265625 13.572265625 13.572265625
14.7119140625 14.7119140625 14.7119140625 14.7119140625 14.7119140625 14.7119140625 14.7119140625 14.7119140625 14.7119140625 14.7119140625
12.7451171875 12.7451171875 12.7451171875 12.7451171875 12.7451171875 12.7451171875 12.7451171875 12.7451171875 12.7451171875 12.7451171875
13.220703125 13.220703125 13.220703125 13.220703125 13.220703125 13.220703125 13.220703125 13.220703125 13.220703125 13.220703125
13.880859375 13.880859375 13.880859375 13.880859375 13.880859375 13.880859375 13.880859375 13.880859375 13.880859375 13.880859375
15.0205078125 15.0205078125 15.0205078125 15.0205078125 15.0205078125 15.0205078125 15.0205078125 15.0205078125 15.0205078125 15.0205078125
12.7451171875 12.7451171875 12.7451171875 12.7451171875 12.7451171875 12.7451171875 12.7451171875 12.7451171875 12.7451171875 12.7451171875
13.17578125 13.17578125 13.17578125 13.17578125 13.17578125 13.17578125 13.17578125 13.17578125 13.17578125 13.17578125
14.1171875 14.1171875 14.1171875 14.1171875 14.1171875 14.1171875 14.1171875 14.1171875 14.1171875 14.1171875
14.6484375 14.6484375 14.6484375 14.6484375 14.6484375 14.6484375 14.6484375 14.6484375 14.6484375 14.6484375
14.9677734375 14.9677734375 14.9677734375 14.9677734375 14.9677734375 14.9677734375 14.9677734375 14.9677734375 14.9677734375 14.9677734375
13.875 13.875 13.875 13.875 13.875 13.875 13.875 13.875 13.875 13.875
13.88671875 13.88671875 13.88671875 13.88671875 13.88671875 13.88671875 13.88671875 13.88671875 13.88671875 13.88671875
13.572265625 13.572265625 13.572265625 13.572265625 13.572265625 13.572265625 13.572265625 13.572265625 13.572265625 13.572265625
