12.7255859375 12.7568359375 12.7568359375 12.7802734375 12.7802734375 12.7802734375 12.8115234375 12.8115234375 12.8115234375 12.8115234375
14.2763671875 14.2763671875 14.2763671875 14.2763671875 14.2763671875 14.2763671875 14.2763671875 14.2763671875 14.2763671875 14.2763671875
15.201171875 15.201171875 15.201171875 15.201171875 15.201171875 15.201171875 15.201171875 15.201171875 15.201171875 15.201171875
15.3251953125 15.3251953125 15.3251953125 15.3251953125 15.3251953125 15.3251953125 15.3251953125 15.3251953125 15.3251953125 15.3251953125
16.4365234375 16.4365234375 16.4365234375 16.4365234375 16.4365234375 16.4365234375 16.4365234375 16.4365234375 16.4365234375 16.4365234375
17.5380859375 17.5380859375 17.5380859375 17.5380859375 17.5380859375 17.5380859375 17.5380859375 17.5380859375 17.5380859375 17.5380859375
13.78125 13.78125 13.78125 13.78125 13.78125 13.78125 13.78125 13.78125 13.78125 13.78125
14.46484375 14.46484375 14.46484375 14.46484375 14.46484375 14.46484375 14.46484375 14.46484375 14.46484375 14.46484375
15.43359375 15.43359375 15.43359375 15.43359375 15.43359375 15.43359375 15.43359375 15.43359375 15.43359375 15.43359375
15.9580078125 15.9580078125 15.9580078125 15.9580078125 15.9580078125 15.9580078125 15.9580078125 15.9580078125 15.9580078125 15.9580078125
15.1201171875 15.1201171875 15.1201171875 15.1201171875 15.1201171875 15.1201171875 15.1201171875 15.1201171875 15.1201171875 15.1201171875
16.2216796875 16.2216796875 16.2216796875 16.2216796875 16.2216796875 16.2216796875 16.2216796875 16.2216796875 16.2216796875 16.2216796875
17.2939453125 17.2939453125 17.2939453125 17.2939453125 17.2939453125 17.2939453125 17.2939453125 17.2939453125 17.2939453125 17.2939453125
15.1259765625 15.1259765625 15.1259765625 15.1259765625 15.1259765625 15.1259765625 15.1259765625 15.1259765625 15.1259765625 15.1259765625
16.314453125 16.314453125 16.314453125 16.314453125 16.314453125 16.314453125 16.314453125 16.314453125 16.314453125 16.314453125
17.376953125 17.376953125 17.376953125 17.376953125 17.376953125 17.376953125 17.376953125 17.376953125 17.376953125 17.376953125
17.76953125 17.76953125 17.76953125 17.76953125 17.76953125 17.76953125 17.76953125 17.76953125 17.76953125 17.76953125
14.650390625 14.650390625 14.650390625 14.650390625 14.650390625 14.650390625 14.650390625 14.650390625 14.650390625 14.650390625
15.72265625 15.72265625 15.72265625 15.72265625 15.72265625 15.72265625 15.72265625 15.72265625 15.72265625 15.72265625
16.294921875 16.294921875 16.294921875 16.294921875 16.294921875 16.294921875 16.294921875 16.294921875 16.294921875 16.294921875
15.0810546875 15.0810546875 15.0810546875 15.0810546875 15.0810546875 15.0810546875 15.0810546875 15.0810546875 15.0810546875 15.0810546875
16.1923828125 16.1923828125 16.1923828125 16.1923828125 16.1923828125 16.1923828125 16.1923828125 16.1923828125 16.1923828125 16.1923828125
17.125 17.125 17.125 17.125 17.125 17.125 17.125 17.125 17.125 17.125
17.767578125 17.767578125 17.767578125 17.767578125 17.767578125 17.767578125 17.767578125 17.767578125 17.767578125 17.767578125
15.9677734375 15.9677734375 15.9677734375 15.9677734375 15.9677734375 15.9677734375 15.9677734375 15.9677734375 15.9677734375 15.9677734375
17.0791015625 17.0791015625 17.0791015625 17.0791015625 17.0791015625 17.0791015625 17.0791015625 17.0791015625 17.0791015625 17.0791015625
17.439453125 17.439453125 17.439453125 17.439453125 17.439453125 17.439453125 17.439453125 17.439453125 17.439453125 17.439453125
14.8603515625 14.8603515625 14.8603515625 14.8603515625 14.8603515625 14.8603515625 14.8603515625 14.8603515625 14.8603515625 14.8603515625
15.9716796875 15.9716796875 15.9716796875 15.9716796875 15.9716796875 15.9716796875 15.9716796875 15.9716796875 15.9716796875 15.9716796875
16.453125 16.453125 16.453125 16.453125 16.453125 16.453125 16.453125 16.453125 16.453125 16.453125
14.630859375 14.630859375 14.630859375 14.630859375 14.630859375 14.630859375 14.630859375 14.630859375 14.630859375 14.630859375
15.72265625 15.72265625 15.72265625 15.72265625 15.72265625 15.72265625 15.72265625 15.72265625 15.72265625 15.72265625
15.8330078125 15.8330078125 15.8330078125 15.8330078125 15.8330078125 15.8330078125 15.8330078125 15.8330078125 15.8330078125 15.8330078125
15.052734375 15.052734375 15.052734375 15.052734375 15.052734375 15.052734375 15.052734375 15.052734375 15.052734375 15.052734375
16.1923828125 16.1923828125 16.1923828125 16.1923828125 16.1923828125 16.1923828125 16.1923828125 16.1923828125 16.1923828125 16.1923828125
17.3037109375 17.3037109375 17.3037109375 17.3037109375 17.3037109375 17.3037109375 17.3037109375 17.3037109375 17.3037109375 17.3037109375
17.9208984375 17.9208984375 17.9208984375 17.9208984375 17.9208984375 17.9208984375 17.9208984375 17.9208984375 17.9208984375 17.9208984375
14.9091796875 14.9091796875 14.9091796875 14.9091796875 14.9091796875 14.9091796875 14.9091796875 14.9091796875 14.9091796875 14.9091796875
16.0107421875 16.0107421875 16.0107421875 16.0107421875 16.0107421875 16.0107421875 16.0107421875 16.0107421875 16.0107421875 16.0107421875
16.9072265625 16.9072265625 16.9072265625 16.9072265625 16.9072265625 16.9072265625 16.9072265625 16.9072265625 16.9072265625 16.9072265625
14.9091796875 14.9091796875 14.9091796875 14.9091796875 14.9091796875 14.9091796875 14.9091796875 14.9091796875 14.9091796875 14.9091796875
15.8583984375 15.8583984375 15.8583984375 15.8583984375 15.8583984375 15.8583984375 15.8583984375 15.8583984375 15.8583984375 15.8583984375
16.7548828125 16.7548828125 16.7548828125 16.7548828125 16.7548828125 16.7548828125 16.7548828125 16.7548828125 16.7548828125 16.7548828125
15.1982421875 15.1982421875 15.1982421875 15.1982421875 15.1982421875 15.1982421875 15.1982421875 15.1982421875 15.1982421875 15.1982421875
16.2998046875 16.2998046875 16.2998046875 16.2998046875 16.2998046875 16.2998046875 16.2998046875 16.2998046875 16.2998046875 16.2998046875
16.544921875 16.544921875 16.544921875 16.544921875 16.544921875 16.544921875 16.544921875 16.544921875 16.544921875 16.544921875
15.1494140625 15.1494140625 15.1494140625 15.1494140625 15.1494140625 15.1494140625 15.1494140625 15.1494140625 15.1494140625 15.1494140625
16.2607421875 16.2607421875 16.2607421875 16.2607421875 16.2607421875 16.2607421875 16.2607421875 16.2607421875 16.2607421875 16.2607421875
17.01171875 17.01171875 17.01171875 17.01171875 17.01171875 17.01171875 17.01171875 17.01171875 17.01171875 17.01171875
14.978515625 14.978515625 14.978515625 14.978515625 14.978515625 14.978515625 14.978515625 14.978515625 14.978515625 14.978515625
16.05078125 16.05078125 16.05078125 16.05078125 16.05078125 16.05078125 16.05078125 16.05078125 16.05078125 16.05078125
16.3564453125 16.3564453125 16.3564453125 16.3564453125 16.3564453125 16.3564453125 16.3564453125 16.3564453125 16.3564453125 16.3564453125
15.052734375 15.052734375 15.052734375 15.052734375 15.052734375 15.052734375 15.052734375 15.052734375 15.052734375 15.052734375
16.1923828125 16.1923828125 16.1923828125 16.1923828125 16.1923828125 16.1923828125 16.1923828125 16.1923828125 16.1923828125 16.1923828125
17.3037109375 17.3037109375 17.3037109375 17.3037109375 17.3037109375 17.3037109375 17.3037109375 17.3037109375 17.3037109375 17.3037109375
17.89453125 17.89453125 17.89453125 17.89453125 17.89453125 17.89453125 17.89453125 17.89453125 17.89453125 17.89453125
14.689453125 14.689453125 14.689453125 14.689453125 14.689453125 14.689453125 14.689453125 14.689453125 14.689453125 14.689453125
15.76171875 15.76171875 15.76171875 15.76171875 15.76171875 15.76171875 15.76171875 15.76171875 15.76171875 15.76171875
16.3330078125 16.3330078125 16.3330078125 16.3330078125 16.3330078125 16.3330078125 16.3330078125 16.3330078125 16.3330078125 16.3330078125
15.1298828125 15.1298828125 15.1298828125 15.1298828125 15.1298828125 15.1298828125 15.1298828125 15.1298828125 15.1298828125 15.1298828125
16.2314453125 16.2314453125 16.2314453125 16.2314453125 16.2314453125 16.2314453125 16.2314453125 16.2314453125 16.2314453125 16.2314453125
16.845703125 16.845703125 16.845703125 16.845703125 16.845703125 16.845703125 16.845703125 16.845703125 16.845703125 16.845703125
15.0869140625 15.0869140625 15.0869140625 15.0869140625 15.0869140625 15.0869140625 15.0869140625 15.0869140625 15.0869140625 15.0869140625
16.275390625 16.275390625 16.275390625 16.275390625 16.275390625 16.275390625 16.275390625 16.275390625 16.275390625 16.275390625
17.337890625 17.337890625 17.337890625 17.337890625 17.337890625 17.337890625 17.337890625 17.337890625 17.337890625 17.337890625
18.0439453125 18.0439453125 18.0439453125 18.0439453125 18.0439453125 18.0439453125 18.0439453125 18.0439453125 18.0439453125 18.0439453125
14.8701171875 14.8701171875 14.8701171875 14.8701171875 14.8701171875 14.8701171875 14.8701171875 14.8701171875 14.8701171875 14.8701171875
15.9716796875 15.9716796875 15.9716796875 15.9716796875 15.9716796875 15.9716796875 15.9716796875 15.9716796875 15.9716796875 15.9716796875
16.1015625 16.1015625 16.1015625 16.1015625 16.1015625 16.1015625 16.1015625 16.1015625 16.1015625 16.1015625
14.6494140625 14.6494140625 14.6494140625 14.6494140625 14.6494140625 14.6494140625 14.6494140625 14.6494140625 14.6494140625 14.6494140625
15.7802734375 15.7802734375 15.7802734375 15.7802734375 15.7802734375 15.7802734375 15.7802734375 15.7802734375 15.7802734375 15.7802734375
16.36328125 16.36328125 16.36328125 16.36328125 16.36328125 16.36328125 16.36328125 16.36328125 16.36328125 16.36328125
15.0869140625 15.0869140625 15.0869140625 15.0869140625 15.0869140625 15.0869140625 15.0869140625 15.0869140625 15.0869140625 15.0869140625
16.275390625 16.275390625 16.275390625 16.275390625 16.275390625 16.275390625 16.275390625 16.275390625 16.275390625 16.275390625
17.337890625 17.337890625 17.337890625 17.337890625 17.337890625 17.337890625 17.337890625 17.337890625 17.337890625 17.337890625
17.7548828125 17.7548828125 17.7548828125 17.7548828125 17.7548828125 17.7548828125 17.7548828125 17.7548828125 17.7548828125 17.7548828125
14.8701171875 14.8701171875 14.8701171875 14.8701171875 14.8701171875 14.8701171875 14.8701171875 14.8701171875 14.8701171875 14.8701171875
15.9716796875 15.9716796875 15.9716796875 15.9716796875 15.9716796875 15.9716796875 15.9716796875 15.9716796875 15.9716796875 15.9716796875
16.125 16.125 16.125 16.125 16.125 16.125 16.125 16.125 16.125 16.125
14.36328125 14.36328125 14.36328125 14.36328125 14.36328125 14.36328125 14.36328125 14.36328125 14.36328125 14.36328125
15.33203125 15.33203125 15.33203125 15.33203125 15.33203125 15.33203125 15.33203125 15.33203125 15.33203125 15.33203125
16.2333984375 16.2333984375 16.2333984375 16.2333984375 16.2333984375 16.2333984375 16.2333984375 16.2333984375 16.2333984375 16.2333984375
16.2412109375 16.2412109375 16.2412109375 16.2412109375 16.2412109375 16.2412109375 16.2412109375 16.2412109375 16.2412109375 16.2412109375
14.8896484375 14.8896484375 14.8896484375 14.8896484375 14.8896484375 14.8896484375 14.8896484375 14.8896484375 14.8896484375 14.8896484375
15.9912109375 15.9912109375 15.9912109375 15.9912109375 15.9912109375 15.9912109375 15.9912109375 15.9912109375 15.9912109375 15.9912109375
16.3974609375 16.3974609375 16.3974609375 16.3974609375 16.3974609375 16.3974609375 16.3974609375 16.3974609375 16.3974609375 16.3974609375
14.9091796875 14.9091796875 14.9091796875 14.9091796875 14.9091796875 14.9091796875 14.9091796875 14.9091796875 14.9091796875 14.9091796875
16.0107421875 16.0107421875 16.0107421875 16.0107421875 16.0107421875 16.0107421875 16.0107421875 16.0107421875 16.0107421875 16.0107421875
16.5791015625 16.5791015625 16.5791015625 16.5791015625 16.5791015625 16.5791015625 16.5791015625 16.5791015625 16.5791015625 16.5791015625
14.9091796875 14.9091796875 14.9091796875 14.9091796875 14.9091796875 14.9091796875 14.9091796875 14.9091796875 14.9091796875 14.9091796875
15.8583984375 15.8583984375 15.8583984375 15.8583984375 15.8583984375 15.8583984375 15.8583984375 15.8583984375 15.8583984375 15.8583984375
16.7548828125 16.7548828125 16.7548828125 16.7548828125 16.7548828125 16.7548828125 16.7548828125 16.7548828125 16.7548828125 16.7548828125
15.1982421875 15.1982421875 15.1982421875 15.1982421875 15.1982421875 15.1982421875 15.1982421875 15.1982421875 15.1982421875 15.1982421875
16.2998046875 16.2998046875 16.2998046875 16.2998046875 16.2998046875 16.2998046875 16.2998046875 16.2998046875 16.2998046875 16.2998046875
16.544921875 16.544921875 16.544921875 16.544921875 16.544921875 16.544921875 16.544921875 16.544921875 16.544921875 16.544921875
15.1494140625 15.1494140625 15.1494140625 15.1494140625 15.1494140625 15.1494140625 15.1494140625 15.1494140625 15.1494140625 15.1494140625
16.2607421875 16.2607421875 16.2607421875 16.2607421875 16.2607421875 16.2607421875 16.2607421875 16.2607421875 16.2607421875 16.2607421875
17.01171875 17.01171875 17.01171875 17.01171875 17.01171875 17.01171875 17.01171875 17.01171875 17.01171875 17.01171875
14.978515625 14.978515625 14.978515625 14.978515625 14.978515625 14.978515625 14.978515625 14.978515625 14.978515625 14.978515625
16.05078125 16.05078125 16.05078125 16.05078125 16.05078125 16.05078125 16.05078125 16.05078125 16.05078125 16.05078125
16.3564453125 16.3564453125 16.3564453125 16.3564453125 16.3564453125 16.3564453125 16.3564453125 16.3564453125 16.3564453125 16.3564453125
15.052734375 15.052734375 15.052734375 15.052734375 15.052734375 15.052734375 15.052734375 15.052734375 15.052734375 15.052734375
16.1923828125 16.1923828125 16.1923828125 16.1923828125 16.1923828125 16.1923828125 16.1923828125 16.1923828125 16.1923828125 16.1923828125
17.3037109375 17.3037109375 17.3037109375 17.3037109375 17.3037109375 17.3037109375 17.3037109375 17.3037109375 17.3037109375 17.3037109375
17.89453125 17.89453125 17.89453125 17.89453125 17.89453125 17.89453125 17.89453125 17.89453125 17.89453125 17.89453125
14.689453125 14.689453125 14.689453125 14.689453125 14.689453125 14.689453125 14.689453125 14.689453125 14.689453125 14.689453125
15.76171875 15.76171875 15.76171875 15.76171875 15.76171875 15.76171875 15.76171875 15.76171875 15.76171875 15.76171875
16.3330078125 16.3330078125 16.3330078125 16.3330078125 16.3330078125 16.3330078125 16.3330078125 16.3330078125 16.3330078125 16.3330078125
15.1298828125 15.1298828125 15.1298828125 15.1298828125 15.1298828125 15.1298828125 15.1298828125 15.1298828125 15.1298828125 15.1298828125
16.2314453125 16.2314453125 16.2314453125 16.2314453125 16.2314453125 16.2314453125 16.2314453125 16.2314453125 16.2314453125 16.2314453125
16.845703125 16.845703125 16.845703125 16.845703125 16.845703125 16.845703125 16.845703125 16.845703125 16.845703125 16.845703125
15.0869140625 15.0869140625 15.0869140625 15.0869140625 15.0869140625 15.0869140625 15.0869140625 15.0869140625 15.0869140625 15.0869140625
16.275390625 16.275390625 16.275390625 16.275390625 16.275390625 16.275390625 16.275390625 16.275390625 16.275390625 16.275390625
17.337890625 17.337890625 17.337890625 17.337890625 17.337890625 17.337890625 17.337890625 17.337890625 17.337890625 17.337890625
18.0439453125 18.0439453125 18.0439453125 18.0439453125 18.0439453125 18.0439453125 18.0439453125 18.0439453125 18.0439453125 18.0439453125
14.8701171875 14.8701171875 14.8701171875 14.8701171875 14.8701171875 14.8701171875 14.8701171875 14.8701171875 14.8701171875 14.8701171875
15.9716796875 15.9716796875 15.9716796875 15.9716796875 15.9716796875 15.9716796875 15.9716796875 15.9716796875 15.9716796875 15.9716796875
16.1015625 16.1015625 16.1015625 16.1015625 16.1015625 16.1015625 16.1015625 16.1015625 16.1015625 16.1015625
14.6494140625 14.6494140625 14.6494140625 14.6494140625 14.6494140625 14.6494140625 14.6494140625 14.6494140625 14.6494140625 14.6494140625
15.7802734375 15.7802734375 15.7802734375 15.7802734375 15.7802734375 15.7802734375 15.7802734375 15.7802734375 15.7802734375 15.7802734375
16.36328125 16.36328125 16.36328125 16.36328125 16.36328125 16.36328125 16.36328125 16.36328125 16.36328125 16.36328125
15.0869140625 15.0869140625 15.0869140625 15.0869140625 15.0869140625 15.0869140625 15.0869140625 15.0869140625 15.0869140625 15.0869140625
16.275390625 16.275390625 16.275390625 16.275390625 16.275390625 16.275390625 16.275390625 16.275390625 16.275390625 16.275390625
17.337890625 17.337890625 17.337890625 17.337890625 17.337890625 17.337890625 17.337890625 17.337890625 17.337890625 17.337890625
17.7548828125 17.7548828125 17.7548828125 17.7548828125 17.7548828125 17.7548828125 17.7548828125 17.7548828125 17.7548828125 17.7548828125
14.8701171875 14.8701171875 14.8701171875 14.8701171875 14.8701171875 14.8701171875 14.8701171875 14.8701171875 14.8701171875 14.8701171875
15.9716796875 15.9716796875 15.9716796875 15.9716796875 15.9716796875 15.9716796875 15.9716796875 15.9716796875 15.9716796875 15.9716796875
16.125 16.125 16.125 16.125 16.125 16.125 16.125 16.125 16.125 16.125
14.36328125 14.36328125 14.36328125 14.36328125 14.36328125 14.36328125 14.36328125 14.36328125 14.36328125 14.36328125
15.33203125 15.33203125 15.33203125 15.33203125 15.33203125 15.33203125 15.33203125 15.33203125 15.33203125 15.33203125
16.2333984375 16.2333984375 16.2333984375 16.2333984375 16.2333984375 16.2333984375 16.2333984375 16.2333984375 16.2333984375 16.2333984375
16.2412109375 16.2412109375 16.2412109375 16.2412109375 16.2412109375 16.2412109375 16.2412109375 16.2412109375 16.2412109375 16.2412109375
14.8896484375 14.8896484375 14.8896484375 14.8896484375 14.8896484375 14.8896484375 14.8896484375 14.8896484375 14.8896484375 14.8896484375
15.9912109375 15.9912109375 15.9912109375 15.9912109375 15.9912109375 15.9912109375 15.9912109375 15.9912109375 15.9912109375 15.9912109375
16.3974609375 16.3974609375 16.3974609375 16.3974609375 16.3974609375 16.3974609375 16.3974609375 16.3974609375 16.3974609375 16.3974609375
14.9091796875 14.9091796875 14.9091796875 14.9091796875 14.9091796875 14.9091796875 14.9091796875 14.9091796875 14.9091796875 14.9091796875
16.0107421875 16.0107421875 16.0107421875 16.0107421875 16.0107421875 16.0107421875 16.0107421875 16.0107421875 16.0107421875 16.0107421875
16.5791015625 16.5791015625 16.5791015625 16.5791015625 16.5791015625 16.5791015625 16.5791015625 16.5791015625 16.5791015625 16.5791015625
14.9091796875 14.9091796875 14.9091796875 14.9091796875 14.9091796875 14.9091796875 14.9091796875 14.9091796875 14.9091796875 14.9091796875
15.8583984375 15.8583984375 15.8583984375 15.8583984375 15.8583984375 15.8583984375 15.8583984375 15.8583984375 15.8583984375 15.8583984375
16.7548828125 16.7548828125 16.7548828125 16.7548828125 16.7548828125 16.7548828125 16.7548828125 16.7548828125 16.7548828125 16.7548828125
15.1982421875 15.1982421875 15.1982421875 15.1982421875 15.1982421875 15.1982421875 15.1982421875 15.1982421875 15.1982421875 15.1982421875
16.2998046875 16.2998046875 16.2998046875 16.2998046875 16.2998046875 16.2998046875 16.2998046875 16.2998046875 16.2998046875 16.2998046875
16.544921875 16.544921875 16.544921875 16.544921875 16.544921875 16.544921875 16.544921875 16.544921875 16.544921875 16.544921875
15.1494140625 15.1494140625 15.1494140625 15.1494140625 15.1494140625 15.1494140625 15.1494140625 15.1494140625 15.1494140625 15.1494140625
16.2607421875 16.2607421875 16.2607421875 16.2607421875 16.2607421875 16.2607421875 16.2607421875 16.2607421875 16.2607421875 16.2607421875
17.01171875 17.01171875 17.01171875 17.01171875 17.01171875 17.01171875 17.01171875 17.01171875 17.01171875 17.01171875
14.978515625 14.978515625 14.978515625 14.978515625 14.978515625 14.978515625 14.978515625 14.978515625 14.978515625 14.978515625
16.05078125 16.05078125 16.05078125 16.05078125 16.05078125 16.05078125 16.05078125 16.05078125 16.05078125 16.05078125
16.3564453125 16.3564453125 16.3564453125 16.3564453125 16.3564453125 16.3564453125 16.3564453125 16.3564453125 16.3564453125 16.3564453125
15.052734375 15.052734375 15.052734375 15.052734375 15.052734375 15.052734375 15.052734375 15.052734375 15.052734375 15.052734375
16.1923828125 16.1923828125 16.1923828125 16.1923828125 16.1923828125 16.1923828125 16.1923828125 16.1923828125 16.1923828125 16.1923828125
17.3037109375 17.3037109375 17.3037109375 17.3037109375 17.3037109375 17.3037109375 17.3037109375 17.3037109375 17.3037109375 17.3037109375
17.89453125 17.89453125 17.89453125 17.89453125 17.89453125 17.89453125 17.89453125 17.89453125 17.89453125 17.89453125
14.689453125 14.689453125 14.689453125 14.689453125 14.689453125 14.689453125 14.689453125 14.689453125 14.689453125 14.689453125
15.76171875 15.76171875 15.76171875 15.76171875 15.76171875 15.76171875 15.76171875 15.76171875 15.76171875 15.76171875
16.3330078125 16.3330078125 16.3330078125 16.3330078125 16.3330078125 16.3330078125 16.3330078125 16.3330078125 16.3330078125 16.3330078125
15.1298828125 15.1298828125 15.1298828125 15.1298828125 15.1298828125 15.1298828125 15.1298828125 15.1298828125 15.1298828125 15.1298828125
16.2314453125 16.2314453125 16.2314453125 16.2314453125 16.2314453125 16.2314453125 16.2314453125 16.2314453125 16.2314453125 16.2314453125
16.845703125 16.845703125 16.845703125 16.845703125 16.845703125 16.845703125 16.845703125 16.845703125 16.845703125 16.845703125
15.0869140625 15.0869140625 15.0869140625 15.0869140625 15.0869140625 15.0869140625 15.0869140625 15.0869140625 15.0869140625 15.0869140625
16.275390625 16.275390625 16.275390625 16.275390625 16.275390625 16.275390625 16.275390625 16.275390625 16.275390625 16.275390625
17.337890625 17.337890625 17.337890625 17.337890625 17.337890625 17.337890625 17.337890625 17.337890625 17.337890625 17.337890625
18.0439453125 18.0439453125 18.0439453125 18.0439453125 18.0439453125 18.0439453125 18.0439453125 18.0439453125 18.0439453125 18.0439453125
14.8701171875 14.8701171875 14.8701171875 14.8701171875 14.8701171875 14.8701171875 14.8701171875 14.8701171875 14.8701171875 14.8701171875
15.9716796875 15.9716796875 15.9716796875 15.9716796875 15.9716796875 15.9716796875 15.9716796875 15.9716796875 15.9716796875 15.9716796875
16.1015625 16.1015625 16.1015625 16.1015625 16.1015625 16.1015625 16.1015625 16.1015625 16.1015625 16.1015625
14.6494140625 14.6494140625 14.6494140625 14.6494140625 14.6494140625 14.6494140625 14.6494140625 14.6494140625 14.6494140625 14.6494140625
15.7802734375 15.7802734375 15.7802734375 15.7802734375 15.7802734375 15.7802734375 15.7802734375 15.7802734375 15.7802734375 15.7802734375
16.36328125 16.36328125 16.36328125 16.36328125 16.36328125 16.36328125 16.36328125 16.36328125 16.36328125 16.36328125
15.0869140625 15.0869140625 15.0869140625 15.0869140625 15.0869140625 15.0869140625 15.0869140625 15.0869140625 15.0869140625 15.0869140625
16.275390625 16.275390625 16.275390625 16.275390625 16.275390625 16.275390625 16.275390625 16.275390625 16.275390625 16.275390625
17.337890625 17.337890625 17.337890625 17.337890625 17.337890625 17.337890625 17.337890625 17.337890625 17.337890625 17.337890625
17.7548828125 17.7548828125 17.7548828125 17.7548828125 17.7548828125 17.7548828125 17.7548828125 17.7548828125 17.7548828125 17.7548828125
14.8701171875 14.8701171875 14.8701171875 14.8701171875 14.8701171875 14.8701171875 14.8701171875 14.8701171875 14.8701171875 14.8701171875
15.9716796875 15.9716796875 15.9716796875 15.9716796875 15.9716796875 15.9716796875 15.9716796875 15.9716796875 15.9716796875 15.9716796875
16.125 16.125 16.125 16.125 16.125 16.125 16.125 16.125 16.125 16.125
14.36328125 14.36328125 14.36328125 14.36328125 14.36328125 14.36328125 14.36328125 14.36328125 14.36328125 14.36328125
15.33203125 15.33203125 15.33203125 15.33203125 15.33203125 15.33203125 15.33203125 15.33203125 15.33203125 15.33203125
16.2333984375 16.2333984375 16.2333984375 16.2333984375 16.2333984375 16.2333984375 16.2333984375 16.2333984375 16.2333984375 16.2333984375
16.2412109375 16.2412109375 16.2412109375 16.2412109375 16.2412109375 16.2412109375 16.2412109375 16.2412109375 16.2412109375 16.2412109375
14.8896484375 14.8896484375 14.8896484375 14.8896484375 14.8896484375 14.8896484375 14.8896484375 14.8896484375 14.8896484375 14.8896484375
15.9912109375 15.9912109375 15.9912109375 15.9912109375 15.9912109375 15.9912109375 15.9912109375 15.9912109375 15.9912109375 15.9912109375
16.3974609375 16.3974609375 16.3974609375 16.3974609375 16.3974609375 16.3974609375 16.3974609375 16.3974609375 16.3974609375 16.3974609375
14.9091796875 14.9091796875 14.9091796875 14.9091796875 14.9091796875 14.9091796875 14.9091796875 14.9091796875 14.9091796875 14.9091796875
16.0107421875 16.0107421875 16.0107421875 16.0107421875 16.0107421875 16.0107421875 16.0107421875 16.0107421875 16.0107421875 16.0107421875
16.5791015625 16.5791015625 16.5791015625 16.5791015625 16.5791015625 16.5791015625 16.5791015625 16.5791015625 16.5791015625 16.5791015625
14.9091796875 14.9091796875 14.9091796875 14.9091796875 14.9091796875 14.9091796875 14.9091796875 14.9091796875 14.9091796875 14.9091796875
15.8583984375 15.8583984375 15.8583984375 15.8583984375 15.8583984375 15.8583984375 15.8583984375 15.8583984375 15.8583984375 15.8583984375
16.7548828125 16.7548828125 16.7548828125 16.7548828125 16.7548828125 16.7548828125 16.7548828125 16.7548828125 16.7548828125 16.7548828125
15.1982421875 15.1982421875 15.1982421875 15.1982421875 15.1982421875 15.1982421875 15.1982421875 15.1982421875 15.1982421875 15.1982421875
16.2998046875 16.2998046875 16.2998046875 16.2998046875 16.2998046875 16.2998046875 16.2998046875 16.2998046875 16.2998046875 16.2998046875
16.544921875 16.544921875 16.544921875 16.544921875 16.544921875 16.544921875 16.544921875 16.544921875 16.544921875 16.544921875
15.1494140625 15.1494140625 15.1494140625 15.1494140625 15.1494140625 15.1494140625 15.1494140625 15.1494140625 15.1494140625 15.1494140625
16.2607421875 16.2607421875 16.2607421875 16.2607421875 16.2607421875 16.2607421875 16.2607421875 16.2607421875 16.2607421875 16.2607421875
17.01171875 17.01171875 17.01171875 17.01171875 17.01171875 17.01171875 17.01171875 17.01171875 17.01171875 17.01171875
14.978515625 14.978515625 14.978515625 14.978515625 14.978515625 14.978515625 14.978515625 14.978515625 14.978515625 14.978515625
16.05078125 16.05078125 16.05078125 16.05078125 16.05078125 16.05078125 16.05078125 16.05078125 16.05078125 16.05078125
16.3564453125 16.3564453125 16.3564453125 16.3564453125 16.3564453125 16.3564453125 16.3564453125 16.3564453125 16.3564453125 16.3564453125
15.052734375 15.052734375 15.052734375 15.052734375 15.052734375 15.052734375 15.052734375 15.052734375 15.052734375 15.052734375
16.1923828125 16.1923828125 16.1923828125 16.1923828125 16.1923828125 16.1923828125 16.1923828125 16.1923828125 16.1923828125 16.1923828125
17.3037109375 17.3037109375 17.3037109375 17.3037109375 17.3037109375 17.3037109375 17.3037109375 17.3037109375 17.3037109375 17.3037109375
17.89453125 17.89453125 17.89453125 17.89453125 17.89453125 17.89453125 17.89453125 17.89453125 17.89453125 17.89453125
14.689453125 14.689453125 14.689453125 14.689453125 14.689453125 14.689453125 14.689453125 14.689453125 14.689453125 14.689453125
15.76171875 15.76171875 15.76171875 15.76171875 15.76171875 15.76171875 15.76171875 15.76171875 15.76171875 15.76171875
16.3330078125 16.3330078125 16.3330078125 16.3330078125 16.3330078125 16.3330078125 16.3330078125 16.3330078125 16.3330078125 16.3330078125
15.1298828125 15.1298828125 15.1298828125 15.1298828125 15.1298828125 15.1298828125 15.1298828125 15.1298828125 15.1298828125 15.1298828125
16.2314453125 16.2314453125 16.2314453125 16.2314453125 16.2314453125 16.2314453125 16.2314453125 16.2314453125 16.2314453125 16.2314453125
16.845703125 16.845703125 16.845703125 16.845703125 16.845703125 16.845703125 16.845703125 16.845703125 16.845703125 16.845703125
15.0869140625 15.0869140625 15.0869140625 15.0869140625 15.0869140625 15.0869140625 15.0869140625 15.0869140625 15.0869140625 15.0869140625
16.275390625 16.275390625 16.275390625 16.275390625 16.275390625 16.275390625 16.275390625 16.275390625 16.275390625 16.275390625
17.337890625 17.337890625 17.337890625 17.337890625 17.337890625 17.337890625 17.337890625 17.337890625 17.337890625 17.337890625
18.0439453125 18.0439453125 18.0439453125 18.0439453125 18.0439453125 18.0439453125 18.0439453125 18.0439453125 18.0439453125 18.0439453125
14.8701171875 14.8701171875 14.8701171875 14.8701171875 14.8701171875 14.8701171875 14.8701171875 14.8701171875 14.8701171875 14.8701171875
15.9716796875 15.9716796875 15.9716796875 15.9716796875 15.9716796875 15.9716796875 15.9716796875 15.9716796875 15.9716796875 15.9716796875
16.1015625 16.1015625 16.1015625 16.1015625 16.1015625 16.1015625 16.1015625 16.1015625 16.1015625 16.1015625
14.6494140625 14.6494140625 14.6494140625 14.6494140625 14.6494140625 14.6494140625 14.6494140625 14.6494140625 14.6494140625 14.6494140625
15.7802734375 15.7802734375 15.7802734375 15.7802734375 15.7802734375 15.7802734375 15.7802734375 15.7802734375 15.7802734375 15.7802734375
16.36328125 16.36328125 16.36328125 16.36328125 16.36328125 16.36328125 16.36328125 16.36328125 16.36328125 16.36328125
15.0869140625 15.0869140625 15.0869140625 15.0869140625 15.0869140625 15.0869140625 15.0869140625 15.0869140625 15.0869140625 15.0869140625
16.275390625 16.275390625 16.275390625 16.275390625 16.275390625 16.275390625 16.275390625 16.275390625 16.275390625 16.275390625
17.337890625 17.337890625 17.337890625 17.337890625 17.337890625 17.337890625 17.337890625 17.337890625 17.337890625 17.337890625
17.7548828125 17.7548828125 17.7548828125 17.7548828125 17.7548828125 17.7548828125 17.7548828125 17.7548828125 17.7548828125 17.7548828125
14.8701171875 14.8701171875 14.8701171875 14.8701171875 14.8701171875 14.8701171875 14.8701171875 14.8701171875 14.8701171875 14.8701171875
15.9716796875 15.9716796875 15.9716796875 15.9716796875 15.9716796875 15.9716796875 15.9716796875 15.9716796875 15.9716796875 15.9716796875
16.125 16.125 16.125 16.125 16.125 16.125 16.125 16.125 16.125 16.125
14.36328125 14.36328125 14.36328125 14.36328125 14.36328125 14.36328125 14.36328125 14.36328125 14.36328125 14.36328125
15.33203125 15.33203125 15.33203125 15.33203125 15.33203125 15.33203125 15.33203125 15.33203125 15.33203125 15.33203125
16.2333984375 16.2333984375 16.2333984375 16.2333984375 16.2333984375 16.2333984375 16.2333984375 16.2333984375 16.2333984375 16.2333984375
16.2412109375 16.2412109375 16.2412109375 16.2412109375 16.2412109375 16.2412109375 16.2412109375 16.2412109375 16.2412109375 16.2412109375
14.8896484375 14.8896484375 14.8896484375 14.8896484375 14.8896484375 14.8896484375 14.8896484375 14.8896484375 14.8896484375 14.8896484375
15.9912109375 15.9912109375 15.9912109375 15.9912109375 15.9912109375 15.9912109375 15.9912109375 15.9912109375 15.9912109375 15.9912109375
16.3974609375 16.3974609375 16.3974609375 16.3974609375 16.3974609375 16.3974609375 16.3974609375 16.3974609375 16.3974609375 16.3974609375
14.9091796875 14.9091796875 14.9091796875 14.9091796875 14.9091796875 14.9091796875 14.9091796875 14.9091796875 14.9091796875 14.9091796875
16.0107421875 16.0107421875 16.0107421875 16.0107421875 16.0107421875 16.0107421875 16.0107421875 16.0107421875 16.0107421875 16.0107421875
16.5791015625 16.5791015625 16.5791015625 16.5791015625 16.5791015625 16.5791015625 16.5791015625 16.5791015625 16.5791015625 16.5791015625
14.9091796875 14.9091796875 14.9091796875 14.9091796875 14.9091796875 14.9091796875 14.9091796875 14.9091796875 14.9091796875 14.9091796875
15.8583984375 15.8583984375 15.8583984375 15.8583984375 15.8583984375 15.8583984375 15.8583984375 15.8583984375 15.8583984375 15.8583984375
16.7548828125 16.7548828125 16.7548828125 16.7548828125 16.7548828125 16.7548828125 16.7548828125 16.7548828125 16.7548828125 16.7548828125
15.1982421875 15.1982421875 15.1982421875 15.1982421875 15.1982421875 15.1982421875 15.1982421875 15.1982421875 15.1982421875 15.1982421875
16.2998046875 16.2998046875 16.2998046875 16.2998046875 16.2998046875 16.2998046875 16.2998046875 16.2998046875 16.2998046875 16.2998046875
16.544921875 16.544921875 16.544921875 16.544921875 16.544921875 16.544921875 16.544921875 16.544921875 16.544921875 16.544921875
15.1494140625 15.1494140625 15.1494140625 15.1494140625 15.1494140625 15.1494140625 15.1494140625 15.1494140625 15.1494140625 15.1494140625
16.2607421875 16.2607421875 16.2607421875 16.2607421875 16.2607421875 16.2607421875 16.2607421875 16.2607421875 16.2607421875 16.2607421875
17.01171875 17.01171875 17.01171875 17.01171875 17.01171875 17.01171875 17.01171875 17.01171875 17.01171875 17.01171875
14.978515625 14.978515625 14.978515625 14.978515625 14.978515625 14.978515625 14.978515625 14.978515625 14.978515625 14.978515625
16.05078125 16.05078125 16.05078125 16.05078125 16.05078125 16.05078125 16.05078125 16.05078125 16.05078125 16.05078125
16.3564453125 16.3564453125 16.3564453125 16.3564453125 16.3564453125 16.3564453125 16.3564453125 16.3564453125 16.3564453125 16.3564453125
15.052734375 15.052734375 15.052734375 15.052734375 15.052734375 15.052734375 15.052734375 15.052734375 15.052734375 15.052734375
16.1923828125 16.1923828125 16.1923828125 16.1923828125 16.1923828125 16.1923828125 16.1923828125 16.1923828125 16.1923828125 16.1923828125
17.3037109375 17.3037109375 17.3037109375 17.3037109375 17.3037109375 17.3037109375 17.3037109375 17.3037109375 17.3037109375 17.3037109375
17.89453125 17.89453125 17.89453125 17.89453125 17.89453125 17.89453125 17.89453125 17.89453125 17.89453125 17.89453125
14.689453125 14.689453125 14.689453125 14.689453125 14.689453125 14.689453125 14.689453125 14.689453125 14.689453125 14.689453125
15.76171875 15.76171875 15.76171875 15.76171875 15.76171875 15.76171875 15.76171875 15.76171875 15.76171875 15.76171875
16.3330078125 16.3330078125 16.3330078125 16.3330078125 16.3330078125 16.3330078125 16.3330078125 16.3330078125 16.3330078125 16.3330078125
15.1298828125 15.1298828125 15.1298828125 15.1298828125 15.1298828125 15.1298828125 15.1298828125 15.1298828125 15.1298828125 15.1298828125
16.2314453125 16.2314453125 16.2314453125 16.2314453125 16.2314453125 16.2314453125 16.2314453125 16.2314453125 16.2314453125 16.2314453125
16.845703125 16.845703125 16.845703125 16.845703125 16.845703125 16.845703125 16.845703125 16.845703125 16.845703125 16.845703125
15.0869140625 15.0869140625 15.0869140625 15.0869140625 15.0869140625 15.0869140625 15.0869140625 15.0869140625 15.0869140625 15.0869140625
16.275390625 16.275390625 16.275390625 16.275390625 16.275390625 16.275390625 16.275390625 16.275390625 16.275390625 16.275390625
17.337890625 17.337890625 17.337890625 17.337890625 17.337890625 17.337890625 17.337890625 17.337890625 17.337890625 17.337890625
18.0439453125 18.0439453125 18.0439453125 18.0439453125 18.0439453125 18.0439453125 18.0439453125 18.0439453125 18.0439453125 18.0439453125
14.8701171875 14.8701171875 14.8701171875 14.8701171875 14.8701171875 14.8701171875 14.8701171875 14.8701171875 14.8701171875 14.8701171875
15.9716796875 15.9716796875 15.9716796875 15.9716796875 15.9716796875 15.9716796875 15.9716796875 15.9716796875 15.9716796875 15.9716796875
16.1015625 16.1015625 16.1015625 16.1015625 16.1015625 16.1015625 16.1015625 16.1015625 16.1015625 16.1015625
14.6494140625 14.6494140625 14.6494140625 14.6494140625 14.6494140625 14.6494140625 14.6494140625 14.6494140625 14.6494140625 14.6494140625
15.7802734375 15.7802734375 15.7802734375 15.7802734375 15.7802734375 15.7802734375 15.7802734375 15.7802734375 15.7802734375 15.7802734375
16.36328125 16.36328125 16.36328125 16.36328125 16.36328125 16.36328125 16.36328125 16.36328125 16.36328125 16.36328125
15.0869140625 15.0869140625 15.0869140625 15.0869140625 15.0869140625 15.0869140625 15.0869140625 15.0869140625 15.0869140625 15.0869140625
16.275390625 16.275390625 16.275390625 16.275390625 16.275390625 16.275390625 16.275390625 16.275390625 16.275390625 16.275390625
17.337890625 17.337890625 17.337890625 17.337890625 17.337890625 17.337890625 17.337890625 17.337890625 17.337890625 17.337890625
17.7548828125 17.7548828125 17.7548828125 17.7548828125 17.7548828125 17.7548828125 17.7548828125 17.7548828125 17.7548828125 17.7548828125
14.8701171875 14.8701171875 14.8701171875 14.8701171875 14.8701171875 14.8701171875 14.8701171875 14.8701171875 14.8701171875 14.8701171875
15.9716796875 15.9716796875 15.9716796875 15.9716796875 15.9716796875 15.9716796875 15.9716796875 15.9716796875 15.9716796875 15.9716796875
16.125 16.125 16.125 16.125 16.125 16.125 16.125 16.125 16.125 16.125
14.36328125 14.36328125 14.36328125 14.36328125 14.36328125 14.36328125 14.36328125 14.36328125 14.36328125 14.36328125
15.33203125 15.33203125 15.33203125 15.33203125 15.33203125 15.33203125 15.33203125 15.33203125 15.33203125 15.33203125
16.2333984375 16.2333984375 16.2333984375 16.2333984375 16.2333984375 16.2333984375 16.2333984375 16.2333984375 16.2333984375 16.2333984375
16.2412109375 16.2412109375 16.2412109375 16.2412109375 16.2412109375 16.2412109375 16.2412109375 16.2412109375 16.2412109375 16.2412109375
14.8896484375 14.8896484375 14.8896484375 14.8896484375 14.8896484375 14.8896484375 14.8896484375 14.8896484375 14.8896484375 14.8896484375
15.9912109375 15.9912109375 15.9912109375 15.9912109375 15.9912109375 15.9912109375 15.9912109375 15.9912109375 15.9912109375 15.9912109375
16.3974609375 16.3974609375 16.3974609375 16.3974609375 16.3974609375 16.3974609375 16.3974609375 16.3974609375 16.3974609375 16.3974609375
14.9091796875 14.9091796875 14.9091796875 14.9091796875 14.9091796875 14.9091796875 14.9091796875 14.9091796875 14.9091796875 14.9091796875
16.0107421875 16.0107421875 16.0107421875 16.0107421875 16.0107421875 16.0107421875 16.0107421875 16.0107421875 16.0107421875 16.0107421875
16.5791015625 16.5791015625 16.5791015625 16.5791015625 16.5791015625 16.5791015625 16.5791015625 16.5791015625 16.5791015625 16.5791015625
14.9091796875 14.9091796875 14.9091796875 14.9091796875 14.9091796875 14.9091796875 14.9091796875 14.9091796875 14.9091796875 14.9091796875
15.8583984375 15.8583984375 15.8583984375 15.8583984375 15.8583984375 15.8583984375 15.8583984375 15.8583984375 15.8583984375 15.8583984375
16.7548828125 16.7548828125 16.7548828125 16.7548828125 16.7548828125 16.7548828125 16.7548828125 16.7548828125 16.7548828125 16.7548828125
15.1982421875 15.1982421875 15.1982421875 15.1982421875 15.1982421875 15.1982421875 15.1982421875 15.1982421875 15.1982421875 15.1982421875
16.2998046875 16.2998046875 16.2998046875 16.2998046875 16.2998046875 16.2998046875 16.2998046875 16.2998046875 16.2998046875 16.2998046875
16.544921875 16.544921875 16.544921875 16.544921875 16.544921875 16.544921875 16.544921875 16.544921875 16.544921875 16.544921875
15.1494140625 15.1494140625 15.1494140625 15.1494140625 15.1494140625 15.1494140625 15.1494140625 15.1494140625 15.1494140625 15.1494140625
16.2607421875 16.2607421875 16.2607421875 16.2607421875 16.2607421875 16.2607421875 16.2607421875 16.2607421875 16.2607421875 16.2607421875
17.01171875 17.01171875 17.01171875 17.01171875 17.01171875 17.01171875 17.01171875 17.01171875 17.01171875 17.01171875
14.978515625 14.978515625 14.978515625 14.978515625 14.978515625 14.978515625 14.978515625 14.978515625 14.978515625 14.978515625
16.05078125 16.05078125 16.05078125 16.05078125 16.05078125 16.05078125 16.05078125 16.05078125 16.05078125 16.05078125
16.3564453125 16.3564453125 16.3564453125 16.3564453125 16.3564453125 16.3564453125 16.3564453125 16.3564453125 16.3564453125 16.3564453125
15.052734375 15.052734375 15.052734375 15.052734375 15.052734375 15.052734375 15.052734375 15.052734375 15.052734375 15.052734375
16.1923828125 16.1923828125 16.1923828125 16.1923828125 16.1923828125 16.1923828125 16.1923828125 16.1923828125 16.1923828125 16.1923828125
17.3037109375 17.3037109375 17.3037109375 17.3037109375 17.3037109375 17.3037109375 17.3037109375 17.3037109375 17.3037109375 17.3037109375
