12.7255859375 12.7568359375 12.7568359375 12.7802734375 12.7802734375 12.7802734375 12.8115234375 12.8115234375 12.8115234375 12.8115234375
13.87109375 13.87109375 13.87109375 13.87109375 13.87109375 13.87109375 13.87109375 13.87109375 13.87109375 13.87109375
14.44140625 14.44140625 14.44140625 14.44140625 14.44140625 14.44140625 14.44140625 14.44140625 14.44140625 14.44140625
15.3427734375 15.3427734375 15.3427734375 15.3427734375 15.3427734375 15.3427734375 15.3427734375 15.3427734375 15.3427734375 15.3427734375
14.330078125 14.330078125 14.330078125 14.330078125 14.330078125 14.330078125 14.330078125 14.330078125 14.330078125 14.330078125
15.4697265625 15.4697265625 15.4697265625 15.4697265625 15.4697265625 15.4697265625 15.4697265625 15.4697265625 15.4697265625 15.4697265625
14.9443359375 14.9443359375 14.9443359375 14.9443359375 14.9443359375 14.9443359375 14.9443359375 14.9443359375 14.9443359375 14.9443359375
14.8994140625 14.8994140625 14.8994140625 14.8994140625 14.8994140625 14.8994140625 14.8994140625 14.8994140625 14.8994140625 14.8994140625
14.98046875 14.98046875 14.98046875 14.98046875 14.98046875 14.98046875 14.98046875 14.98046875 14.98046875 14.98046875
14.798828125 14.798828125 14.798828125 14.798828125 14.798828125 14.798828125 14.798828125 14.798828125 14.798828125 14.798828125
14.9736328125 14.9736328125 14.9736328125 14.9736328125 14.9736328125 14.9736328125 14.9736328125 14.9736328125 14.9736328125 14.9736328125
15.1494140625 15.1494140625 15.1494140625 15.1494140625 15.1494140625 15.1494140625 15.1494140625 15.1494140625 15.1494140625 15.1494140625
15.3837890625 15.3837890625 15.3837890625 15.3837890625 15.3837890625 15.3837890625 15.3837890625 15.3837890625 15.3837890625 15.3837890625
15.3740234375 15.3740234375 15.3740234375 15.3740234375 15.3740234375 15.3740234375 15.3740234375 15.3740234375 15.3740234375 15.3740234375
15.119140625 15.119140625 15.119140625 15.119140625 15.119140625 15.119140625 15.119140625 15.119140625 15.119140625 15.119140625
15.0869140625 15.0869140625 15.0869140625 15.0869140625 15.0869140625 15.0869140625 15.0869140625 15.0869140625 15.0869140625 15.0869140625
16.275390625 16.275390625 16.275390625 16.275390625 16.275390625 16.275390625 16.275390625 16.275390625 16.275390625 16.275390625
15.490234375 15.490234375 15.490234375 15.490234375 15.490234375 15.490234375 15.490234375 15.490234375 15.490234375 15.490234375
14.8310546875 14.8310546875 14.8310546875 14.8310546875 14.8310546875 14.8310546875 14.8310546875 14.8310546875 14.8310546875 14.8310546875
15.1123046875 15.1123046875 15.1123046875 15.1123046875 15.1123046875 15.1123046875 15.1123046875 15.1123046875 15.1123046875 15.1123046875
15.0087890625 15.0087890625 15.0087890625 15.0087890625 15.0087890625 15.0087890625 15.0087890625 15.0087890625 15.0087890625 15.0087890625
14.935546875 14.935546875 14.935546875 14.935546875 14.935546875 14.935546875 14.935546875 14.935546875 14.935546875 14.935546875
14.9697265625 14.9697265625 14.9697265625 14.9697265625 14.9697265625 14.9697265625 14.9697265625 14.9697265625 14.9697265625 14.9697265625
14.9169921875 14.9169921875 14.9169921875 14.9169921875 14.9169921875 14.9169921875 14.9169921875 14.9169921875 14.9169921875 14.9169921875
15.1884765625 15.1884765625 15.1884765625 15.1884765625 15.1884765625 15.1884765625 15.1884765625 15.1884765625 15.1884765625 15.1884765625
15.62109375 15.62109375 15.62109375 15.62109375 15.62109375 15.62109375 15.62109375 15.62109375 15.62109375 15.62109375
14.798828125 14.798828125 14.798828125 14.798828125 14.798828125 14.798828125 14.798828125 14.798828125 14.798828125 14.798828125
14.9736328125 14.9736328125 14.9736328125 14.9736328125 14.9736328125 14.9736328125 14.9736328125 14.9736328125 14.9736328125 14.9736328125
15.1494140625 15.1494140625 15.1494140625 15.1494140625 15.1494140625 15.1494140625 15.1494140625 15.1494140625 15.1494140625 15.1494140625
15.2509765625 15.2509765625 15.2509765625 15.2509765625 15.2509765625 15.2509765625 15.2509765625 15.2509765625 15.2509765625 15.2509765625
15.3740234375 15.3740234375 15.3740234375 15.3740234375 15.3740234375 15.3740234375 15.3740234375 15.3740234375 15.3740234375 15.3740234375
15.2587890625 15.2587890625 15.2587890625 15.2587890625 15.2587890625 15.2587890625 15.2587890625 15.2587890625 15.2587890625 15.2587890625
15.1259765625 15.1259765625 15.1259765625 15.1259765625 15.1259765625 15.1259765625 15.1259765625 15.1259765625 15.1259765625 15.1259765625
16.314453125 16.314453125 16.314453125 16.314453125 16.314453125 16.314453125 16.314453125 16.314453125 16.314453125 16.314453125
15.5 15.5 15.5 15.5 15.5 15.5 15.5 15.5 15.5 15.5
14.29296875 14.29296875 14.29296875 14.29296875 14.29296875 14.29296875 14.29296875 14.29296875 14.29296875 14.29296875
14.572265625 14.572265625 14.572265625 14.572265625 14.572265625 14.572265625 14.572265625 14.572265625 14.572265625 14.572265625
14.7646484375 14.7646484375 14.7646484375 14.7646484375 14.7646484375 14.7646484375 14.7646484375 14.7646484375 14.7646484375 14.7646484375
14.8564453125 14.8564453125 14.8564453125 14.8564453125 14.8564453125 14.8564453125 14.8564453125 14.8564453125 14.8564453125 14.8564453125
14.5380859375 14.5380859375 14.5380859375 14.5380859375 14.5380859375 14.5380859375 14.5380859375 14.5380859375 14.5380859375 14.5380859375
14.451171875 14.451171875 14.451171875 14.451171875 14.451171875 14.451171875 14.451171875 14.451171875 14.451171875 14.451171875
14.4990234375 14.4990234375 14.4990234375 14.4990234375 14.4990234375 14.4990234375 14.4990234375 14.4990234375 14.4990234375 14.4990234375
14.521484375 14.521484375 14.521484375 14.521484375 14.521484375 14.521484375 14.521484375 14.521484375 14.521484375 14.521484375
14.4990234375 14.4990234375 14.4990234375 14.4990234375 14.4990234375 14.4990234375 14.4990234375 14.4990234375 14.4990234375 14.4990234375
15.17578125 15.17578125 15.17578125 15.17578125 15.17578125 15.17578125 15.17578125 15.17578125 15.17578125 15.17578125
14.8662109375 14.8662109375 14.8662109375 14.8662109375 14.8662109375 14.8662109375 14.8662109375 14.8662109375 14.8662109375 14.8662109375
14.8505859375 14.8505859375 14.8505859375 14.8505859375 14.8505859375 14.8505859375 14.8505859375 14.8505859375 14.8505859375 14.8505859375
15.2509765625 15.2509765625 15.2509765625 15.2509765625 15.2509765625 15.2509765625 15.2509765625 15.2509765625 15.2509765625 15.2509765625
15.3740234375 15.3740234375 15.3740234375 15.3740234375 15.3740234375 15.3740234375 15.3740234375 15.3740234375 15.3740234375 15.3740234375
15.068359375 15.068359375 15.068359375 15.068359375 15.068359375 15.068359375 15.068359375 15.068359375 15.068359375 15.068359375
15.0869140625 15.0869140625 15.0869140625 15.0869140625 15.0869140625 15.0869140625 15.0869140625 15.0869140625 15.0869140625 15.0869140625
16.275390625 16.275390625 16.275390625 16.275390625 16.275390625 16.275390625 16.275390625 16.275390625 16.275390625 16.275390625
15.3095703125 15.3095703125 15.3095703125 15.3095703125 15.3095703125 15.3095703125 15.3095703125 15.3095703125 15.3095703125 15.3095703125
14.8798828125 14.8798828125 14.8798828125 14.8798828125 14.8798828125 14.8798828125 14.8798828125 14.8798828125 14.8798828125 14.8798828125
14.982421875 14.982421875 14.982421875 14.982421875 14.982421875 14.982421875 14.982421875 14.982421875 14.982421875 14.982421875
14.9697265625 14.9697265625 14.9697265625 14.9697265625 14.9697265625 14.9697265625 14.9697265625 14.9697265625 14.9697265625 14.9697265625
15.0830078125 15.0830078125 15.0830078125 15.0830078125 15.0830078125 15.0830078125 15.0830078125 15.0830078125 15.0830078125 15.0830078125
15.1884765625 15.1884765625 15.1884765625 15.1884765625 15.1884765625 15.1884765625 15.1884765625 15.1884765625 15.1884765625 15.1884765625
15.4306640625 15.4306640625 15.4306640625 15.4306640625 15.4306640625 15.4306640625 15.4306640625 15.4306640625 15.4306640625 15.4306640625
15.0185546875 15.0185546875 15.0185546875 15.0185546875 15.0185546875 15.0185546875 15.0185546875 15.0185546875 15.0185546875 15.0185546875
14.9267578125 14.9267578125 14.9267578125 14.9267578125 14.9267578125 14.9267578125 14.9267578125 14.9267578125 14.9267578125 14.9267578125
15.1982421875 15.1982421875 15.1982421875 15.1982421875 15.1982421875 15.1982421875 15.1982421875 15.1982421875 15.1982421875 15.1982421875
15.466796875 15.466796875 15.466796875 15.466796875 15.466796875 15.466796875 15.466796875 15.466796875 15.466796875 15.466796875
15.1494140625 15.1494140625 15.1494140625 15.1494140625 15.1494140625 15.1494140625 15.1494140625 15.1494140625 15.1494140625 15.1494140625
15.119140625 15.119140625 15.119140625 15.119140625 15.119140625 15.119140625 15.119140625 15.119140625 15.119140625 15.119140625
15.1396484375 15.1396484375 15.1396484375 15.1396484375 15.1396484375 15.1396484375 15.1396484375 15.1396484375 15.1396484375 15.1396484375
15.4580078125 15.4580078125 15.4580078125 15.4580078125 15.4580078125 15.4580078125 15.4580078125 15.4580078125 15.4580078125 15.4580078125
15.1884765625 15.1884765625 15.1884765625 15.1884765625 15.1884765625 15.1884765625 15.1884765625 15.1884765625 15.1884765625 15.1884765625
15.240234375 15.240234375 15.240234375 15.240234375 15.240234375 15.240234375 15.240234375 15.240234375 15.240234375 15.240234375
15.1494140625 15.1494140625 15.1494140625 15.1494140625 15.1494140625 15.1494140625 15.1494140625 15.1494140625 15.1494140625 15.1494140625
15.1240234375 15.1240234375 15.1240234375 15.1240234375 15.1240234375 15.1240234375 15.1240234375 15.1240234375 15.1240234375 15.1240234375
15.1884765625 15.1884765625 15.1884765625 15.1884765625 15.1884765625 15.1884765625 15.1884765625 15.1884765625 15.1884765625 15.1884765625
15.4306640625 15.4306640625 15.4306640625 15.4306640625 15.4306640625 15.4306640625 15.4306640625 15.4306640625 15.4306640625 15.4306640625
15.1982421875 15.1982421875 15.1982421875 15.1982421875 15.1982421875 15.1982421875 15.1982421875 15.1982421875 15.1982421875 15.1982421875
15.1064453125 15.1064453125 15.1064453125 15.1064453125 15.1064453125 15.1064453125 15.1064453125 15.1064453125 15.1064453125 15.1064453125
15.1982421875 15.1982421875 15.1982421875 15.1982421875 15.1982421875 15.1982421875 15.1982421875 15.1982421875 15.1982421875 15.1982421875
14.9248046875 14.9248046875 14.9248046875 14.9248046875 14.9248046875 14.9248046875 14.9248046875 14.9248046875 14.9248046875 14.9248046875
15.1982421875 15.1982421875 15.1982421875 15.1982421875 15.1982421875 15.1982421875 15.1982421875 15.1982421875 15.1982421875 15.1982421875
15.78125 15.78125 15.78125 15.78125 15.78125 15.78125 15.78125 15.78125 15.78125 15.78125
15.859375 15.859375 15.859375 15.859375 15.859375 15.859375 15.859375 15.859375 15.859375 15.859375
14.7509765625 14.7509765625 14.7509765625 14.7509765625 14.7509765625 14.7509765625 14.7509765625 14.7509765625 14.7509765625 14.7509765625
15.1728515625 15.1728515625 15.1728515625 15.1728515625 15.1728515625 15.1728515625 15.1728515625 15.1728515625 15.1728515625 15.1728515625
15.310546875 15.310546875 15.310546875 15.310546875 15.310546875 15.310546875 15.310546875 15.310546875 15.310546875 15.310546875
15.2099609375 15.2099609375 15.2099609375 15.2099609375 15.2099609375 15.2099609375 15.2099609375 15.2099609375 15.2099609375 15.2099609375
15.1064453125 15.1064453125 15.1064453125 15.1064453125 15.1064453125 15.1064453125 15.1064453125 15.1064453125 15.1064453125 15.1064453125
14.8779296875 14.8779296875 14.8779296875 14.8779296875 14.8779296875 14.8779296875 14.8779296875 14.8779296875 14.8779296875 14.8779296875
14.5380859375 14.5380859375 14.5380859375 14.5380859375 14.5380859375 14.5380859375 14.5380859375 14.5380859375 14.5380859375 14.5380859375
14.3408203125 14.3408203125 14.3408203125 14.3408203125 14.3408203125 14.3408203125 14.3408203125 14.3408203125 14.3408203125 14.3408203125
14.5380859375 14.5380859375 14.5380859375 14.5380859375 14.5380859375 14.5380859375 14.5380859375 14.5380859375 14.5380859375 14.5380859375
15.21484375 15.21484375 15.21484375 15.21484375 15.21484375 15.21484375 15.21484375 15.21484375 15.21484375 15.21484375
14.8955078125 14.8955078125 14.8955078125 14.8955078125 14.8955078125 14.8955078125 14.8955078125 14.8955078125 14.8955078125 14.8955078125
14.8505859375 14.8505859375 14.8505859375 14.8505859375 14.8505859375 14.8505859375 14.8505859375 14.8505859375 14.8505859375 14.8505859375
15.060546875 15.060546875 15.060546875 15.060546875 15.060546875 15.060546875 15.060546875 15.060546875 15.060546875 15.060546875
15.3251953125 15.3251953125 15.3251953125 15.3251953125 15.3251953125 15.3251953125 15.3251953125 15.3251953125 15.3251953125 15.3251953125
15.1865234375 15.1865234375 15.1865234375 15.1865234375 15.1865234375 15.1865234375 15.1865234375 15.1865234375 15.1865234375 15.1865234375
15.1064453125 15.1064453125 15.1064453125 15.1064453125 15.1064453125 15.1064453125 15.1064453125 15.1064453125 15.1064453125 15.1064453125
14.7255859375 14.7255859375 14.7255859375 14.7255859375 14.7255859375 14.7255859375 14.7255859375 14.7255859375 14.7255859375 14.7255859375
14.5380859375 14.5380859375 14.5380859375 14.5380859375 14.5380859375 14.5380859375 14.5380859375 14.5380859375 14.5380859375 14.5380859375
14.3115234375 14.3115234375 14.3115234375 14.3115234375 14.3115234375 14.3115234375 14.3115234375 14.3115234375 14.3115234375 14.3115234375
14.5380859375 14.5380859375 14.5380859375 14.5380859375 14.5380859375 14.5380859375 14.5380859375 14.5380859375 14.5380859375 14.5380859375
15.21484375 15.21484375 15.21484375 15.21484375 15.21484375 15.21484375 15.21484375 15.21484375 15.21484375 15.21484375
14.8955078125 14.8955078125 14.8955078125 14.8955078125 14.8955078125 14.8955078125 14.8955078125 14.8955078125 14.8955078125 14.8955078125
14.8505859375 14.8505859375 14.8505859375 14.8505859375 14.8505859375 14.8505859375 14.8505859375 14.8505859375 14.8505859375 14.8505859375
15.060546875 15.060546875 15.060546875 15.060546875 15.060546875 15.060546875 15.060546875 15.060546875 15.060546875 15.060546875
15.3251953125 15.3251953125 15.3251953125 15.3251953125 15.3251953125 15.3251953125 15.3251953125 15.3251953125 15.3251953125 15.3251953125
15.1865234375 15.1865234375 15.1865234375 15.1865234375 15.1865234375 15.1865234375 15.1865234375 15.1865234375 15.1865234375 15.1865234375
15.1064453125 15.1064453125 15.1064453125 15.1064453125 15.1064453125 15.1064453125 15.1064453125 15.1064453125 15.1064453125 15.1064453125
14.7255859375 14.7255859375 14.7255859375 14.7255859375 14.7255859375 14.7255859375 14.7255859375 14.7255859375 14.7255859375 14.7255859375
14.5380859375 14.5380859375 14.5380859375 14.5380859375 14.5380859375 14.5380859375 14.5380859375 14.5380859375 14.5380859375 14.5380859375
14.3115234375 14.3115234375 14.3115234375 14.3115234375 14.3115234375 14.3115234375 14.3115234375 14.3115234375 14.3115234375 14.3115234375
14.5380859375 14.5380859375 14.5380859375 14.5380859375 14.5380859375 14.5380859375 14.5380859375 14.5380859375 14.5380859375 14.5380859375
15.21484375 15.21484375 15.21484375 15.21484375 15.21484375 15.21484375 15.21484375 15.21484375 15.21484375 15.21484375
14.8955078125 14.8955078125 14.8955078125 14.8955078125 14.8955078125 14.8955078125 14.8955078125 14.8955078125 14.8955078125 14.8955078125
14.8505859375 14.8505859375 14.8505859375 14.8505859375 14.8505859375 14.8505859375 14.8505859375 14.8505859375 14.8505859375 14.8505859375
15.060546875 15.060546875 15.060546875 15.060546875 15.060546875 15.060546875 15.060546875 15.060546875 15.060546875 15.060546875
15.3251953125 15.3251953125 15.3251953125 15.3251953125 15.3251953125 15.3251953125 15.3251953125 15.3251953125 15.3251953125 15.3251953125
15.1865234375 15.1865234375 15.1865234375 15.1865234375 15.1865234375 15.1865234375 15.1865234375 15.1865234375 15.1865234375 15.1865234375
15.1064453125 15.1064453125 15.1064453125 15.1064453125 15.1064453125 15.1064453125 15.1064453125 15.1064453125 15.1064453125 15.1064453125
14.7255859375 14.7255859375 14.7255859375 14.7255859375 14.7255859375 14.7255859375 14.7255859375 14.7255859375 14.7255859375 14.7255859375
14.5380859375 14.5380859375 14.5380859375 14.5380859375 14.5380859375 14.5380859375 14.5380859375 14.5380859375 14.5380859375 14.5380859375
14.3115234375 14.3115234375 14.3115234375 14.3115234375 14.3115234375 14.3115234375 14.3115234375 14.3115234375 14.3115234375 14.3115234375
14.5380859375 14.5380859375 14.5380859375 14.5380859375 14.5380859375 14.5380859375 14.5380859375 14.5380859375 14.5380859375 14.5380859375
15.21484375 15.21484375 15.21484375 15.21484375 15.21484375 15.21484375 15.21484375 15.21484375 15.21484375 15.21484375
14.8955078125 14.8955078125 14.8955078125 14.8955078125 14.8955078125 14.8955078125 14.8955078125 14.8955078125 14.8955078125 14.8955078125
14.8505859375 14.8505859375 14.8505859375 14.8505859375 14.8505859375 14.8505859375 14.8505859375 14.8505859375 14.8505859375 14.8505859375
15.060546875 15.060546875 15.060546875 15.060546875 15.060546875 15.060546875 15.060546875 15.060546875 15.060546875 15.060546875
15.3251953125 15.3251953125 15.3251953125 15.3251953125 15.3251953125 15.3251953125 15.3251953125 15.3251953125 15.3251953125 15.3251953125
15.1865234375 15.1865234375 15.1865234375 15.1865234375 15.1865234375 15.1865234375 15.1865234375 15.1865234375 15.1865234375 15.1865234375
15.1064453125 15.1064453125 15.1064453125 15.1064453125 15.1064453125 15.1064453125 15.1064453125 15.1064453125 15.1064453125 15.1064453125
14.7255859375 14.7255859375 14.7255859375 14.7255859375 14.7255859375 14.7255859375 14.7255859375 14.7255859375 14.7255859375 14.7255859375
14.5380859375 14.5380859375 14.5380859375 14.5380859375 14.5380859375 14.5380859375 14.5380859375 14.5380859375 14.5380859375 14.5380859375
14.3115234375 14.3115234375 14.3115234375 14.3115234375 14.3115234375 14.3115234375 14.3115234375 14.3115234375 14.3115234375 14.3115234375
14.5380859375 14.5380859375 14.5380859375 14.5380859375 14.5380859375 14.5380859375 14.5380859375 14.5380859375 14.5380859375 14.5380859375
15.21484375 15.21484375 15.21484375 15.21484375 15.21484375 15.21484375 15.21484375 15.21484375 15.21484375 15.21484375
14.8955078125 14.8955078125 14.8955078125 14.8955078125 14.8955078125 14.8955078125 14.8955078125 14.8955078125 14.8955078125 14.8955078125
14.8505859375 14.8505859375 14.8505859375 14.8505859375 14.8505859375 14.8505859375 14.8505859375 14.8505859375 14.8505859375 14.8505859375
15.060546875 15.060546875 15.060546875 15.060546875 15.060546875 15.060546875 15.060546875 15.060546875 15.060546875 15.060546875
15.3251953125 15.3251953125 15.3251953125 15.3251953125 15.3251953125 15.3251953125 15.3251953125 15.3251953125 15.3251953125 15.3251953125
15.1865234375 15.1865234375 15.1865234375 15.1865234375 15.1865234375 15.1865234375 15.1865234375 15.1865234375 15.1865234375 15.1865234375
15.1064453125 15.1064453125 15.1064453125 15.1064453125 15.1064453125 15.1064453125 15.1064453125 15.1064453125 15.1064453125 15.1064453125
14.7255859375 14.7255859375 14.7255859375 14.7255859375 14.7255859375 14.7255859375 14.7255859375 14.7255859375 14.7255859375 14.7255859375
14.5380859375 14.5380859375 14.5380859375 14.5380859375 14.5380859375 14.5380859375 14.5380859375 14.5380859375 14.5380859375 14.5380859375
14.3115234375 14.3115234375 14.3115234375 14.3115234375 14.3115234375 14.3115234375 14.3115234375 14.3115234375 14.3115234375 14.3115234375
14.5380859375 14.5380859375 14.5380859375 14.5380859375 14.5380859375 14.5380859375 14.5380859375 14.5380859375 14.5380859375 14.5380859375
15.21484375 15.21484375 15.21484375 15.21484375 15.21484375 15.21484375 15.21484375 15.21484375 15.21484375 15.21484375
14.8955078125 14.8955078125 14.8955078125 14.8955078125 14.8955078125 14.8955078125 14.8955078125 14.8955078125 14.8955078125 14.8955078125
14.8505859375 14.8505859375 14.8505859375 14.8505859375 14.8505859375 14.8505859375 14.8505859375 14.8505859375 14.8505859375 14.8505859375
15.060546875 15.060546875 15.060546875 15.060546875 15.060546875 15.060546875 15.060546875 15.060546875 15.060546875 15.060546875
15.3251953125 15.3251953125 15.3251953125 15.3251953125 15.3251953125 15.3251953125 15.3251953125 15.3251953125 15.3251953125 15.3251953125
15.1865234375 15.1865234375 15.1865234375 15.1865234375 15.1865234375 15.1865234375 15.1865234375 15.1865234375 15.1865234375 15.1865234375
15.1064453125 15.1064453125 15.1064453125 15.1064453125 15.1064453125 15.1064453125 15.1064453125 15.1064453125 15.1064453125 15.1064453125
14.7255859375 14.7255859375 14.7255859375 14.7255859375 14.7255859375 14.7255859375 14.7255859375 14.7255859375 14.7255859375 14.7255859375
14.5380859375 14.5380859375 14.5380859375 14.5380859375 14.5380859375 14.5380859375 14.5380859375 14.5380859375 14.5380859375 14.5380859375
14.3115234375 14.3115234375 14.3115234375 14.3115234375 14.3115234375 14.3115234375 14.3115234375 14.3115234375 14.3115234375 14.3115234375
14.5380859375 14.5380859375 14.5380859375 14.5380859375 14.5380859375 14.5380859375 14.5380859375 14.5380859375 14.5380859375 14.5380859375
15.21484375 15.21484375 15.21484375 15.21484375 15.21484375 15.21484375 15.21484375 15.21484375 15.21484375 15.21484375
14.8955078125 14.8955078125 14.8955078125 14.8955078125 14.8955078125 14.8955078125 14.8955078125 14.8955078125 14.8955078125 14.8955078125
14.8505859375 14.8505859375 14.8505859375 14.8505859375 14.8505859375 14.8505859375 14.8505859375 14.8505859375 14.8505859375 14.8505859375
15.060546875 15.060546875 15.060546875 15.060546875 15.060546875 15.060546875 15.060546875 15.060546875 15.060546875 15.060546875
15.3251953125 15.3251953125 15.3251953125 15.3251953125 15.3251953125 15.3251953125 15.3251953125 15.3251953125 15.3251953125 15.3251953125
15.1865234375 15.1865234375 15.1865234375 15.1865234375 15.1865234375 15.1865234375 15.1865234375 15.1865234375 15.1865234375 15.1865234375
15.1064453125 15.1064453125 15.1064453125 15.1064453125 15.1064453125 15.1064453125 15.1064453125 15.1064453125 15.1064453125 15.1064453125
14.7255859375 14.7255859375 14.7255859375 14.7255859375 14.7255859375 14.7255859375 14.7255859375 14.7255859375 14.7255859375 14.7255859375
14.5380859375 14.5380859375 14.5380859375 14.5380859375 14.5380859375 14.5380859375 14.5380859375 14.5380859375 14.5380859375 14.5380859375
14.3115234375 14.3115234375 14.3115234375 14.3115234375 14.3115234375 14.3115234375 14.3115234375 14.3115234375 14.3115234375 14.3115234375
14.5380859375 14.5380859375 14.5380859375 14.5380859375 14.5380859375 14.5380859375 14.5380859375 14.5380859375 14.5380859375 14.5380859375
15.21484375 15.21484375 15.21484375 15.21484375 15.21484375 15.21484375 15.21484375 15.21484375 15.21484375 15.21484375
14.8955078125 14.8955078125 14.8955078125 14.8955078125 14.8955078125 14.8955078125 14.8955078125 14.8955078125 14.8955078125 14.8955078125
14.8505859375 14.8505859375 14.8505859375 14.8505859375 14.8505859375 14.8505859375 14.8505859375 14.8505859375 14.8505859375 14.8505859375
15.060546875 15.060546875 15.060546875 15.060546875 15.060546875 15.060546875 15.060546875 15.060546875 15.060546875 15.060546875
15.3251953125 15.3251953125 15.3251953125 15.3251953125 15.3251953125 15.3251953125 15.3251953125 15.3251953125 15.3251953125 15.3251953125
15.1865234375 15.1865234375 15.1865234375 15.1865234375 15.1865234375 15.1865234375 15.1865234375 15.1865234375 15.1865234375 15.1865234375
15.1064453125 15.1064453125 15.1064453125 15.1064453125 15.1064453125 15.1064453125 15.1064453125 15.1064453125 15.1064453125 15.1064453125
14.7255859375 14.7255859375 14.7255859375 14.7255859375 14.7255859375 14.7255859375 14.7255859375 14.7255859375 14.7255859375 14.7255859375
14.5380859375 14.5380859375 14.5380859375 14.5380859375 14.5380859375 14.5380859375 14.5380859375 14.5380859375 14.5380859375 14.5380859375
14.3115234375 14.3115234375 14.3115234375 14.3115234375 14.3115234375 14.3115234375 14.3115234375 14.3115234375 14.3115234375 14.3115234375
14.5380859375 14.5380859375 14.5380859375 14.5380859375 14.5380859375 14.5380859375 14.5380859375 14.5380859375 14.5380859375 14.5380859375
15.21484375 15.21484375 15.21484375 15.21484375 15.21484375 15.21484375 15.21484375 15.21484375 15.21484375 15.21484375
14.8955078125 14.8955078125 14.8955078125 14.8955078125 14.8955078125 14.8955078125 14.8955078125 14.8955078125 14.8955078125 14.8955078125
14.8505859375 14.8505859375 14.8505859375 14.8505859375 14.8505859375 14.8505859375 14.8505859375 14.8505859375 14.8505859375 14.8505859375
15.060546875 15.060546875 15.060546875 15.060546875 15.060546875 15.060546875 15.060546875 15.060546875 15.060546875 15.060546875
15.3251953125 15.3251953125 15.3251953125 15.3251953125 15.3251953125 15.3251953125 15.3251953125 15.3251953125 15.3251953125 15.3251953125
15.1865234375 15.1865234375 15.1865234375 15.1865234375 15.1865234375 15.1865234375 15.1865234375 15.1865234375 15.1865234375 15.1865234375
15.1064453125 15.1064453125 15.1064453125 15.1064453125 15.1064453125 15.1064453125 15.1064453125 15.1064453125 15.1064453125 15.1064453125
14.7255859375 14.7255859375 14.7255859375 14.7255859375 14.7255859375 14.7255859375 14.7255859375 14.7255859375 14.7255859375 14.7255859375
14.5380859375 14.5380859375 14.5380859375 14.5380859375 14.5380859375 14.5380859375 14.5380859375 14.5380859375 14.5380859375 14.5380859375
14.3115234375 14.3115234375 14.3115234375 14.3115234375 14.3115234375 14.3115234375 14.3115234375 14.3115234375 14.3115234375 14.3115234375
14.5380859375 14.5380859375 14.5380859375 14.5380859375 14.5380859375 14.5380859375 14.5380859375 14.5380859375 14.5380859375 14.5380859375
15.21484375 15.21484375 15.21484375 15.21484375 15.21484375 15.21484375 15.21484375 15.21484375 15.21484375 15.21484375
14.8955078125 14.8955078125 14.8955078125 14.8955078125 14.8955078125 14.8955078125 14.8955078125 14.8955078125 14.8955078125 14.8955078125
14.8505859375 14.8505859375 14.8505859375 14.8505859375 14.8505859375 14.8505859375 14.8505859375 14.8505859375 14.8505859375 14.8505859375
15.060546875 15.060546875 15.060546875 15.060546875 15.060546875 15.060546875 15.060546875 15.060546875 15.060546875 15.060546875
15.3251953125 15.3251953125 15.3251953125 15.3251953125 15.3251953125 15.3251953125 15.3251953125 15.3251953125 15.3251953125 15.3251953125
15.1865234375 15.1865234375 15.1865234375 15.1865234375 15.1865234375 15.1865234375 15.1865234375 15.1865234375 15.1865234375 15.1865234375
15.1064453125 15.1064453125 15.1064453125 15.1064453125 15.1064453125 15.1064453125 15.1064453125 15.1064453125 15.1064453125 15.1064453125
14.7255859375 14.7255859375 14.7255859375 14.7255859375 14.7255859375 14.7255859375 14.7255859375 14.7255859375 14.7255859375 14.7255859375
14.5380859375 14.5380859375 14.5380859375 14.5380859375 14.5380859375 14.5380859375 14.5380859375 14.5380859375 14.5380859375 14.5380859375
14.3115234375 14.3115234375 14.3115234375 14.3115234375 14.3115234375 14.3115234375 14.3115234375 14.3115234375 14.3115234375 14.3115234375
14.5380859375 14.5380859375 14.5380859375 14.5380859375 14.5380859375 14.5380859375 14.5380859375 14.5380859375 14.5380859375 14.5380859375
15.21484375 15.21484375 15.21484375 15.21484375 15.21484375 15.21484375 15.21484375 15.21484375 15.21484375 15.21484375
14.8955078125 14.8955078125 14.8955078125 14.8955078125 14.8955078125 14.8955078125 14.8955078125 14.8955078125 14.8955078125 14.8955078125
14.8505859375 14.8505859375 14.8505859375 14.8505859375 14.8505859375 14.8505859375 14.8505859375 14.8505859375 14.8505859375 14.8505859375
15.060546875 15.060546875 15.060546875 15.060546875 15.060546875 15.060546875 15.060546875 15.060546875 15.060546875 15.060546875
15.3251953125 15.3251953125 15.3251953125 15.3251953125 15.3251953125 15.3251953125 15.3251953125 15.3251953125 15.3251953125 15.3251953125
15.1865234375 15.1865234375 15.1865234375 15.1865234375 15.1865234375 15.1865234375 15.1865234375 15.1865234375 15.1865234375 15.1865234375
15.1064453125 15.1064453125 15.1064453125 15.1064453125 15.1064453125 15.1064453125 15.1064453125 15.1064453125 15.1064453125 15.1064453125
14.7255859375 14.7255859375 14.7255859375 14.7255859375 14.7255859375 14.7255859375 14.7255859375 14.7255859375 14.7255859375 14.7255859375
14.5380859375 14.5380859375 14.5380859375 14.5380859375 14.5380859375 14.5380859375 14.5380859375 14.5380859375 14.5380859375 14.5380859375
14.3115234375 14.3115234375 14.3115234375 14.3115234375 14.3115234375 14.3115234375 14.3115234375 14.3115234375 14.3115234375 14.3115234375
14.5380859375 14.5380859375 14.5380859375 14.5380859375 14.5380859375 14.5380859375 14.5380859375 14.5380859375 14.5380859375 14.5380859375
15.21484375 15.21484375 15.21484375 15.21484375 15.21484375 15.21484375 15.21484375 15.21484375 15.21484375 15.21484375
14.8955078125 14.8955078125 14.8955078125 14.8955078125 14.8955078125 14.8955078125 14.8955078125 14.8955078125 14.8955078125 14.8955078125
14.8505859375 14.8505859375 14.8505859375 14.8505859375 14.8505859375 14.8505859375 14.8505859375 14.8505859375 14.8505859375 14.8505859375
15.060546875 15.060546875 15.060546875 15.060546875 15.060546875 15.060546875 15.060546875 15.060546875 15.060546875 15.060546875
15.3251953125 15.3251953125 15.3251953125 15.3251953125 15.3251953125 15.3251953125 15.3251953125 15.3251953125 15.3251953125 15.3251953125
15.1865234375 15.1865234375 15.1865234375 15.1865234375 15.1865234375 15.1865234375 15.1865234375 15.1865234375 15.1865234375 15.1865234375
15.1064453125 15.1064453125 15.1064453125 15.1064453125 15.1064453125 15.1064453125 15.1064453125 15.1064453125 15.1064453125 15.1064453125
14.7255859375 14.7255859375 14.7255859375 14.7255859375 14.7255859375 14.7255859375 14.7255859375 14.7255859375 14.7255859375 14.7255859375
14.5380859375 14.5380859375 14.5380859375 14.5380859375 14.5380859375 14.5380859375 14.5380859375 14.5380859375 14.5380859375 14.5380859375
14.3115234375 14.3115234375 14.3115234375 14.3115234375 14.3115234375 14.3115234375 14.3115234375 14.3115234375 14.3115234375 14.3115234375
14.5380859375 14.5380859375 14.5380859375 14.5380859375 14.5380859375 14.5380859375 14.5380859375 14.5380859375 14.5380859375 14.5380859375
15.21484375 15.21484375 15.21484375 15.21484375 15.21484375 15.21484375 15.21484375 15.21484375 15.21484375 15.21484375
14.8955078125 14.8955078125 14.8955078125 14.8955078125 14.8955078125 14.8955078125 14.8955078125 14.8955078125 14.8955078125 14.8955078125
14.8505859375 14.8505859375 14.8505859375 14.8505859375 14.8505859375 14.8505859375 14.8505859375 14.8505859375 14.8505859375 14.8505859375
15.060546875 15.060546875 15.060546875 15.060546875 15.060546875 15.060546875 15.060546875 15.060546875 15.060546875 15.060546875
15.3251953125 15.3251953125 15.3251953125 15.3251953125 15.3251953125 15.3251953125 15.3251953125 15.3251953125 15.3251953125 15.3251953125
15.1865234375 15.1865234375 15.1865234375 15.1865234375 15.1865234375 15.1865234375 15.1865234375 15.1865234375 15.1865234375 15.1865234375
15.1064453125 15.1064453125 15.1064453125 15.1064453125 15.1064453125 15.1064453125 15.1064453125 15.1064453125 15.1064453125 15.1064453125
14.7255859375 14.7255859375 14.7255859375 14.7255859375 14.7255859375 14.7255859375 14.7255859375 14.7255859375 14.7255859375 14.7255859375
14.5380859375 14.5380859375 14.5380859375 14.5380859375 14.5380859375 14.5380859375 14.5380859375 14.5380859375 14.5380859375 14.5380859375
14.3115234375 14.3115234375 14.3115234375 14.3115234375 14.3115234375 14.3115234375 14.3115234375 14.3115234375 14.3115234375 14.3115234375
14.5380859375 14.5380859375 14.5380859375 14.5380859375 14.5380859375 14.5380859375 14.5380859375 14.5380859375 14.5380859375 14.5380859375
15.21484375 15.21484375 15.21484375 15.21484375 15.21484375 15.21484375 15.21484375 15.21484375 15.21484375 15.21484375
14.8955078125 14.8955078125 14.8955078125 14.8955078125 14.8955078125 14.8955078125 14.8955078125 14.8955078125 14.8955078125 14.8955078125
14.8505859375 14.8505859375 14.8505859375 14.8505859375 14.8505859375 14.8505859375 14.8505859375 14.8505859375 14.8505859375 14.8505859375
15.060546875 15.060546875 15.060546875 15.060546875 15.060546875 15.060546875 15.060546875 15.060546875 15.060546875 15.060546875
15.3251953125 15.3251953125 15.3251953125 15.3251953125 15.3251953125 15.3251953125 15.3251953125 15.3251953125 15.3251953125 15.3251953125
15.1865234375 15.1865234375 15.1865234375 15.1865234375 15.1865234375 15.1865234375 15.1865234375 15.1865234375 15.1865234375 15.1865234375
15.1064453125 15.1064453125 15.1064453125 15.1064453125 15.1064453125 15.1064453125 15.1064453125 15.1064453125 15.1064453125 15.1064453125
14.7255859375 14.7255859375 14.7255859375 14.7255859375 14.7255859375 14.7255859375 14.7255859375 14.7255859375 14.7255859375 14.7255859375
14.5380859375 14.5380859375 14.5380859375 14.5380859375 14.5380859375 14.5380859375 14.5380859375 14.5380859375 14.5380859375 14.5380859375
14.3115234375 14.3115234375 14.3115234375 14.3115234375 14.3115234375 14.3115234375 14.3115234375 14.3115234375 14.3115234375 14.3115234375
14.5380859375 14.5380859375 14.5380859375 14.5380859375 14.5380859375 14.5380859375 14.5380859375 14.5380859375 14.5380859375 14.5380859375
15.21484375 15.21484375 15.21484375 15.21484375 15.21484375 15.21484375 15.21484375 15.21484375 15.21484375 15.21484375
14.8955078125 14.8955078125 14.8955078125 14.8955078125 14.8955078125 14.8955078125 14.8955078125 14.8955078125 14.8955078125 14.8955078125
14.8505859375 14.8505859375 14.8505859375 14.8505859375 14.8505859375 14.8505859375 14.8505859375 14.8505859375 14.8505859375 14.8505859375
15.060546875 15.060546875 15.060546875 15.060546875 15.060546875 15.060546875 15.060546875 15.060546875 15.060546875 15.060546875
15.3251953125 15.3251953125 15.3251953125 15.3251953125 15.3251953125 15.3251953125 15.3251953125 15.3251953125 15.3251953125 15.3251953125
15.1865234375 15.1865234375 15.1865234375 15.1865234375 15.1865234375 15.1865234375 15.1865234375 15.1865234375 15.1865234375 15.1865234375
15.1064453125 15.1064453125 15.1064453125 15.1064453125 15.1064453125 15.1064453125 15.1064453125 15.1064453125 15.1064453125 15.1064453125
14.7255859375 14.7255859375 14.7255859375 14.7255859375 14.7255859375 14.7255859375 14.7255859375 14.7255859375 14.7255859375 14.7255859375
14.5380859375 14.5380859375 14.5380859375 14.5380859375 14.5380859375 14.5380859375 14.5380859375 14.5380859375 14.5380859375 14.5380859375
14.3115234375 14.3115234375 14.3115234375 14.3115234375 14.3115234375 14.3115234375 14.3115234375 14.3115234375 14.3115234375 14.3115234375
14.5380859375 14.5380859375 14.5380859375 14.5380859375 14.5380859375 14.5380859375 14.5380859375 14.5380859375 14.5380859375 14.5380859375
15.21484375 15.21484375 15.21484375 15.21484375 15.21484375 15.21484375 15.21484375 15.21484375 15.21484375 15.21484375
14.8955078125 14.8955078125 14.8955078125 14.8955078125 14.8955078125 14.8955078125 14.8955078125 14.8955078125 14.8955078125 14.8955078125
14.8505859375 14.8505859375 14.8505859375 14.8505859375 14.8505859375 14.8505859375 14.8505859375 14.8505859375 14.8505859375 14.8505859375
15.060546875 15.060546875 15.060546875 15.060546875 15.060546875 15.060546875 15.060546875 15.060546875 15.060546875 15.060546875
15.3251953125 15.3251953125 15.3251953125 15.3251953125 15.3251953125 15.3251953125 15.3251953125 15.3251953125 15.3251953125 15.3251953125
15.1865234375 15.1865234375 15.1865234375 15.1865234375 15.1865234375 15.1865234375 15.1865234375 15.1865234375 15.1865234375 15.1865234375
15.1064453125 15.1064453125 15.1064453125 15.1064453125 15.1064453125 15.1064453125 15.1064453125 15.1064453125 15.1064453125 15.1064453125
14.7255859375 14.7255859375 14.7255859375 14.7255859375 14.7255859375 14.7255859375 14.7255859375 14.7255859375 14.7255859375 14.7255859375
14.5380859375 14.5380859375 14.5380859375 14.5380859375 14.5380859375 14.5380859375 14.5380859375 14.5380859375 14.5380859375 14.5380859375
14.3115234375 14.3115234375 14.3115234375 14.3115234375 14.3115234375 14.3115234375 14.3115234375 14.3115234375 14.3115234375 14.3115234375
14.5380859375 14.5380859375 14.5380859375 14.5380859375 14.5380859375 14.5380859375 14.5380859375 14.5380859375 14.5380859375 14.5380859375
15.21484375 15.21484375 15.21484375 15.21484375 15.21484375 15.21484375 15.21484375 15.21484375 15.21484375 15.21484375
14.8955078125 14.8955078125 14.8955078125 14.8955078125 14.8955078125 14.8955078125 14.8955078125 14.8955078125 14.8955078125 14.8955078125
14.8505859375 14.8505859375 14.8505859375 14.8505859375 14.8505859375 14.8505859375 14.8505859375 14.8505859375 14.8505859375 14.8505859375
15.060546875 15.060546875 15.060546875 15.060546875 15.060546875 15.060546875 15.060546875 15.060546875 15.060546875 15.060546875
15.3251953125 15.3251953125 15.3251953125 15.3251953125 15.3251953125 15.3251953125 15.3251953125 15.3251953125 15.3251953125 15.3251953125
15.1865234375 15.1865234375 15.1865234375 15.1865234375 15.1865234375 15.1865234375 15.1865234375 15.1865234375 15.1865234375 15.1865234375
15.1064453125 15.1064453125 15.1064453125 15.1064453125 15.1064453125 15.1064453125 15.1064453125 15.1064453125 15.1064453125 15.1064453125
14.7255859375 14.7255859375 14.7255859375 14.7255859375 14.7255859375 14.7255859375 14.7255859375 14.7255859375 14.7255859375 14.7255859375
14.5380859375 14.5380859375 14.5380859375 14.5380859375 14.5380859375 14.5380859375 14.5380859375 14.5380859375 14.5380859375 14.5380859375
14.3115234375 14.3115234375 14.3115234375 14.3115234375 14.3115234375 14.3115234375 14.3115234375 14.3115234375 14.3115234375 14.3115234375
14.5380859375 14.5380859375 14.5380859375 14.5380859375 14.5380859375 14.5380859375 14.5380859375 14.5380859375 14.5380859375 14.5380859375
15.21484375 15.21484375 15.21484375 15.21484375 15.21484375 15.21484375 15.21484375 15.21484375 15.21484375 15.21484375
14.8955078125 14.8955078125 14.8955078125 14.8955078125 14.8955078125 14.8955078125 14.8955078125 14.8955078125 14.8955078125 14.8955078125
14.8505859375 14.8505859375 14.8505859375 14.8505859375 14.8505859375 14.8505859375 14.8505859375 14.8505859375 14.8505859375 14.8505859375
15.060546875 15.060546875 15.060546875 15.060546875 15.060546875 15.060546875 15.060546875 15.060546875 15.060546875 15.060546875
15.3251953125 15.3251953125 15.3251953125 15.3251953125 15.3251953125 15.3251953125 15.3251953125 15.3251953125 15.3251953125 15.3251953125
15.1865234375 15.1865234375 15.1865234375 15.1865234375 15.1865234375 15.1865234375 15.1865234375 15.1865234375 15.1865234375 15.1865234375
15.1064453125 15.1064453125 15.1064453125 15.1064453125 15.1064453125 15.1064453125 15.1064453125 15.1064453125 15.1064453125 15.1064453125
14.7255859375 14.7255859375 14.7255859375 14.7255859375 14.7255859375 14.7255859375 14.7255859375 14.7255859375 14.7255859375 14.7255859375
14.5380859375 14.5380859375 14.5380859375 14.5380859375 14.5380859375 14.5380859375 14.5380859375 14.5380859375 14.5380859375 14.5380859375
14.3115234375 14.3115234375 14.3115234375 14.3115234375 14.3115234375 14.3115234375 14.3115234375 14.3115234375 14.3115234375 14.3115234375
14.5380859375 14.5380859375 14.5380859375 14.5380859375 14.5380859375 14.5380859375 14.5380859375 14.5380859375 14.5380859375 14.5380859375
15.21484375 15.21484375 15.21484375 15.21484375 15.21484375 15.21484375 15.21484375 15.21484375 15.21484375 15.21484375
14.8955078125 14.8955078125 14.8955078125 14.8955078125 14.8955078125 14.8955078125 14.8955078125 14.8955078125 14.8955078125 14.8955078125
14.8505859375 14.8505859375 14.8505859375 14.8505859375 14.8505859375 14.8505859375 14.8505859375 14.8505859375 14.8505859375 14.8505859375
15.060546875 15.060546875 15.060546875 15.060546875 15.060546875 15.060546875 15.060546875 15.060546875 15.060546875 15.060546875
15.3251953125 15.3251953125 15.3251953125 15.3251953125 15.3251953125 15.3251953125 15.3251953125 15.3251953125 15.3251953125 15.3251953125
15.1865234375 15.1865234375 15.1865234375 15.1865234375 15.1865234375 15.1865234375 15.1865234375 15.1865234375 15.1865234375 15.1865234375
15.1064453125 15.1064453125 15.1064453125 15.1064453125 15.1064453125 15.1064453125 15.1064453125 15.1064453125 15.1064453125 15.1064453125
14.7255859375 14.7255859375 14.7255859375 14.7255859375 14.7255859375 14.7255859375 14.7255859375 14.7255859375 14.7255859375 14.7255859375
14.5380859375 14.5380859375 14.5380859375 14.5380859375 14.5380859375 14.5380859375 14.5380859375 14.5380859375 14.5380859375 14.5380859375
14.3115234375 14.3115234375 14.3115234375 14.3115234375 14.3115234375 14.3115234375 14.3115234375 14.3115234375 14.3115234375 14.3115234375
14.5380859375 14.5380859375 14.5380859375 14.5380859375 14.5380859375 14.5380859375 14.5380859375 14.5380859375 14.5380859375 14.5380859375
15.21484375 15.21484375 15.21484375 15.21484375 15.21484375 15.21484375 15.21484375 15.21484375 15.21484375 15.21484375
14.8955078125 14.8955078125 14.8955078125 14.8955078125 14.8955078125 14.8955078125 14.8955078125 14.8955078125 14.8955078125 14.8955078125
