11.568359375 11.599609375 11.599609375 11.623046875 11.623046875 11.623046875 11.654296875 11.654296875 11.654296875 11.654296875
13.0234375 13.0234375 13.0234375 13.0234375 13.0234375 13.0234375 13.0234375 13.0234375 13.0234375 13.0234375
13.0078125 13.0078125 13.0078125 13.0078125 13.0078125 13.0078125 13.0078125 13.0078125 13.0078125 13.0078125
13.2578125 13.2578125 13.2578125 13.2578125 13.2578125 13.2578125 13.2578125 13.2578125 13.2578125 13.2578125
13.1083984375 13.1083984375 13.1083984375 13.1083984375 13.1083984375 13.1083984375 13.1083984375 13.1083984375 13.1083984375 13.1083984375
13.517578125 13.517578125 13.517578125 13.517578125 13.517578125 13.517578125 13.517578125 13.517578125 13.517578125 13.517578125
13.3037109375 13.3037109375 13.3037109375 13.3037109375 13.3037109375 13.3037109375 13.3037109375 13.3037109375 13.3037109375 13.3037109375
12.5859375 12.5859375 12.5859375 12.5859375 12.5859375 12.5859375 12.5859375 12.5859375 12.5859375 12.5859375
13.3330078125 13.3330078125 13.3330078125 13.3330078125 13.3330078125 13.3330078125 13.3330078125 13.3330078125 13.3330078125 13.3330078125
13.3564453125 13.3564453125 13.3564453125 13.3564453125 13.3564453125 13.3564453125 13.3564453125 13.3564453125 13.3564453125 13.3564453125
13.3134765625 13.3134765625 13.3134765625 13.3134765625 13.3134765625 13.3134765625 13.3134765625 13.3134765625 13.3134765625 13.3134765625
13.60546875 13.60546875 13.60546875 13.60546875 13.60546875 13.60546875 13.60546875 13.60546875 13.60546875 13.60546875
13.3857421875 13.3857421875 13.3857421875 13.3857421875 13.3857421875 13.3857421875 13.3857421875 13.3857421875 13.3857421875 13.3857421875
13.546875 13.546875 13.546875 13.546875 13.546875 13.546875 13.546875 13.546875 13.546875 13.546875
13.13671875 13.13671875 13.13671875 13.13671875 13.13671875 13.13671875 13.13671875 13.13671875 13.13671875 13.13671875
13.15234375 13.15234375 13.15234375 13.15234375 13.15234375 13.15234375 13.15234375 13.15234375 13.15234375 13.15234375
13.25 13.25 13.25 13.25 13.25 13.25 13.25 13.25 13.25 13.25
13.5302734375 13.5302734375 13.5302734375 13.5302734375 13.5302734375 13.5302734375 13.5302734375 13.5302734375 13.5302734375 13.5302734375
13.2734375 13.2734375 13.2734375 13.2734375 13.2734375 13.2734375 13.2734375 13.2734375 13.2734375 13.2734375
13.169921875 13.169921875 13.169921875 13.169921875 13.169921875 13.169921875 13.169921875 13.169921875 13.169921875 13.169921875
13.345703125 13.345703125 13.345703125 13.345703125 13.345703125 13.345703125 13.345703125 13.345703125 13.345703125 13.345703125
13.3681640625 13.3681640625 13.3681640625 13.3681640625 13.3681640625 13.3681640625 13.3681640625 13.3681640625 13.3681640625 13.3681640625
13.576171875 13.576171875 13.576171875 13.576171875 13.576171875 13.576171875 13.576171875 13.576171875 13.576171875 13.576171875
13.556640625 13.556640625 13.556640625 13.556640625 13.556640625 13.556640625 13.556640625 13.556640625 13.556640625 13.556640625
13.25390625 13.25390625 13.25390625 13.25390625 13.25390625 13.25390625 13.25390625 13.25390625 13.25390625 13.25390625
13.009765625 13.009765625 13.009765625 13.009765625 13.009765625 13.009765625 13.009765625 13.009765625 13.009765625 13.009765625
12.9072265625 12.9072265625 12.9072265625 12.9072265625 12.9072265625 12.9072265625 12.9072265625 12.9072265625 12.9072265625 12.9072265625
13.576171875 13.576171875 13.576171875 13.576171875 13.576171875 13.576171875 13.576171875 13.576171875 13.576171875 13.576171875
13.556640625 13.556640625 13.556640625 13.556640625 13.556640625 13.556640625 13.556640625 13.556640625 13.556640625 13.556640625
13.25390625 13.25390625 13.25390625 13.25390625 13.25390625 13.25390625 13.25390625 13.25390625 13.25390625 13.25390625
13.009765625 13.009765625 13.009765625 13.009765625 13.009765625 13.009765625 13.009765625 13.009765625 13.009765625 13.009765625
13.0634765625 13.0634765625 13.0634765625 13.0634765625 13.0634765625 13.0634765625 13.0634765625 13.0634765625 13.0634765625 13.0634765625
13.0078125 13.0078125 13.0078125 13.0078125 13.0078125 13.0078125 13.0078125 13.0078125 13.0078125 13.0078125
13.9365234375 13.9365234375 13.9365234375 13.9365234375 13.9365234375 13.9365234375 13.9365234375 13.9365234375 13.9365234375 13.9365234375
13.7783203125 13.7783203125 13.7783203125 13.7783203125 13.7783203125 13.7783203125 13.7783203125 13.7783203125 13.7783203125 13.7783203125
13.4296875 13.4296875 13.4296875 13.4296875 13.4296875 13.4296875 13.4296875 13.4296875 13.4296875 13.4296875
13.345703125 13.345703125 13.345703125 13.345703125 13.345703125 13.345703125 13.345703125 13.345703125 13.345703125 13.345703125
13.337890625 13.337890625 13.337890625 13.337890625 13.337890625 13.337890625 13.337890625 13.337890625 13.337890625 13.337890625
13.396484375 13.396484375 13.396484375 13.396484375 13.396484375 13.396484375 13.396484375 13.396484375 13.396484375 13.396484375
13.52734375 13.52734375 13.52734375 13.52734375 13.52734375 13.52734375 13.52734375 13.52734375 13.52734375 13.52734375
13.3564453125 13.3564453125 13.3564453125 13.3564453125 13.3564453125 13.3564453125 13.3564453125 13.3564453125 13.3564453125 13.3564453125
13.4072265625 13.4072265625 13.4072265625 13.4072265625 13.4072265625 13.4072265625 13.4072265625 13.4072265625 13.4072265625 13.4072265625
13.4658203125 13.4658203125 13.4658203125 13.4658203125 13.4658203125 13.4658203125 13.4658203125 13.4658203125 13.4658203125 13.4658203125
13.4150390625 13.4150390625 13.4150390625 13.4150390625 13.4150390625 13.4150390625 13.4150390625 13.4150390625 13.4150390625 13.4150390625
13.60546875 13.60546875 13.60546875 13.60546875 13.60546875 13.60546875 13.60546875 13.60546875 13.60546875 13.60546875
13.3857421875 13.3857421875 13.3857421875 13.3857421875 13.3857421875 13.3857421875 13.3857421875 13.3857421875 13.3857421875 13.3857421875
13.546875 13.546875 13.546875 13.546875 13.546875 13.546875 13.546875 13.546875 13.546875 13.546875
13.13671875 13.13671875 13.13671875 13.13671875 13.13671875 13.13671875 13.13671875 13.13671875 13.13671875 13.13671875
13.15234375 13.15234375 13.15234375 13.15234375 13.15234375 13.15234375 13.15234375 13.15234375 13.15234375 13.15234375
13.25 13.25 13.25 13.25 13.25 13.25 13.25 13.25 13.25 13.25
13.5302734375 13.5302734375 13.5302734375 13.5302734375 13.5302734375 13.5302734375 13.5302734375 13.5302734375 13.5302734375 13.5302734375
13.2734375 13.2734375 13.2734375 13.2734375 13.2734375 13.2734375 13.2734375 13.2734375 13.2734375 13.2734375
13.169921875 13.169921875 13.169921875 13.169921875 13.169921875 13.169921875 13.169921875 13.169921875 13.169921875 13.169921875
13.345703125 13.345703125 13.345703125 13.345703125 13.345703125 13.345703125 13.345703125 13.345703125 13.345703125 13.345703125
13.3681640625 13.3681640625 13.3681640625 13.3681640625 13.3681640625 13.3681640625 13.3681640625 13.3681640625 13.3681640625 13.3681640625
13.576171875 13.576171875 13.576171875 13.576171875 13.576171875 13.576171875 13.576171875 13.576171875 13.576171875 13.576171875
13.556640625 13.556640625 13.556640625 13.556640625 13.556640625 13.556640625 13.556640625 13.556640625 13.556640625 13.556640625
13.25390625 13.25390625 13.25390625 13.25390625 13.25390625 13.25390625 13.25390625 13.25390625 13.25390625 13.25390625
13.009765625 13.009765625 13.009765625 13.009765625 13.009765625 13.009765625 13.009765625 13.009765625 13.009765625 13.009765625
12.9072265625 12.9072265625 12.9072265625 12.9072265625 12.9072265625 12.9072265625 12.9072265625 12.9072265625 12.9072265625 12.9072265625
13.576171875 13.576171875 13.576171875 13.576171875 13.576171875 13.576171875 13.576171875 13.576171875 13.576171875 13.576171875
13.556640625 13.556640625 13.556640625 13.556640625 13.556640625 13.556640625 13.556640625 13.556640625 13.556640625 13.556640625
13.25390625 13.25390625 13.25390625 13.25390625 13.25390625 13.25390625 13.25390625 13.25390625 13.25390625 13.25390625
13.009765625 13.009765625 13.009765625 13.009765625 13.009765625 13.009765625 13.009765625 13.009765625 13.009765625 13.009765625
13.0634765625 13.0634765625 13.0634765625 13.0634765625 13.0634765625 13.0634765625 13.0634765625 13.0634765625 13.0634765625 13.0634765625
13.0078125 13.0078125 13.0078125 13.0078125 13.0078125 13.0078125 13.0078125 13.0078125 13.0078125 13.0078125
13.9365234375 13.9365234375 13.9365234375 13.9365234375 13.9365234375 13.9365234375 13.9365234375 13.9365234375 13.9365234375 13.9365234375
13.7783203125 13.7783203125 13.7783203125 13.7783203125 13.7783203125 13.7783203125 13.7783203125 13.7783203125 13.7783203125 13.7783203125
13.4296875 13.4296875 13.4296875 13.4296875 13.4296875 13.4296875 13.4296875 13.4296875 13.4296875 13.4296875
13.345703125 13.345703125 13.345703125 13.345703125 13.345703125 13.345703125 13.345703125 13.345703125 13.345703125 13.345703125
13.337890625 13.337890625 13.337890625 13.337890625 13.337890625 13.337890625 13.337890625 13.337890625 13.337890625 13.337890625
13.396484375 13.396484375 13.396484375 13.396484375 13.396484375 13.396484375 13.396484375 13.396484375 13.396484375 13.396484375
13.52734375 13.52734375 13.52734375 13.52734375 13.52734375 13.52734375 13.52734375 13.52734375 13.52734375 13.52734375
13.3564453125 13.3564453125 13.3564453125 13.3564453125 13.3564453125 13.3564453125 13.3564453125 13.3564453125 13.3564453125 13.3564453125
13.4072265625 13.4072265625 13.4072265625 13.4072265625 13.4072265625 13.4072265625 13.4072265625 13.4072265625 13.4072265625 13.4072265625
13.4658203125 13.4658203125 13.4658203125 13.4658203125 13.4658203125 13.4658203125 13.4658203125 13.4658203125 13.4658203125 13.4658203125
13.4150390625 13.4150390625 13.4150390625 13.4150390625 13.4150390625 13.4150390625 13.4150390625 13.4150390625 13.4150390625 13.4150390625
13.60546875 13.60546875 13.60546875 13.60546875 13.60546875 13.60546875 13.60546875 13.60546875 13.60546875 13.60546875
13.3857421875 13.3857421875 13.3857421875 13.3857421875 13.3857421875 13.3857421875 13.3857421875 13.3857421875 13.3857421875 13.3857421875
13.546875 13.546875 13.546875 13.546875 13.546875 13.546875 13.546875 13.546875 13.546875 13.546875
13.13671875 13.13671875 13.13671875 13.13671875 13.13671875 13.13671875 13.13671875 13.13671875 13.13671875 13.13671875
13.15234375 13.15234375 13.15234375 13.15234375 13.15234375 13.15234375 13.15234375 13.15234375 13.15234375 13.15234375
13.25 13.25 13.25 13.25 13.25 13.25 13.25 13.25 13.25 13.25
13.5302734375 13.5302734375 13.5302734375 13.5302734375 13.5302734375 13.5302734375 13.5302734375 13.5302734375 13.5302734375 13.5302734375
13.2734375 13.2734375 13.2734375 13.2734375 13.2734375 13.2734375 13.2734375 13.2734375 13.2734375 13.2734375
13.169921875 13.169921875 13.169921875 13.169921875 13.169921875 13.169921875 13.169921875 13.169921875 13.169921875 13.169921875
13.345703125 13.345703125 13.345703125 13.345703125 13.345703125 13.345703125 13.345703125 13.345703125 13.345703125 13.345703125
13.3681640625 13.3681640625 13.3681640625 13.3681640625 13.3681640625 13.3681640625 13.3681640625 13.3681640625 13.3681640625 13.3681640625
13.576171875 13.576171875 13.576171875 13.576171875 13.576171875 13.576171875 13.576171875 13.576171875 13.576171875 13.576171875
13.556640625 13.556640625 13.556640625 13.556640625 13.556640625 13.556640625 13.556640625 13.556640625 13.556640625 13.556640625
13.25390625 13.25390625 13.25390625 13.25390625 13.25390625 13.25390625 13.25390625 13.25390625 13.25390625 13.25390625
13.009765625 13.009765625 13.009765625 13.009765625 13.009765625 13.009765625 13.009765625 13.009765625 13.009765625 13.009765625
12.9072265625 12.9072265625 12.9072265625 12.9072265625 12.9072265625 12.9072265625 12.9072265625 12.9072265625 12.9072265625 12.9072265625
13.576171875 13.576171875 13.576171875 13.576171875 13.576171875 13.576171875 13.576171875 13.576171875 13.576171875 13.576171875
13.556640625 13.556640625 13.556640625 13.556640625 13.556640625 13.556640625 13.556640625 13.556640625 13.556640625 13.556640625
13.25390625 13.25390625 13.25390625 13.25390625 13.25390625 13.25390625 13.25390625 13.25390625 13.25390625 13.25390625
13.009765625 13.009765625 13.009765625 13.009765625 13.009765625 13.009765625 13.009765625 13.009765625 13.009765625 13.009765625
13.0634765625 13.0634765625 13.0634765625 13.0634765625 13.0634765625 13.0634765625 13.0634765625 13.0634765625 13.0634765625 13.0634765625
13.0078125 13.0078125 13.0078125 13.0078125 13.0078125 13.0078125 13.0078125 13.0078125 13.0078125 13.0078125
13.9365234375 13.9365234375 13.9365234375 13.9365234375 13.9365234375 13.9365234375 13.9365234375 13.9365234375 13.9365234375 13.9365234375
13.7783203125 13.7783203125 13.7783203125 13.7783203125 13.7783203125 13.7783203125 13.7783203125 13.7783203125 13.7783203125 13.7783203125
13.4296875 13.4296875 13.4296875 13.4296875 13.4296875 13.4296875 13.4296875 13.4296875 13.4296875 13.4296875
13.345703125 13.345703125 13.345703125 13.345703125 13.345703125 13.345703125 13.345703125 13.345703125 13.345703125 13.345703125
13.337890625 13.337890625 13.337890625 13.337890625 13.337890625 13.337890625 13.337890625 13.337890625 13.337890625 13.337890625
13.396484375 13.396484375 13.396484375 13.396484375 13.396484375 13.396484375 13.396484375 13.396484375 13.396484375 13.396484375
13.52734375 13.52734375 13.52734375 13.52734375 13.52734375 13.52734375 13.52734375 13.52734375 13.52734375 13.52734375
13.3564453125 13.3564453125 13.3564453125 13.3564453125 13.3564453125 13.3564453125 13.3564453125 13.3564453125 13.3564453125 13.3564453125
13.4072265625 13.4072265625 13.4072265625 13.4072265625 13.4072265625 13.4072265625 13.4072265625 13.4072265625 13.4072265625 13.4072265625
13.4658203125 13.4658203125 13.4658203125 13.4658203125 13.4658203125 13.4658203125 13.4658203125 13.4658203125 13.4658203125 13.4658203125
13.4150390625 13.4150390625 13.4150390625 13.4150390625 13.4150390625 13.4150390625 13.4150390625 13.4150390625 13.4150390625 13.4150390625
13.60546875 13.60546875 13.60546875 13.60546875 13.60546875 13.60546875 13.60546875 13.60546875 13.60546875 13.60546875
13.3857421875 13.3857421875 13.3857421875 13.3857421875 13.3857421875 13.3857421875 13.3857421875 13.3857421875 13.3857421875 13.3857421875
13.546875 13.546875 13.546875 13.546875 13.546875 13.546875 13.546875 13.546875 13.546875 13.546875
13.13671875 13.13671875 13.13671875 13.13671875 13.13671875 13.13671875 13.13671875 13.13671875 13.13671875 13.13671875
13.15234375 13.15234375 13.15234375 13.15234375 13.15234375 13.15234375 13.15234375 13.15234375 13.15234375 13.15234375
13.25 13.25 13.25 13.25 13.25 13.25 13.25 13.25 13.25 13.25
13.5302734375 13.5302734375 13.5302734375 13.5302734375 13.5302734375 13.5302734375 13.5302734375 13.5302734375 13.5302734375 13.5302734375
13.2734375 13.2734375 13.2734375 13.2734375 13.2734375 13.2734375 13.2734375 13.2734375 13.2734375 13.2734375
13.169921875 13.169921875 13.169921875 13.169921875 13.169921875 13.169921875 13.169921875 13.169921875 13.169921875 13.169921875
13.345703125 13.345703125 13.345703125 13.345703125 13.345703125 13.345703125 13.345703125 13.345703125 13.345703125 13.345703125
13.3681640625 13.3681640625 13.3681640625 13.3681640625 13.3681640625 13.3681640625 13.3681640625 13.3681640625 13.3681640625 13.3681640625
13.576171875 13.576171875 13.576171875 13.576171875 13.576171875 13.576171875 13.576171875 13.576171875 13.576171875 13.576171875
13.556640625 13.556640625 13.556640625 13.556640625 13.556640625 13.556640625 13.556640625 13.556640625 13.556640625 13.556640625
13.25390625 13.25390625 13.25390625 13.25390625 13.25390625 13.25390625 13.25390625 13.25390625 13.25390625 13.25390625
13.009765625 13.009765625 13.009765625 13.009765625 13.009765625 13.009765625 13.009765625 13.009765625 13.009765625 13.009765625
12.9072265625 12.9072265625 12.9072265625 12.9072265625 12.9072265625 12.9072265625 12.9072265625 12.9072265625 12.9072265625 12.9072265625
13.576171875 13.576171875 13.576171875 13.576171875 13.576171875 13.576171875 13.576171875 13.576171875 13.576171875 13.576171875
13.556640625 13.556640625 13.556640625 13.556640625 13.556640625 13.556640625 13.556640625 13.556640625 13.556640625 13.556640625
13.25390625 13.25390625 13.25390625 13.25390625 13.25390625 13.25390625 13.25390625 13.25390625 13.25390625 13.25390625
13.009765625 13.009765625 13.009765625 13.009765625 13.009765625 13.009765625 13.009765625 13.009765625 13.009765625 13.009765625
13.0634765625 13.0634765625 13.0634765625 13.0634765625 13.0634765625 13.0634765625 13.0634765625 13.0634765625 13.0634765625 13.0634765625
13.0078125 13.0078125 13.0078125 13.0078125 13.0078125 13.0078125 13.0078125 13.0078125 13.0078125 13.0078125
13.9365234375 13.9365234375 13.9365234375 13.9365234375 13.9365234375 13.9365234375 13.9365234375 13.9365234375 13.9365234375 13.9365234375
13.7783203125 13.7783203125 13.7783203125 13.7783203125 13.7783203125 13.7783203125 13.7783203125 13.7783203125 13.7783203125 13.7783203125
13.4296875 13.4296875 13.4296875 13.4296875 13.4296875 13.4296875 13.4296875 13.4296875 13.4296875 13.4296875
13.345703125 13.345703125 13.345703125 13.345703125 13.345703125 13.345703125 13.345703125 13.345703125 13.345703125 13.345703125
13.337890625 13.337890625 13.337890625 13.337890625 13.337890625 13.337890625 13.337890625 13.337890625 13.337890625 13.337890625
13.396484375 13.396484375 13.396484375 13.396484375 13.396484375 13.396484375 13.396484375 13.396484375 13.396484375 13.396484375
13.52734375 13.52734375 13.52734375 13.52734375 13.52734375 13.52734375 13.52734375 13.52734375 13.52734375 13.52734375
13.3564453125 13.3564453125 13.3564453125 13.3564453125 13.3564453125 13.3564453125 13.3564453125 13.3564453125 13.3564453125 13.3564453125
13.4072265625 13.4072265625 13.4072265625 13.4072265625 13.4072265625 13.4072265625 13.4072265625 13.4072265625 13.4072265625 13.4072265625
13.4658203125 13.4658203125 13.4658203125 13.4658203125 13.4658203125 13.4658203125 13.4658203125 13.4658203125 13.4658203125 13.4658203125
13.4150390625 13.4150390625 13.4150390625 13.4150390625 13.4150390625 13.4150390625 13.4150390625 13.4150390625 13.4150390625 13.4150390625
13.60546875 13.60546875 13.60546875 13.60546875 13.60546875 13.60546875 13.60546875 13.60546875 13.60546875 13.60546875
13.3857421875 13.3857421875 13.3857421875 13.3857421875 13.3857421875 13.3857421875 13.3857421875 13.3857421875 13.3857421875 13.3857421875
13.546875 13.546875 13.546875 13.546875 13.546875 13.546875 13.546875 13.546875 13.546875 13.546875
13.13671875 13.13671875 13.13671875 13.13671875 13.13671875 13.13671875 13.13671875 13.13671875 13.13671875 13.13671875
13.15234375 13.15234375 13.15234375 13.15234375 13.15234375 13.15234375 13.15234375 13.15234375 13.15234375 13.15234375
13.25 13.25 13.25 13.25 13.25 13.25 13.25 13.25 13.25 13.25
13.5302734375 13.5302734375 13.5302734375 13.5302734375 13.5302734375 13.5302734375 13.5302734375 13.5302734375 13.5302734375 13.5302734375
13.2734375 13.2734375 13.2734375 13.2734375 13.2734375 13.2734375 13.2734375 13.2734375 13.2734375 13.2734375
13.169921875 13.169921875 13.169921875 13.169921875 13.169921875 13.169921875 13.169921875 13.169921875 13.169921875 13.169921875
13.345703125 13.345703125 13.345703125 13.345703125 13.345703125 13.345703125 13.345703125 13.345703125 13.345703125 13.345703125
13.3681640625 13.3681640625 13.3681640625 13.3681640625 13.3681640625 13.3681640625 13.3681640625 13.3681640625 13.3681640625 13.3681640625
13.576171875 13.576171875 13.576171875 13.576171875 13.576171875 13.576171875 13.576171875 13.576171875 13.576171875 13.576171875
13.556640625 13.556640625 13.556640625 13.556640625 13.556640625 13.556640625 13.556640625 13.556640625 13.556640625 13.556640625
13.25390625 13.25390625 13.25390625 13.25390625 13.25390625 13.25390625 13.25390625 13.25390625 13.25390625 13.25390625
13.009765625 13.009765625 13.009765625 13.009765625 13.009765625 13.009765625 13.009765625 13.009765625 13.009765625 13.009765625
12.9072265625 12.9072265625 12.9072265625 12.9072265625 12.9072265625 12.9072265625 12.9072265625 12.9072265625 12.9072265625 12.9072265625
13.576171875 13.576171875 13.576171875 13.576171875 13.576171875 13.576171875 13.576171875 13.576171875 13.576171875 13.576171875
13.556640625 13.556640625 13.556640625 13.556640625 13.556640625 13.556640625 13.556640625 13.556640625 13.556640625 13.556640625
13.25390625 13.25390625 13.25390625 13.25390625 13.25390625 13.25390625 13.25390625 13.25390625 13.25390625 13.25390625
13.009765625 13.009765625 13.009765625 13.009765625 13.009765625 13.009765625 13.009765625 13.009765625 13.009765625 13.009765625
13.0634765625 13.0634765625 13.0634765625 13.0634765625 13.0634765625 13.0634765625 13.0634765625 13.0634765625 13.0634765625 13.0634765625
13.0078125 13.0078125 13.0078125 13.0078125 13.0078125 13.0078125 13.0078125 13.0078125 13.0078125 13.0078125
13.9365234375 13.9365234375 13.9365234375 13.9365234375 13.9365234375 13.9365234375 13.9365234375 13.9365234375 13.9365234375 13.9365234375
13.7783203125 13.7783203125 13.7783203125 13.7783203125 13.7783203125 13.7783203125 13.7783203125 13.7783203125 13.7783203125 13.7783203125
13.4296875 13.4296875 13.4296875 13.4296875 13.4296875 13.4296875 13.4296875 13.4296875 13.4296875 13.4296875
13.345703125 13.345703125 13.345703125 13.345703125 13.345703125 13.345703125 13.345703125 13.345703125 13.345703125 13.345703125
13.337890625 13.337890625 13.337890625 13.337890625 13.337890625 13.337890625 13.337890625 13.337890625 13.337890625 13.337890625
13.396484375 13.396484375 13.396484375 13.396484375 13.396484375 13.396484375 13.396484375 13.396484375 13.396484375 13.396484375
13.52734375 13.52734375 13.52734375 13.52734375 13.52734375 13.52734375 13.52734375 13.52734375 13.52734375 13.52734375
13.3564453125 13.3564453125 13.3564453125 13.3564453125 13.3564453125 13.3564453125 13.3564453125 13.3564453125 13.3564453125 13.3564453125
13.4072265625 13.4072265625 13.4072265625 13.4072265625 13.4072265625 13.4072265625 13.4072265625 13.4072265625 13.4072265625 13.4072265625
13.4658203125 13.4658203125 13.4658203125 13.4658203125 13.4658203125 13.4658203125 13.4658203125 13.4658203125 13.4658203125 13.4658203125
13.4150390625 13.4150390625 13.4150390625 13.4150390625 13.4150390625 13.4150390625 13.4150390625 13.4150390625 13.4150390625 13.4150390625
13.60546875 13.60546875 13.60546875 13.60546875 13.60546875 13.60546875 13.60546875 13.60546875 13.60546875 13.60546875
13.3857421875 13.3857421875 13.3857421875 13.3857421875 13.3857421875 13.3857421875 13.3857421875 13.3857421875 13.3857421875 13.3857421875
13.546875 13.546875 13.546875 13.546875 13.546875 13.546875 13.546875 13.546875 13.546875 13.546875
13.13671875 13.13671875 13.13671875 13.13671875 13.13671875 13.13671875 13.13671875 13.13671875 13.13671875 13.13671875
13.15234375 13.15234375 13.15234375 13.15234375 13.15234375 13.15234375 13.15234375 13.15234375 13.15234375 13.15234375
13.25 13.25 13.25 13.25 13.25 13.25 13.25 13.25 13.25 13.25
13.5302734375 13.5302734375 13.5302734375 13.5302734375 13.5302734375 13.5302734375 13.5302734375 13.5302734375 13.5302734375 13.5302734375
13.2734375 13.2734375 13.2734375 13.2734375 13.2734375 13.2734375 13.2734375 13.2734375 13.2734375 13.2734375
13.169921875 13.169921875 13.169921875 13.169921875 13.169921875 13.169921875 13.169921875 13.169921875 13.169921875 13.169921875
13.345703125 13.345703125 13.345703125 13.345703125 13.345703125 13.345703125 13.345703125 13.345703125 13.345703125 13.345703125
13.3681640625 13.3681640625 13.3681640625 13.3681640625 13.3681640625 13.3681640625 13.3681640625 13.3681640625 13.3681640625 13.3681640625
13.576171875 13.576171875 13.576171875 13.576171875 13.576171875 13.576171875 13.576171875 13.576171875 13.576171875 13.576171875
13.556640625 13.556640625 13.556640625 13.556640625 13.556640625 13.556640625 13.556640625 13.556640625 13.556640625 13.556640625
13.25390625 13.25390625 13.25390625 13.25390625 13.25390625 13.25390625 13.25390625 13.25390625 13.25390625 13.25390625
13.009765625 13.009765625 13.009765625 13.009765625 13.009765625 13.009765625 13.009765625 13.009765625 13.009765625 13.009765625
12.9072265625 12.9072265625 12.9072265625 12.9072265625 12.9072265625 12.9072265625 12.9072265625 12.9072265625 12.9072265625 12.9072265625
13.576171875 13.576171875 13.576171875 13.576171875 13.576171875 13.576171875 13.576171875 13.576171875 13.576171875 13.576171875
13.556640625 13.556640625 13.556640625 13.556640625 13.556640625 13.556640625 13.556640625 13.556640625 13.556640625 13.556640625
13.25390625 13.25390625 13.25390625 13.25390625 13.25390625 13.25390625 13.25390625 13.25390625 13.25390625 13.25390625
13.009765625 13.009765625 13.009765625 13.009765625 13.009765625 13.009765625 13.009765625 13.009765625 13.009765625 13.009765625
13.0634765625 13.0634765625 13.0634765625 13.0634765625 13.0634765625 13.0634765625 13.0634765625 13.0634765625 13.0634765625 13.0634765625
13.0078125 13.0078125 13.0078125 13.0078125 13.0078125 13.0078125 13.0078125 13.0078125 13.0078125 13.0078125
13.9365234375 13.9365234375 13.9365234375 13.9365234375 13.9365234375 13.9365234375 13.9365234375 13.9365234375 13.9365234375 13.9365234375
13.7783203125 13.7783203125 13.7783203125 13.7783203125 13.7783203125 13.7783203125 13.7783203125 13.7783203125 13.7783203125 13.7783203125
13.4296875 13.4296875 13.4296875 13.4296875 13.4296875 13.4296875 13.4296875 13.4296875 13.4296875 13.4296875
13.345703125 13.345703125 13.345703125 13.345703125 13.345703125 13.345703125 13.345703125 13.345703125 13.345703125 13.345703125
13.337890625 13.337890625 13.337890625 13.337890625 13.337890625 13.337890625 13.337890625 13.337890625 13.337890625 13.337890625
13.396484375 13.396484375 13.396484375 13.396484375 13.396484375 13.396484375 13.396484375 13.396484375 13.396484375 13.396484375
13.52734375 13.52734375 13.52734375 13.52734375 13.52734375 13.52734375 13.52734375 13.52734375 13.52734375 13.52734375
13.3564453125 13.3564453125 13.3564453125 13.3564453125 13.3564453125 13.3564453125 13.3564453125 13.3564453125 13.3564453125 13.3564453125
13.4072265625 13.4072265625 13.4072265625 13.4072265625 13.4072265625 13.4072265625 13.4072265625 13.4072265625 13.4072265625 13.4072265625
13.4658203125 13.4658203125 13.4658203125 13.4658203125 13.4658203125 13.4658203125 13.4658203125 13.4658203125 13.4658203125 13.4658203125
13.4150390625 13.4150390625 13.4150390625 13.4150390625 13.4150390625 13.4150390625 13.4150390625 13.4150390625 13.4150390625 13.4150390625
13.60546875 13.60546875 13.60546875 13.60546875 13.60546875 13.60546875 13.60546875 13.60546875 13.60546875 13.60546875
13.3857421875 13.3857421875 13.3857421875 13.3857421875 13.3857421875 13.3857421875 13.3857421875 13.3857421875 13.3857421875 13.3857421875
13.546875 13.546875 13.546875 13.546875 13.546875 13.546875 13.546875 13.546875 13.546875 13.546875
13.13671875 13.13671875 13.13671875 13.13671875 13.13671875 13.13671875 13.13671875 13.13671875 13.13671875 13.13671875
13.15234375 13.15234375 13.15234375 13.15234375 13.15234375 13.15234375 13.15234375 13.15234375 13.15234375 13.15234375
13.25 13.25 13.25 13.25 13.25 13.25 13.25 13.25 13.25 13.25
13.5302734375 13.5302734375 13.5302734375 13.5302734375 13.5302734375 13.5302734375 13.5302734375 13.5302734375 13.5302734375 13.5302734375
13.2734375 13.2734375 13.2734375 13.2734375 13.2734375 13.2734375 13.2734375 13.2734375 13.2734375 13.2734375
13.169921875 13.169921875 13.169921875 13.169921875 13.169921875 13.169921875 13.169921875 13.169921875 13.169921875 13.169921875
13.345703125 13.345703125 13.345703125 13.345703125 13.345703125 13.345703125 13.345703125 13.345703125 13.345703125 13.345703125
13.3681640625 13.3681640625 13.3681640625 13.3681640625 13.3681640625 13.3681640625 13.3681640625 13.3681640625 13.3681640625 13.3681640625
13.576171875 13.576171875 13.576171875 13.576171875 13.576171875 13.576171875 13.576171875 13.576171875 13.576171875 13.576171875
13.556640625 13.556640625 13.556640625 13.556640625 13.556640625 13.556640625 13.556640625 13.556640625 13.556640625 13.556640625
13.25390625 13.25390625 13.25390625 13.25390625 13.25390625 13.25390625 13.25390625 13.25390625 13.25390625 13.25390625
13.009765625 13.009765625 13.009765625 13.009765625 13.009765625 13.009765625 13.009765625 13.009765625 13.009765625 13.009765625
12.9072265625 12.9072265625 12.9072265625 12.9072265625 12.9072265625 12.9072265625 12.9072265625 12.9072265625 12.9072265625 12.9072265625
13.576171875 13.576171875 13.576171875 13.576171875 13.576171875 13.576171875 13.576171875 13.576171875 13.576171875 13.576171875
13.556640625 13.556640625 13.556640625 13.556640625 13.556640625 13.556640625 13.556640625 13.556640625 13.556640625 13.556640625
13.25390625 13.25390625 13.25390625 13.25390625 13.25390625 13.25390625 13.25390625 13.25390625 13.25390625 13.25390625
13.009765625 13.009765625 13.009765625 13.009765625 13.009765625 13.009765625 13.009765625 13.009765625 13.009765625 13.009765625
13.0634765625 13.0634765625 13.0634765625 13.0634765625 13.0634765625 13.0634765625 13.0634765625 13.0634765625 13.0634765625 13.0634765625
13.0078125 13.0078125 13.0078125 13.0078125 13.0078125 13.0078125 13.0078125 13.0078125 13.0078125 13.0078125
13.9365234375 13.9365234375 13.9365234375 13.9365234375 13.9365234375 13.9365234375 13.9365234375 13.9365234375 13.9365234375 13.9365234375
13.7783203125 13.7783203125 13.7783203125 13.7783203125 13.7783203125 13.7783203125 13.7783203125 13.7783203125 13.7783203125 13.7783203125
13.4296875 13.4296875 13.4296875 13.4296875 13.4296875 13.4296875 13.4296875 13.4296875 13.4296875 13.4296875
13.345703125 13.345703125 13.345703125 13.345703125 13.345703125 13.345703125 13.345703125 13.345703125 13.345703125 13.345703125
13.337890625 13.337890625 13.337890625 13.337890625 13.337890625 13.337890625 13.337890625 13.337890625 13.337890625 13.337890625
13.396484375 13.396484375 13.396484375 13.396484375 13.396484375 13.396484375 13.396484375 13.396484375 13.396484375 13.396484375
13.52734375 13.52734375 13.52734375 13.52734375 13.52734375 13.52734375 13.52734375 13.52734375 13.52734375 13.52734375
13.3564453125 13.3564453125 13.3564453125 13.3564453125 13.3564453125 13.3564453125 13.3564453125 13.3564453125 13.3564453125 13.3564453125
13.4072265625 13.4072265625 13.4072265625 13.4072265625 13.4072265625 13.4072265625 13.4072265625 13.4072265625 13.4072265625 13.4072265625
13.4658203125 13.4658203125 13.4658203125 13.4658203125 13.4658203125 13.4658203125 13.4658203125 13.4658203125 13.4658203125 13.4658203125
13.4150390625 13.4150390625 13.4150390625 13.4150390625 13.4150390625 13.4150390625 13.4150390625 13.4150390625 13.4150390625 13.4150390625
13.60546875 13.60546875 13.60546875 13.60546875 13.60546875 13.60546875 13.60546875 13.60546875 13.60546875 13.60546875
13.3857421875 13.3857421875 13.3857421875 13.3857421875 13.3857421875 13.3857421875 13.3857421875 13.3857421875 13.3857421875 13.3857421875
13.546875 13.546875 13.546875 13.546875 13.546875 13.546875 13.546875 13.546875 13.546875 13.546875
13.13671875 13.13671875 13.13671875 13.13671875 13.13671875 13.13671875 13.13671875 13.13671875 13.13671875 13.13671875
13.15234375 13.15234375 13.15234375 13.15234375 13.15234375 13.15234375 13.15234375 13.15234375 13.15234375 13.15234375
13.25 13.25 13.25 13.25 13.25 13.25 13.25 13.25 13.25 13.25
13.5302734375 13.5302734375 13.5302734375 13.5302734375 13.5302734375 13.5302734375 13.5302734375 13.5302734375 13.5302734375 13.5302734375
13.2734375 13.2734375 13.2734375 13.2734375 13.2734375 13.2734375 13.2734375 13.2734375 13.2734375 13.2734375
13.169921875 13.169921875 13.169921875 13.169921875 13.169921875 13.169921875 13.169921875 13.169921875 13.169921875 13.169921875
13.345703125 13.345703125 13.345703125 13.345703125 13.345703125 13.345703125 13.345703125 13.345703125 13.345703125 13.345703125
13.3681640625 13.3681640625 13.3681640625 13.3681640625 13.3681640625 13.3681640625 13.3681640625 13.3681640625 13.3681640625 13.3681640625
13.576171875 13.576171875 13.576171875 13.576171875 13.576171875 13.576171875 13.576171875 13.576171875 13.576171875 13.576171875
13.556640625 13.556640625 13.556640625 13.556640625 13.556640625 13.556640625 13.556640625 13.556640625 13.556640625 13.556640625
13.25390625 13.25390625 13.25390625 13.25390625 13.25390625 13.25390625 13.25390625 13.25390625 13.25390625 13.25390625
13.009765625 13.009765625 13.009765625 13.009765625 13.009765625 13.009765625 13.009765625 13.009765625 13.009765625 13.009765625
12.9072265625 12.9072265625 12.9072265625 12.9072265625 12.9072265625 12.9072265625 12.9072265625 12.9072265625 12.9072265625 12.9072265625
13.576171875 13.576171875 13.576171875 13.576171875 13.576171875 13.576171875 13.576171875 13.576171875 13.576171875 13.576171875
13.556640625 13.556640625 13.556640625 13.556640625 13.556640625 13.556640625 13.556640625 13.556640625 13.556640625 13.556640625
13.25390625 13.25390625 13.25390625 13.25390625 13.25390625 13.25390625 13.25390625 13.25390625 13.25390625 13.25390625
13.009765625 13.009765625 13.009765625 13.009765625 13.009765625 13.009765625 13.009765625 13.009765625 13.009765625 13.009765625
13.0634765625 13.0634765625 13.0634765625 13.0634765625 13.0634765625 13.0634765625 13.0634765625 13.0634765625 13.0634765625 13.0634765625
13.0078125 13.0078125 13.0078125 13.0078125 13.0078125 13.0078125 13.0078125 13.0078125 13.0078125 13.0078125
13.9365234375 13.9365234375 13.9365234375 13.9365234375 13.9365234375 13.9365234375 13.9365234375 13.9365234375 13.9365234375 13.9365234375
13.7783203125 13.7783203125 13.7783203125 13.7783203125 13.7783203125 13.7783203125 13.7783203125 13.7783203125 13.7783203125 13.7783203125
13.4296875 13.4296875 13.4296875 13.4296875 13.4296875 13.4296875 13.4296875 13.4296875 13.4296875 13.4296875
13.345703125 13.345703125 13.345703125 13.345703125 13.345703125 13.345703125 13.345703125 13.345703125 13.345703125 13.345703125
13.337890625 13.337890625 13.337890625 13.337890625 13.337890625 13.337890625 13.337890625 13.337890625 13.337890625 13.337890625
13.396484375 13.396484375 13.396484375 13.396484375 13.396484375 13.396484375 13.396484375 13.396484375 13.396484375 13.396484375
13.52734375 13.52734375 13.52734375 13.52734375 13.52734375 13.52734375 13.52734375 13.52734375 13.52734375 13.52734375
13.3564453125 13.3564453125 13.3564453125 13.3564453125 13.3564453125 13.3564453125 13.3564453125 13.3564453125 13.3564453125 13.3564453125
13.4072265625 13.4072265625 13.4072265625 13.4072265625 13.4072265625 13.4072265625 13.4072265625 13.4072265625 13.4072265625 13.4072265625
13.4658203125 13.4658203125 13.4658203125 13.4658203125 13.4658203125 13.4658203125 13.4658203125 13.4658203125 13.4658203125 13.4658203125
13.4150390625 13.4150390625 13.4150390625 13.4150390625 13.4150390625 13.4150390625 13.4150390625 13.4150390625 13.4150390625 13.4150390625
13.60546875 13.60546875 13.60546875 13.60546875 13.60546875 13.60546875 13.60546875 13.60546875 13.60546875 13.60546875
13.3857421875 13.3857421875 13.3857421875 13.3857421875 13.3857421875 13.3857421875 13.3857421875 13.3857421875 13.3857421875 13.3857421875
13.546875 13.546875 13.546875 13.546875 13.546875 13.546875 13.546875 13.546875 13.546875 13.546875
13.13671875 13.13671875 13.13671875 13.13671875 13.13671875 13.13671875 13.13671875 13.13671875 13.13671875 13.13671875
13.15234375 13.15234375 13.15234375 13.15234375 13.15234375 13.15234375 13.15234375 13.15234375 13.15234375 13.15234375
13.25 13.25 13.25 13.25 13.25 13.25 13.25 13.25 13.25 13.25
13.5302734375 13.5302734375 13.5302734375 13.5302734375 13.5302734375 13.5302734375 13.5302734375 13.5302734375 13.5302734375 13.5302734375
13.2734375 13.2734375 13.2734375 13.2734375 13.2734375 13.2734375 13.2734375 13.2734375 13.2734375 13.2734375
13.169921875 13.169921875 13.169921875 13.169921875 13.169921875 13.169921875 13.169921875 13.169921875 13.169921875 13.169921875
13.345703125 13.345703125 13.345703125 13.345703125 13.345703125 13.345703125 13.345703125 13.345703125 13.345703125 13.345703125
13.3681640625 13.3681640625 13.3681640625 13.3681640625 13.3681640625 13.3681640625 13.3681640625 13.3681640625 13.3681640625 13.3681640625
13.576171875 13.576171875 13.576171875 13.576171875 13.576171875 13.576171875 13.576171875 13.576171875 13.576171875 13.576171875
13.556640625 13.556640625 13.556640625 13.556640625 13.556640625 13.556640625 13.556640625 13.556640625 13.556640625 13.556640625
13.25390625 13.25390625 13.25390625 13.25390625 13.25390625 13.25390625 13.25390625 13.25390625 13.25390625 13.25390625
13.009765625 13.009765625 13.009765625 13.009765625 13.009765625 13.009765625 13.009765625 13.009765625 13.009765625 13.009765625
12.9072265625 12.9072265625 12.9072265625 12.9072265625 12.9072265625 12.9072265625 12.9072265625 12.9072265625 12.9072265625 12.9072265625
13.576171875 13.576171875 13.576171875 13.576171875 13.576171875 13.576171875 13.576171875 13.576171875 13.576171875 13.576171875
13.556640625 13.556640625 13.556640625 13.556640625 13.556640625 13.556640625 13.556640625 13.556640625 13.556640625 13.556640625
13.25390625 13.25390625 13.25390625 13.25390625 13.25390625 13.25390625 13.25390625 13.25390625 13.25390625 13.25390625
13.009765625 13.009765625 13.009765625 13.009765625 13.009765625 13.009765625 13.009765625 13.009765625 13.009765625 13.009765625
13.0634765625 13.0634765625 13.0634765625 13.0634765625 13.0634765625 13.0634765625 13.0634765625 13.0634765625 13.0634765625 13.0634765625
13.0078125 13.0078125 13.0078125 13.0078125 13.0078125 13.0078125 13.0078125 13.0078125 13.0078125 13.0078125
13.9365234375 13.9365234375 13.9365234375 13.9365234375 13.9365234375 13.9365234375 13.9365234375 13.9365234375 13.9365234375 13.9365234375
13.7783203125 13.7783203125 13.7783203125 13.7783203125 13.7783203125 13.7783203125 13.7783203125 13.7783203125 13.7783203125 13.7783203125
13.4296875 13.4296875 13.4296875 13.4296875 13.4296875 13.4296875 13.4296875 13.4296875 13.4296875 13.4296875
