46.03125 46.0625 46.0625 46.0859375 46.0859375 46.0859375 46.1171875
47.107421875 47.107421875 47.107421875 47.107421875 47.107421875 47.107421875
48.005859375 48.005859375 48.005859375 48.005859375 48.005859375 48.005859375 48.005859375
49.1474609375 49.1474609375 49.1474609375 49.1474609375 49.1474609375 49.1474609375 49.1474609375
50.2490234375 50.2490234375 50.2490234375 50.2490234375 50.2490234375 50.2490234375
51.16015625 51.16015625 51.16015625 51.16015625 51.16015625 51.16015625
52.0458984375 52.0458984375 52.0458984375 52.0458984375 52.0458984375 52.0458984375
52.95703125 52.95703125 52.95703125 52.95703125 52.95703125 52.95703125
53.8427734375 53.8427734375 53.8427734375 53.8427734375 53.8427734375 53.8427734375
54.75390625 54.75390625 54.75390625 54.75390625 54.75390625 54.75390625 54.75390625
55.3349609375 55.3349609375 55.3349609375 55.3349609375 55.3349609375 55.3349609375 55.3349609375
56.4091796875 56.4091796875 56.4091796875 56.4091796875 56.4091796875 56.4091796875
56.4921875 56.4921875 56.4921875 56.4921875 56.4921875 56.4921875
57.365234375 57.365234375 57.365234375 57.365234375 57.365234375 57.365234375
54.08203125 54.08203125 54.08203125 54.08203125 54.08203125 54.08203125
50.1279296875 50.1279296875 50.1279296875 50.1279296875 50.1279296875 50.1279296875
51.0390625 51.0390625 51.0390625 51.0390625 51.0390625 51.0390625 51.0390625
51.93359375 51.93359375 51.93359375 51.93359375 51.93359375 51.93359375 51.93359375
52.8427734375 52.8427734375 52.8427734375 52.8427734375 52.8427734375 52.8427734375
53.75390625 53.75390625 53.75390625 53.75390625 53.75390625 53.75390625
54.6396484375 54.6396484375 54.6396484375 54.6396484375 54.6396484375 54.6396484375
55.55078125 55.55078125 55.55078125 55.55078125 55.55078125 55.55078125
56.4365234375 56.4365234375 56.4365234375 56.4365234375 56.4365234375 56.4365234375
57.34765625 57.34765625 57.34765625 57.34765625 57.34765625 57.34765625 57.34765625
58.2568359375 58.2568359375 58.2568359375 58.2568359375 58.2568359375 58.2568359375 58.2568359375
59.08984375 59.55859375 59.55859375 59.55859375 59.55859375 59.55859375
60.4716796875 60.4716796875 60.4716796875 60.4716796875 60.4716796875 60.4716796875
59.65625 48.169921875 48.169921875 48.169921875 48.169921875 48.169921875 48.169921875
49.1103515625 49.1103515625 49.1103515625 49.1103515625 49.1103515625 49.1103515625 49.1103515625
50.271484375 50.271484375 50.271484375 50.271484375 50.271484375 50.271484375
51.169921875 51.169921875 51.169921875 51.169921875 51.169921875 51.169921875 51.169921875
52.2353515625 52.2353515625 52.2353515625 52.2353515625 52.2353515625 52.2353515625 52.2353515625
53.3095703125 53.3095703125 53.3095703125 53.3095703125 53.3095703125 53.3095703125
54.220703125 54.220703125 54.220703125 54.220703125 54.220703125 54.220703125
55.119140625 55.119140625 55.119140625 55.119140625 55.119140625 55.119140625
56.017578125 56.017578125 56.017578125 56.017578125 56.017578125 56.017578125
56.916015625 56.916015625 56.916015625 56.916015625 56.916015625 56.916015625
57.814453125 57.814453125 57.814453125 57.814453125 57.814453125 57.814453125 57.814453125
58.4111328125 58.4111328125 58.4111328125 58.4111328125 58.4111328125 58.4111328125 58.4111328125
59.0126953125 59.0126953125 59.0126953125 59.0126953125 59.0126953125 59.0126953125
59.923828125 59.923828125 59.923828125 59.923828125 59.923828125 59.923828125
55.669921875 55.669921875 55.669921875 55.669921875 55.669921875 55.669921875
50.142578125 50.142578125 50.142578125 50.142578125 50.142578125 50.142578125
51.041015625 51.041015625 51.041015625 51.041015625 51.041015625 51.041015625
51.939453125 51.939453125 51.939453125 51.939453125 51.939453125 51.939453125 51.939453125
53.064453125 53.064453125 53.064453125 53.064453125 53.064453125 53.064453125 53.064453125
54.1298828125 54.1298828125 54.1298828125 54.1298828125 54.1298828125 54.1298828125
55.041015625 55.041015625 55.041015625 55.041015625 55.041015625 55.041015625
55.939453125 55.939453125 55.939453125 55.939453125 55.939453125 55.939453125
56.837890625 56.837890625 56.837890625 56.837890625 56.837890625 56.837890625
57.736328125 57.736328125 57.736328125 57.736328125 57.736328125 57.736328125
58.634765625 58.634765625 58.634765625 58.634765625 58.634765625 58.634765625 58.634765625
59.7001953125 59.7001953125 59.7001953125 59.7001953125 59.7001953125 59.7001953125 59.7001953125
59.736328125 59.736328125 59.736328125 59.736328125 59.736328125 59.736328125
60.634765625 60.634765625 60.634765625 60.634765625 60.634765625 60.634765625
56.6650390625 56.6650390625 56.6650390625 56.6650390625 56.6650390625 56.6650390625
50.142578125 50.142578125 50.142578125 50.142578125 50.142578125 50.142578125
51.041015625 51.041015625 51.041015625 51.041015625 51.041015625 51.041015625
51.939453125 51.939453125 51.939453125 51.939453125 51.939453125 51.939453125 51.939453125
53.064453125 53.064453125 53.064453125 53.064453125 53.064453125 53.064453125 53.064453125
54.1298828125 54.1298828125 54.1298828125 54.1298828125 54.1298828125 54.1298828125
55.041015625 55.041015625 55.041015625 55.041015625 55.041015625 55.041015625
55.939453125 55.939453125 55.939453125 55.939453125 55.939453125 55.939453125
56.837890625 56.837890625 56.837890625 56.837890625 56.837890625 56.837890625
57.736328125 57.736328125 57.736328125 57.736328125 57.736328125 57.736328125
58.4130859375 58.4130859375 58.4130859375 58.4130859375 58.4130859375 58.4130859375 58.4130859375
59.5146484375 59.5146484375 59.5146484375 59.5146484375 59.5146484375 59.5146484375 59.5146484375
60.5888671875 60.5888671875 60.5888671875 60.5888671875 60.5888671875 60.5888671875
60.0595703125 60.0595703125 60.0595703125 60.0595703125 60.0595703125 60.0595703125
52.4150390625 52.4150390625 52.4150390625 52.4150390625 52.4150390625 52.4150390625
49.548828125 49.548828125 49.548828125 49.548828125 49.548828125 49.548828125
50.447265625 50.447265625 50.447265625 50.447265625 50.447265625 50.447265625
51.345703125 51.345703125 51.345703125 51.345703125 51.345703125 51.345703125 51.345703125
52.470703125 52.470703125 52.470703125 52.470703125 52.470703125 52.470703125 52.470703125
53.5361328125 53.5361328125 53.5361328125 53.5361328125 53.5361328125 53.5361328125
54.447265625 54.447265625 54.447265625 54.447265625 54.447265625 54.447265625
55.345703125 55.345703125 55.345703125 55.345703125 55.345703125 55.345703125
56.244140625 56.244140625 56.244140625 56.244140625 56.244140625 56.244140625
57.142578125 57.142578125 57.142578125 57.142578125 57.142578125 57.142578125
58.041015625 58.041015625 58.041015625 58.041015625 58.041015625 58.041015625 58.041015625
59.1064453125 59.1064453125 59.1064453125 59.1064453125 59.1064453125 59.1064453125 59.1064453125
59.439453125 59.439453125 59.439453125 59.439453125 59.439453125 59.439453125
60.337890625 60.337890625 60.337890625 60.337890625 60.337890625 60.337890625
56.3056640625 56.3056640625 56.3056640625 56.3056640625 56.3056640625 56.3056640625
50.142578125 50.142578125 50.142578125 50.142578125 50.142578125 50.142578125 50.142578125
51.267578125 51.267578125 51.267578125 51.267578125 51.267578125 51.267578125
52.166015625 52.166015625 52.166015625 52.166015625 52.166015625 52.166015625 52.166015625
53.2314453125 53.2314453125 53.2314453125 53.2314453125 53.2314453125 53.2314453125 53.2314453125
54.3330078125 54.3330078125 54.3330078125 54.3330078125 54.3330078125 54.3330078125
55.244140625 55.244140625 55.244140625 55.244140625 55.244140625 55.244140625
56.142578125 56.142578125 56.142578125 56.142578125 56.142578125 56.142578125
57.041015625 57.041015625 57.041015625 57.041015625 57.041015625 57.041015625
57.939453125 57.939453125 57.939453125 57.939453125 57.939453125 57.939453125 57.939453125
59.0048828125 59.0048828125 59.0048828125 59.0048828125 59.0048828125 59.0048828125 59.0048828125
60.0791015625 60.0791015625 60.0791015625 60.0791015625 60.0791015625 60.0791015625 60.0791015625
59.1884765625 59.1884765625 59.1884765625 59.1884765625 59.1884765625 59.1884765625
48.8515625 48.8515625 48.8515625 48.8515625 48.8515625 48.8515625 48.8515625
49.6796875 49.6796875 49.6796875 49.6796875 49.6796875 49.6796875
50.552734375 50.552734375 50.552734375 50.552734375 50.552734375 50.552734375
51.451171875 51.451171875 51.451171875 51.451171875 51.451171875 51.451171875 51.451171875
52.576171875 52.576171875 52.576171875 52.576171875 52.576171875 52.576171875 52.576171875
53.6416015625 53.6416015625 53.6416015625 53.6416015625 53.6416015625 53.6416015625 53.6416015625
54.72265625 54.72265625 54.72265625 54.72265625 54.72265625 54.72265625
55.6083984375 55.6083984375 55.6083984375 55.6083984375 55.6083984375 55.6083984375
56.51953125 56.51953125 56.51953125 56.51953125 56.51953125 56.51953125
57.4052734375 57.4052734375 57.4052734375 57.4052734375 57.4052734375 57.4052734375
58.31640625 58.31640625 58.31640625 58.31640625 58.31640625 58.31640625
59.2021484375 59.2021484375 59.2021484375 59.2021484375 59.2021484375 59.2021484375 59.2021484375
60.2763671875 60.2763671875 60.2763671875 60.2763671875 60.2763671875 60.2763671875 60.2763671875
59.76953125 59.76953125 59.76953125 59.76953125 59.76953125 59.76953125
56.171875 56.171875 56.171875 56.171875 56.171875 56.171875
49.9580078125 49.9580078125 49.9580078125 49.9580078125 49.9580078125 49.9580078125
50.869140625 50.869140625 50.869140625 50.869140625 50.869140625 50.869140625
51.767578125 51.767578125 51.767578125 51.767578125 51.767578125 51.767578125
52.666015625 52.666015625 52.666015625 52.666015625 52.666015625 52.666015625 52.666015625
53.791015625 53.791015625 53.791015625 53.791015625 53.791015625 53.791015625 53.791015625
54.8564453125 54.8564453125 54.8564453125 54.8564453125 54.8564453125 54.8564453125
55.767578125 55.767578125 55.767578125 55.767578125 55.767578125 55.767578125
56.666015625 56.666015625 56.666015625 56.666015625 56.666015625 56.666015625
57.564453125 57.564453125 57.564453125 57.564453125 57.564453125 57.564453125
58.462890625 58.462890625 58.462890625 58.462890625 58.462890625 58.462890625
59.361328125 59.361328125 59.361328125 59.361328125 59.361328125 59.361328125 59.361328125
59.6689453125 59.6689453125 59.6689453125 59.6689453125 59.6689453125 59.6689453125 59.6689453125
55.5849609375 55.5849609375 55.5849609375 55.5849609375 55.5849609375 55.5849609375
56.49609375 56.49609375 56.49609375 56.49609375 56.49609375 56.49609375
50.1826171875 50.1826171875 50.1826171875 50.1826171875 50.1826171875 50.1826171875
51.09375 51.09375 51.09375 51.09375 51.09375 51.09375
51.94140625 51.94140625 51.94140625 51.94140625 51.94140625 51.94140625
52.8271484375 52.8271484375 52.8271484375 52.8271484375 52.8271484375 52.8271484375 52.8271484375
53.9677734375 53.9677734375 53.9677734375 53.9677734375 53.9677734375 53.9677734375 53.9677734375
55.0419921875 55.0419921875 55.0419921875 55.0419921875 55.0419921875 55.0419921875
55.953125 55.953125 55.953125 55.953125 55.953125 55.953125
56.8134765625 56.8134765625 56.8134765625 56.8134765625 56.8134765625 56.8134765625
57.724609375 57.724609375 57.724609375 57.724609375 57.724609375 57.724609375 57.724609375
58.7900390625 58.7900390625 58.7900390625 58.7900390625 58.7900390625 58.7900390625 58.7900390625
59.8642578125 59.8642578125 59.8642578125 59.8642578125 59.8642578125 59.8642578125 59.8642578125
59.74609375 59.74609375 59.74609375 59.74609375 59.74609375 59.74609375 59.74609375
56.287109375 56.287109375 56.287109375 56.287109375 56.287109375 56.287109375
49.861328125 49.861328125 49.861328125 49.861328125 49.861328125 49.861328125
50.759765625 50.759765625 50.759765625 50.759765625 50.759765625 50.759765625
51.658203125 51.658203125 51.658203125 51.658203125 51.658203125 51.658203125
52.556640625 52.556640625 52.556640625 52.556640625 52.556640625 52.556640625
53.455078125 53.455078125 53.455078125 53.455078125 53.455078125 53.455078125 53.455078125
54.580078125 54.580078125 54.580078125 54.580078125 54.580078125 54.580078125 54.580078125
55.6455078125 55.6455078125 55.6455078125 55.6455078125 55.6455078125 55.6455078125
56.556640625 56.556640625 56.556640625 56.556640625 56.556640625 56.556640625
57.455078125 57.455078125 57.455078125 57.455078125 57.455078125 57.455078125
58.353515625 58.353515625 58.353515625 58.353515625 58.353515625 58.353515625
59.251953125 59.251953125 59.251953125 59.251953125 59.251953125 59.251953125
60.150390625 60.150390625 60.150390625 60.150390625 60.150390625 60.150390625 60.150390625
59.7666015625 59.7666015625 59.7666015625 59.7666015625 59.7666015625 59.7666015625 59.7666015625
56.5263671875 56.5263671875 56.5263671875 56.5263671875 56.5263671875 56.5263671875
50.12890625 50.12890625 50.12890625 50.12890625 50.12890625 50.12890625
51.0146484375 51.0146484375 51.0146484375 51.0146484375 51.0146484375 51.0146484375
51.92578125 51.92578125 51.92578125 51.92578125 51.92578125 51.92578125
52.8115234375 52.8115234375 52.8115234375 52.8115234375 52.8115234375 52.8115234375
53.72265625 53.72265625 53.72265625 53.72265625 53.72265625 53.72265625 53.72265625
54.6318359375 54.6318359375 54.6318359375 54.6318359375 54.6318359375 54.6318359375 54.6318359375
55.7724609375 55.7724609375 55.7724609375 55.7724609375 55.7724609375 55.7724609375
56.68359375 56.68359375 56.68359375 56.68359375 56.68359375 56.68359375
57.5693359375 57.5693359375 57.5693359375 57.5693359375 57.5693359375 57.5693359375
58.48046875 58.48046875 58.48046875 58.48046875 58.48046875 58.48046875
59.3662109375 59.3662109375 59.3662109375 59.3662109375 59.3662109375 59.3662109375
60.27734375 60.27734375 60.27734375 60.27734375 60.27734375 60.27734375 60.27734375
60.310546875 60.310546875 60.310546875 60.310546875 60.310546875 60.310546875 60.310546875
52.5400390625 52.5400390625 52.5400390625 52.5400390625 52.5400390625 52.5400390625
49.853515625 49.853515625 49.853515625 49.853515625 49.853515625 49.853515625
50.751953125 50.751953125 50.751953125 50.751953125 50.751953125 50.751953125
51.650390625 51.650390625 51.650390625 51.650390625 51.650390625 51.650390625
52.548828125 52.548828125 52.548828125 52.548828125 52.548828125 52.548828125
53.447265625 53.447265625 53.447265625 53.447265625 53.447265625 53.447265625 53.447265625
54.572265625 54.572265625 54.572265625 54.572265625 54.572265625 54.572265625 54.572265625
55.6376953125 55.6376953125 55.6376953125 55.6376953125 55.6376953125 55.6376953125
56.548828125 56.548828125 56.548828125 56.548828125 56.548828125 56.548828125
57.447265625 57.447265625 57.447265625 57.447265625 57.447265625 57.447265625
58.345703125 58.345703125 58.345703125 58.345703125 58.345703125 58.345703125
59.244140625 59.244140625 59.244140625 59.244140625 59.244140625 59.244140625
59.14453125 59.14453125 59.14453125 59.14453125 59.14453125 59.14453125 59.14453125
60.0537109375 60.0537109375 60.0537109375 60.0537109375 60.0537109375 60.0537109375 60.0537109375
58.6396484375 58.6396484375 58.6396484375 58.6396484375 58.6396484375 58.6396484375
50.7412109375 50.7412109375 50.7412109375 50.7412109375 50.7412109375 50.7412109375
51.65234375 51.65234375 51.65234375 51.65234375 51.65234375 51.65234375
52.5380859375 52.5380859375 52.5380859375 52.5380859375 52.5380859375 52.5380859375
53.44921875 53.44921875 53.44921875 53.44921875 53.44921875 53.44921875
54.3349609375 54.3349609375 54.3349609375 54.3349609375 54.3349609375 54.3349609375 54.3349609375
55.4755859375 55.4755859375 55.4755859375 55.4755859375 55.4755859375 55.4755859375 55.4755859375
56.5498046875 56.5498046875 56.5498046875 56.5498046875 56.5498046875 56.5498046875
57.4609375 57.4609375 57.4609375 57.4609375 57.4609375 57.4609375
58.333984375 58.333984375 58.333984375 58.333984375 58.333984375 58.333984375
59.232421875 59.232421875 59.232421875 59.232421875 59.232421875 59.232421875
60.130859375 60.130859375 60.130859375 60.130859375 60.130859375 60.130859375
60.6279296875 60.6279296875 60.6279296875 60.6279296875 60.6279296875 60.6279296875 60.6279296875
58.3330078125 58.3330078125 58.3330078125 58.3330078125 58.3330078125 58.3330078125 58.3330078125
49.9951171875 49.9951171875 49.9951171875 49.9951171875 49.9951171875 49.9951171875
50.90625 50.90625 50.90625 50.90625 50.90625 50.90625
51.75390625 51.75390625 51.75390625 51.75390625 51.75390625 51.75390625
52.6396484375 52.6396484375 52.6396484375 52.6396484375 52.6396484375 52.6396484375
53.55078125 53.55078125 53.55078125 53.55078125 53.55078125 53.55078125
54.4365234375 54.4365234375 54.4365234375 54.4365234375 54.4365234375 54.4365234375 54.4365234375
55.5771484375 55.5771484375 55.5771484375 55.5771484375 55.5771484375 55.5771484375 55.5771484375
56.6513671875 56.6513671875 56.6513671875 56.6513671875 56.6513671875 56.6513671875
57.5625 57.5625 57.5625 57.5625 57.5625 57.5625
58.3974609375 58.3974609375 58.3974609375 58.3974609375 58.3974609375 58.3974609375
59.30859375 59.30859375 59.30859375 59.30859375 59.30859375 59.30859375
60.1943359375 60.1943359375 60.1943359375 60.1943359375 60.1943359375 60.1943359375
60.177734375 60.177734375 60.177734375 60.177734375 60.177734375 60.177734375 60.177734375
58.212890625 58.212890625 58.212890625 58.212890625 58.212890625 58.212890625 58.212890625
49.96875 49.96875 49.96875 49.96875 49.96875 49.96875
50.81640625 50.81640625 50.81640625 50.81640625 50.81640625 50.81640625
51.7021484375 51.7021484375 51.7021484375 51.7021484375 51.7021484375 51.7021484375
52.61328125 52.61328125 52.61328125 52.61328125 52.61328125 52.61328125
53.4990234375 53.4990234375 53.4990234375 53.4990234375 53.4990234375 53.4990234375
54.41015625 54.41015625 54.41015625 54.41015625 54.41015625 54.41015625 54.41015625
55.3193359375 55.3193359375 55.3193359375 55.3193359375 55.3193359375 55.3193359375 55.3193359375
56.48046875 56.48046875 56.48046875 56.48046875 56.48046875 56.48046875
57.3662109375 57.3662109375 57.3662109375 57.3662109375 57.3662109375 57.3662109375
58.27734375 58.27734375 58.27734375 58.27734375 58.27734375 58.27734375
59.1630859375 59.1630859375 59.1630859375 59.1630859375 59.1630859375 59.1630859375
60.07421875 60.07421875 60.07421875 60.07421875 60.07421875 60.07421875
60.349609375 60.349609375 60.349609375 60.349609375 60.349609375 60.349609375 60.349609375
58.0244140625 58.0244140625 58.0244140625 58.0244140625 58.0244140625 58.0244140625 58.0244140625
49.974609375 49.974609375 49.974609375 49.974609375 49.974609375 49.974609375
50.873046875 50.873046875 50.873046875 50.873046875 50.873046875 50.873046875
51.771484375 51.771484375 51.771484375 51.771484375 51.771484375 51.771484375
52.669921875 52.669921875 52.669921875 52.669921875 52.669921875 52.669921875
53.568359375 53.568359375 53.568359375 53.568359375 53.568359375 53.568359375
54.466796875 54.466796875 54.466796875 54.466796875 54.466796875 54.466796875 54.466796875
55.591796875 55.591796875 55.591796875 55.591796875 55.591796875 55.591796875 55.591796875
56.6572265625 56.6572265625 56.6572265625 56.6572265625 56.6572265625 56.6572265625
57.568359375 57.568359375 57.568359375 57.568359375 57.568359375 57.568359375
58.466796875 58.466796875 58.466796875 58.466796875 58.466796875 58.466796875
59.365234375 59.365234375 59.365234375 59.365234375 59.365234375 59.365234375
60.263671875 60.263671875 60.263671875 60.263671875 60.263671875 60.263671875
59.4775390625 59.4775390625 59.4775390625 59.4775390625 59.4775390625 59.4775390625 59.4775390625
52.8076171875 52.8076171875 52.8076171875 52.8076171875 52.8076171875 52.8076171875 52.8076171875
49.8818359375 49.8818359375 49.8818359375 49.8818359375 49.8818359375 49.8818359375
50.79296875 50.79296875 50.79296875 50.79296875 50.79296875 50.79296875
51.6787109375 51.6787109375 51.6787109375 51.6787109375 51.6787109375 51.6787109375
52.58984375 52.58984375 52.58984375 52.58984375 52.58984375 52.58984375
53.4755859375 53.4755859375 53.4755859375 53.4755859375 53.4755859375 53.4755859375
54.38671875 54.38671875 54.38671875 54.38671875 54.38671875 54.38671875 54.38671875
55.2958984375 55.2958984375 55.2958984375 55.2958984375 55.2958984375 55.2958984375 55.2958984375
56.3701171875 56.3701171875 56.3701171875 56.3701171875 56.3701171875 56.3701171875
57.28125 57.28125 57.28125 57.28125 57.28125 57.28125
58.12890625 58.12890625 58.12890625 58.12890625 58.12890625 58.12890625
59.0146484375 59.0146484375 59.0146484375 59.0146484375 59.0146484375 59.0146484375
59.92578125 59.92578125 59.92578125 59.92578125 59.92578125 59.92578125
59.787109375 59.787109375 59.787109375 59.787109375 59.787109375 59.787109375 59.787109375
52.5322265625 52.5322265625 52.5322265625 52.5322265625 52.5322265625 52.5322265625 52.5322265625
49.861328125 49.861328125 49.861328125 49.861328125 49.861328125 49.861328125
50.759765625 50.759765625 50.759765625 50.759765625 50.759765625 50.759765625 50.759765625
51.8251953125 51.8251953125 51.8251953125 51.8251953125 51.8251953125 51.8251953125
52.736328125 52.736328125 52.736328125 52.736328125 52.736328125 52.736328125
53.634765625 53.634765625 53.634765625 53.634765625 53.634765625 53.634765625
54.533203125 54.533203125 54.533203125 54.533203125 54.533203125 54.533203125
55.431640625 55.431640625 55.431640625 55.431640625 55.431640625 55.431640625
56.330078125 56.330078125 56.330078125 56.330078125 56.330078125 56.330078125
57.228515625 57.228515625 57.228515625 57.228515625 57.228515625 57.228515625 57.228515625
58.2939453125 58.2939453125 58.2939453125 58.2939453125 58.2939453125 58.2939453125 58.2939453125
59.3681640625 59.3681640625 59.3681640625 59.3681640625 59.3681640625 59.3681640625
59.6826171875 59.6826171875 59.6826171875 59.6826171875 59.6826171875 59.6826171875
55.220703125 55.220703125 55.220703125 55.220703125 55.220703125 55.220703125
49.099609375 49.099609375 49.099609375 49.099609375 49.099609375 49.099609375
49.998046875 49.998046875 49.998046875 49.998046875 49.998046875 49.998046875
50.896484375 50.896484375 50.896484375 50.896484375 50.896484375 50.896484375 50.896484375
52.021484375 52.021484375 52.021484375 52.021484375 52.021484375 52.021484375 52.021484375
53.0869140625 53.0869140625 53.0869140625 53.0869140625 53.0869140625 53.0869140625
53.998046875 53.998046875 53.998046875 53.998046875 53.998046875 53.998046875
54.896484375 54.896484375 54.896484375 54.896484375 54.896484375 54.896484375
55.794921875 55.794921875 55.794921875 55.794921875 55.794921875 55.794921875
56.693359375 56.693359375 56.693359375 56.693359375 56.693359375 56.693359375
57.591796875 57.591796875 57.591796875 57.591796875 57.591796875 57.591796875 57.591796875
58.6572265625 58.6572265625 58.6572265625 58.6572265625 58.6572265625 58.6572265625 58.6572265625
59.7587890625 59.7587890625 59.7587890625 59.7587890625 59.7587890625 59.7587890625
59.1162109375 59.1162109375 59.1162109375 59.1162109375 59.1162109375 59.1162109375
52.03515625 52.03515625 52.03515625 52.03515625 52.03515625 52.03515625
49.4873046875 49.4873046875 49.4873046875 49.4873046875 49.4873046875 49.4873046875
50.3984375 50.3984375 50.3984375 50.3984375 50.3984375 50.3984375
51.271484375 51.271484375 51.271484375 51.271484375 51.271484375 51.271484375 51.271484375
52.396484375 52.396484375 52.396484375 52.396484375 52.396484375 52.396484375 52.396484375
53.4619140625 53.4619140625 53.4619140625 53.4619140625 53.4619140625 53.4619140625
54.373046875 54.373046875 54.373046875 54.373046875 54.373046875 54.373046875
55.271484375 55.271484375 55.271484375 55.271484375 55.271484375 55.271484375
56.169921875 56.169921875 56.169921875 56.169921875 56.169921875 56.169921875
57.068359375 57.068359375 57.068359375 57.068359375 57.068359375 57.068359375
57.966796875 57.966796875 57.966796875 57.966796875 57.966796875 57.966796875 57.966796875
59.0322265625 59.0322265625 59.0322265625 59.0322265625 59.0322265625 59.0322265625 59.0322265625
59.337890625 59.337890625 59.337890625 59.337890625 59.337890625 59.337890625
60.236328125 60.236328125 60.236328125 60.236328125 60.236328125 60.236328125
56.3056640625 56.3056640625 56.3056640625 56.3056640625 56.3056640625 56.3056640625
