37.0498046875 37.1748046875 37.1748046875 37.1982421875 37.1982421875 37.1982421875 37.2294921875 37.2294921875 37.2294921875
37.828125 37.828125 37.828125 37.828125 37.828125 37.828125 37.828125 37.828125
38.6181640625 38.6181640625 38.6181640625 38.6181640625 38.6181640625 38.6181640625 38.6181640625 38.6181640625
39.623046875 39.623046875 39.623046875 39.623046875 39.623046875 39.623046875 39.623046875 39.623046875
40.1279296875 40.625 40.625 40.625 40.625 40.625 40.625 40.625 40.625
41.421875 41.421875 41.421875 41.421875 41.421875 41.421875 41.421875 41.421875
41.900390625 42.2119140625 42.2119140625 42.2119140625 42.2119140625 42.2119140625 42.2119140625 42.2119140625 42.2119140625
41.1484375 41.7734375 41.7734375 41.7734375 41.7734375 41.7734375 41.7734375 41.7734375 41.7734375
39.58984375 39.58984375 39.58984375 39.58984375 39.58984375 39.58984375 39.58984375 39.58984375 39.58984375
40.58984375 40.58984375 40.58984375 40.58984375 40.58984375 40.58984375 40.58984375 40.58984375 40.58984375
41.5810546875 41.5810546875 41.5810546875 41.5810546875 41.5810546875 41.5810546875 41.5810546875 41.5810546875
42.58984375 42.58984375 42.58984375 42.58984375 42.58984375 42.58984375 42.58984375 42.58984375 42.58984375
43.5810546875 43.5810546875 43.5810546875 43.5810546875 43.5810546875 43.5810546875 43.5810546875 43.5810546875 43.5810546875
44.640625 44.640625 44.640625 44.640625 44.640625 44.640625 44.640625 44.640625
42.994140625 42.994140625 42.994140625 42.994140625 42.994140625 42.994140625 42.994140625 42.994140625 42.994140625
39.501953125 39.501953125 39.501953125 39.501953125 39.501953125 39.501953125 39.501953125 39.501953125 39.501953125
40.5205078125 40.5205078125 40.5205078125 40.5205078125 40.5205078125 40.5205078125 40.5205078125 40.5205078125
41.525390625 41.525390625 41.525390625 41.525390625 41.525390625 41.525390625 41.525390625 41.525390625 41.525390625
42.5439453125 42.5439453125 42.5439453125 42.5439453125 42.5439453125 42.5439453125 42.5439453125 42.5439453125 42.5439453125
43.5986328125 43.5986328125 43.5986328125 43.5986328125 43.5986328125 43.5986328125 43.5986328125 43.5986328125
43.478515625 43.478515625 43.478515625 43.478515625 43.478515625 43.478515625 43.478515625 43.478515625 43.478515625
40.0087890625 40.0087890625 40.0087890625 40.0087890625 40.0087890625 40.0087890625 40.0087890625 40.0087890625 40.0087890625
41.0634765625 41.0634765625 41.0634765625 41.0634765625 41.0634765625 41.0634765625 41.0634765625 41.0634765625
42.068359375 42.068359375 42.068359375 42.068359375 42.068359375 42.068359375 42.068359375 42.068359375 42.068359375
43.0869140625 43.0869140625 43.0869140625 43.0869140625 43.0869140625 43.0869140625 43.0869140625 43.0869140625 43.0869140625
44.1328125 44.1328125 44.1328125 44.1328125 44.1328125 44.1328125 44.1328125 44.1328125
44.939453125 44.939453125 44.939453125 44.939453125 44.939453125 44.939453125 44.939453125 44.939453125 44.939453125
43.361328125 43.361328125 43.361328125 43.361328125 43.361328125 43.361328125 43.361328125 43.361328125 43.361328125
39.3251953125 39.3251953125 39.3251953125 39.3251953125 39.3251953125 39.3251953125 39.3251953125 39.3251953125
40.330078125 40.330078125 40.330078125 40.330078125 40.330078125 40.330078125 40.330078125 40.330078125 40.330078125
41.3486328125 41.3486328125 41.3486328125 41.3486328125 41.3486328125 41.3486328125 41.3486328125 41.3486328125 41.3486328125
42.4033203125 42.4033203125 42.4033203125 42.4033203125 42.4033203125 42.4033203125 42.4033203125 42.4033203125
43.408203125 43.408203125 43.408203125 43.408203125 43.408203125 43.408203125 43.408203125 43.408203125 43.408203125
44.4267578125 44.4267578125 44.4267578125 44.4267578125 44.4267578125 44.4267578125 44.4267578125 44.4267578125 44.4267578125
42.98828125 42.98828125 42.98828125 42.98828125 42.98828125 42.98828125 42.98828125 42.98828125
39.3046875 39.3046875 39.3046875 39.3046875 39.3046875 39.3046875 39.3046875 39.3046875 39.3046875
40.2724609375 40.2724609375 40.2724609375 40.2724609375 40.2724609375 40.2724609375 40.2724609375 40.2724609375 40.2724609375
41.3447265625 41.3447265625 41.3447265625 41.3447265625 41.3447265625 41.3447265625 41.3447265625 41.3447265625
42.349609375 42.349609375 42.349609375 42.349609375 42.349609375 42.349609375 42.349609375 42.349609375 42.349609375
43.3681640625 43.3681640625 43.3681640625 43.3681640625 43.3681640625 43.3681640625 43.3681640625 43.3681640625 43.3681640625 43.3681640625
42.765625 42.765625 42.765625 42.765625 42.765625 42.765625 42.765625 42.765625
39.509765625 39.509765625 39.509765625 39.509765625 39.509765625 39.509765625 39.509765625 39.509765625 39.509765625
40.5927734375 40.5927734375 40.5927734375 40.5927734375 40.5927734375 40.5927734375 40.5927734375 40.5927734375 40.5927734375
41.6474609375 41.6474609375 41.6474609375 41.6474609375 41.6474609375 41.6474609375 41.6474609375 41.6474609375
42.65234375 42.65234375 42.65234375 42.65234375 42.65234375 42.65234375 42.65234375 42.65234375 42.65234375
43.6435546875 43.6435546875 43.6435546875 43.6435546875 43.6435546875 43.6435546875 43.6435546875 43.6435546875 43.6435546875
44.689453125 44.689453125 44.689453125 44.689453125 44.689453125 44.689453125 44.689453125 44.689453125
42.94921875 42.94921875 42.94921875 42.94921875 42.94921875 42.94921875 42.94921875 42.94921875 42.94921875
39.3544921875 39.3544921875 39.3544921875 39.3544921875 39.3544921875 39.3544921875 39.3544921875 39.3544921875 39.3544921875
40.41796875 40.41796875 40.41796875 40.41796875 40.41796875 40.41796875 40.41796875 40.41796875
41.375 41.375 41.375 41.375 41.375 41.375 41.375 41.375 41.375
42.12890625 42.12890625 42.12890625 42.12890625 42.12890625 42.12890625 42.12890625 42.12890625 42.12890625
43.1201171875 43.1201171875 43.1201171875 43.1201171875 43.1201171875 43.1201171875 43.1201171875 43.1201171875
44.125 44.125 44.125 44.125 44.125 44.125 44.125 44.125 44.125
42.2734375 42.2734375 42.2734375 42.2734375 42.2734375 42.2734375 42.2734375 42.2734375 42.2734375
39.0126953125 39.0126953125 39.0126953125 39.0126953125 39.0126953125 39.0126953125 39.0126953125 39.0126953125
40.1015625 40.1015625 40.1015625 40.1015625 40.1015625 40.1015625 40.1015625 40.1015625 40.1015625
41.06640625 41.06640625 41.06640625 41.06640625 41.06640625 41.06640625 41.06640625 41.06640625 41.06640625
42.0576171875 42.0576171875 42.0576171875 42.0576171875 42.0576171875 42.0576171875 42.0576171875 42.0576171875
43.0625 43.0625 43.0625 43.0625 43.0625 43.0625 43.0625 43.0625 43.0625
43.8349609375 43.8349609375 43.8349609375 43.8349609375 43.8349609375 43.8349609375 43.8349609375 43.8349609375 43.8349609375
43.6796875 43.6796875 43.6796875 43.6796875 43.6796875 43.6796875 43.6796875 43.6796875
39.1015625 39.1015625 39.1015625 39.1015625 39.1015625 39.1015625 39.1015625 39.1015625 39.1015625
40.140625 40.140625 40.140625 40.140625 40.140625 40.140625 40.140625 40.140625 40.140625
40.9501953125 40.9501953125 40.9501953125 40.9501953125 40.9501953125 40.9501953125 40.9501953125 40.9501953125
41.9677734375 41.9677734375 41.9677734375 41.9677734375 41.9677734375 41.9677734375 41.9677734375 41.9677734375 41.9677734375
43.02734375 43.02734375 43.02734375 43.02734375 43.02734375 43.02734375 43.02734375 43.02734375 43.02734375
44.0185546875 44.0185546875 44.0185546875 44.0185546875 44.0185546875 44.0185546875 44.0185546875 44.0185546875
43.107421875 43.107421875 43.107421875 43.107421875 43.107421875 43.107421875 43.107421875 43.107421875 43.107421875
39.392578125 39.392578125 39.392578125 39.392578125 39.392578125 39.392578125 39.392578125 39.392578125 39.392578125
40.4111328125 40.4111328125 40.4111328125 40.4111328125 40.4111328125 40.4111328125 40.4111328125 40.4111328125
41.416015625 41.416015625 41.416015625 41.416015625 41.416015625 41.416015625 41.416015625 41.416015625 41.416015625
42.4345703125 42.4345703125 42.4345703125 42.4345703125 42.4345703125 42.4345703125 42.4345703125 42.4345703125 42.4345703125
43.4892578125 43.4892578125 43.4892578125 43.4892578125 43.4892578125 43.4892578125 43.4892578125 43.4892578125
44.494140625 44.494140625 44.494140625 44.494140625 44.494140625 44.494140625 44.494140625 44.494140625 44.494140625
38.349609375 38.349609375 38.349609375 38.349609375 38.349609375 38.349609375 38.349609375 38.349609375 38.349609375
39.439453125 39.439453125 39.439453125 39.439453125 39.439453125 39.439453125 39.439453125 39.439453125
40.44140625 40.44140625 40.44140625 40.44140625 40.44140625 40.44140625 40.44140625 40.44140625 40.44140625
41.4326171875 41.4326171875 41.4326171875 41.4326171875 41.4326171875 41.4326171875 41.4326171875 41.4326171875 41.4326171875
42.4873046875 42.4873046875 42.4873046875 42.4873046875 42.4873046875 42.4873046875 42.4873046875 42.4873046875
43.4921875 43.4921875 43.4921875 43.4921875 43.4921875 43.4921875 43.4921875 43.4921875 43.4921875
42.39453125 42.39453125 42.39453125 42.39453125 42.39453125 42.39453125 42.39453125 42.39453125 42.39453125
39.5234375 39.5234375 39.5234375 39.5234375 39.5234375 39.5234375 39.5234375 39.5234375
40.330078125 40.330078125 40.330078125 40.330078125 40.330078125 40.330078125 40.330078125 40.330078125 40.330078125
41.357421875 41.357421875 41.357421875 41.357421875 41.357421875 41.357421875 41.357421875 41.357421875 41.357421875
42.3759765625 42.3759765625 42.3759765625 42.3759765625 42.3759765625 42.3759765625 42.3759765625 42.3759765625
43.380859375 43.380859375 43.380859375 43.380859375 43.380859375 43.380859375 43.380859375 43.380859375 43.380859375
44.3994140625 44.3994140625 44.3994140625 44.3994140625 44.3994140625 44.3994140625 44.3994140625 44.3994140625 44.3994140625
42.7666015625 42.7666015625 42.7666015625 42.7666015625 42.7666015625 42.7666015625 42.7666015625 42.7666015625
39.41015625 39.41015625 39.41015625 39.41015625 39.41015625 39.41015625 39.41015625 39.41015625 39.41015625
40.4013671875 40.4013671875 40.4013671875 40.4013671875 40.4013671875 40.4013671875 40.4013671875 40.4013671875 40.4013671875
41.4609375 41.4609375 41.4609375 41.4609375 41.4609375 41.4609375 41.4609375 41.4609375
42.267578125 42.267578125 42.267578125 42.267578125 42.267578125 42.267578125 42.267578125 42.267578125 42.267578125
43.2861328125 43.2861328125 43.2861328125 43.2861328125 43.2861328125 43.2861328125 43.2861328125 43.2861328125 43.2861328125
44.33203125 44.33203125 44.33203125 44.33203125 44.33203125 44.33203125 44.33203125 44.33203125
42.8310546875 42.8310546875 42.8310546875 42.8310546875 42.8310546875 42.8310546875 42.8310546875 42.8310546875 42.8310546875
39.439453125 39.439453125 39.439453125 39.439453125 39.439453125 39.439453125 39.439453125 39.439453125 39.439453125
40.4580078125 40.4580078125 40.4580078125 40.4580078125 40.4580078125 40.4580078125 40.4580078125 40.4580078125
41.462890625 41.462890625 41.462890625 41.462890625 41.462890625 41.462890625 41.462890625 41.462890625 41.462890625
42.4814453125 42.4814453125 42.4814453125 42.4814453125 42.4814453125 42.4814453125 42.4814453125 42.4814453125 42.4814453125
43.52734375 43.52734375 43.52734375 43.52734375 43.52734375 43.52734375 43.52734375 43.52734375
42.2041015625 42.2041015625 42.2041015625 42.2041015625 42.2041015625 42.2041015625 42.2041015625 42.2041015625 42.2041015625
39.591796875 39.591796875 39.591796875 39.591796875 39.591796875 39.591796875 39.591796875 39.591796875 39.591796875
40.6103515625 40.6103515625 40.6103515625 40.6103515625 40.6103515625 40.6103515625 40.6103515625 40.6103515625
41.615234375 41.615234375 41.615234375 41.615234375 41.615234375 41.615234375 41.615234375 41.615234375 41.615234375
42.6337890625 42.6337890625 42.6337890625 42.6337890625 42.6337890625 42.6337890625 42.6337890625 42.6337890625 42.6337890625
43.6796875 43.6796875 43.6796875 43.6796875 43.6796875 43.6796875 43.6796875 43.6796875
44.486328125 44.486328125 44.486328125 44.486328125 44.486328125 44.486328125 44.486328125 44.486328125 44.486328125
43.0146484375 43.0146484375 43.0146484375 43.0146484375 43.0146484375 43.0146484375 43.0146484375 43.0146484375 43.0146484375
39.423828125 39.423828125 39.423828125 39.423828125 39.423828125 39.423828125 39.423828125 39.423828125
40.42578125 40.42578125 40.42578125 40.42578125 40.42578125 40.42578125 40.42578125 40.42578125 40.42578125
41.4169921875 41.4169921875 41.4169921875 41.4169921875 41.4169921875 41.4169921875 41.4169921875 41.4169921875 41.4169921875
42.462890625 42.462890625 42.462890625 42.462890625 42.462890625 42.462890625 42.462890625 42.462890625
43.4443359375 43.4443359375 43.4443359375 43.4443359375 43.4443359375 43.4443359375 43.4443359375 43.4443359375 43.4443359375
42.2080078125 42.2080078125 42.2080078125 42.2080078125 42.2080078125 42.2080078125 42.2080078125 42.2080078125 42.2080078125
39.787109375 39.787109375 39.787109375 39.787109375 39.787109375 39.787109375 39.787109375 39.787109375
40.7890625 40.7890625 40.7890625 40.7890625 40.7890625 40.7890625 40.7890625 40.7890625 40.7890625
41.75390625 41.75390625 41.75390625 41.75390625 41.75390625 41.75390625 41.75390625 41.75390625 41.75390625
42.7451171875 42.7451171875 42.7451171875 42.7451171875 42.7451171875 42.7451171875 42.7451171875 42.7451171875
43.75 43.75 43.75 43.75 43.75 43.75 43.75 43.75 43.75
44.4853515625 44.4853515625 44.4853515625 44.4853515625 44.4853515625 44.4853515625 44.4853515625 44.4853515625 44.4853515625
43.49609375 43.49609375 43.49609375 43.49609375 43.49609375 43.49609375 43.49609375 43.49609375
39.4453125 39.4453125 39.4453125 39.4453125 39.4453125 39.4453125 39.4453125 39.4453125 39.4453125
40.4130859375 40.4130859375 40.4130859375 40.4130859375 40.4130859375 40.4130859375 40.4130859375 40.4130859375 40.4130859375
41.525390625 41.525390625 41.525390625 41.525390625 41.525390625 41.525390625 41.525390625 41.525390625
42.5068359375 42.5068359375 42.5068359375 42.5068359375 42.5068359375 42.5068359375 42.5068359375 42.5068359375 42.5068359375
43.552734375 43.552734375 43.552734375 43.552734375 43.552734375 43.552734375 43.552734375 43.552734375 43.552734375
44.5712890625 44.5712890625 44.5712890625 44.5712890625 44.5712890625 44.5712890625 44.5712890625 44.5712890625
43.2900390625 43.2900390625 43.2900390625 43.2900390625 43.2900390625 43.2900390625 43.2900390625 43.2900390625 43.2900390625
39.4375 39.4375 39.4375 39.4375 39.4375 39.4375 39.4375 39.4375 39.4375
40.2099609375 40.2099609375 40.2099609375 40.2099609375 40.2099609375 40.2099609375 40.2099609375 40.2099609375
41.21484375 41.21484375 41.21484375 41.21484375 41.21484375 41.21484375 41.21484375 41.21484375 41.21484375
42.2060546875 42.2060546875 42.2060546875 42.2060546875 42.2060546875 42.2060546875 42.2060546875 42.2060546875 42.2060546875
43.251953125 43.251953125 43.251953125 43.251953125 43.251953125 43.251953125 43.251953125 43.251953125
44.25390625 44.25390625 44.25390625 44.25390625 44.25390625 44.25390625 44.25390625 44.25390625 44.25390625
42.759765625 42.759765625 42.759765625 42.759765625 42.759765625 42.759765625 42.759765625 42.759765625 42.759765625
39.376953125 39.376953125 39.376953125 39.376953125 39.376953125 39.376953125 39.376953125 39.376953125
40.37890625 40.37890625 40.37890625 40.37890625 40.37890625 40.37890625 40.37890625 40.37890625 40.37890625
41.3701171875 41.3701171875 41.3701171875 41.3701171875 41.3701171875 41.3701171875 41.3701171875 41.3701171875 41.3701171875
42.4248046875 42.4248046875 42.4248046875 42.4248046875 42.4248046875 42.4248046875 42.4248046875 42.4248046875
43.4296875 43.4296875 43.4296875 43.4296875 43.4296875 43.4296875 43.4296875 43.4296875 43.4296875
42.6474609375 42.6474609375 42.6474609375 42.6474609375 42.6474609375 42.6474609375 42.6474609375 42.6474609375 42.6474609375
39.5068359375 39.5068359375 39.5068359375 39.5068359375 39.5068359375 39.5068359375 39.5068359375 39.5068359375
40.578125 40.578125 40.578125 40.578125 40.578125 40.578125 40.578125 40.578125 40.578125
41.3876953125 41.3876953125 41.3876953125 41.3876953125 41.3876953125 41.3876953125 41.3876953125 41.3876953125 41.3876953125
42.447265625 42.447265625 42.447265625 42.447265625 42.447265625 42.447265625 42.447265625 42.447265625
43.44921875 43.44921875 43.44921875 43.44921875 43.44921875 43.44921875 43.44921875 43.44921875 43.44921875
44.4404296875 44.4404296875 44.4404296875 44.4404296875 44.4404296875 44.4404296875 44.4404296875 44.4404296875 44.4404296875
43.2451171875 43.2451171875 43.2451171875 43.2451171875 43.2451171875 43.2451171875 43.2451171875 43.2451171875
39.7177734375 39.7177734375 39.7177734375 39.7177734375 39.7177734375 39.7177734375 39.7177734375 39.7177734375 39.7177734375
40.77734375 40.77734375 40.77734375 40.77734375 40.77734375 40.77734375 40.77734375 40.77734375 40.77734375
41.7685546875 41.7685546875 41.7685546875 41.7685546875 41.7685546875 41.7685546875 41.7685546875 41.7685546875
42.7734375 42.7734375 42.7734375 42.7734375 42.7734375 42.7734375 42.7734375 42.7734375 42.7734375
43.7587890625 43.7587890625 43.7587890625 43.7587890625 43.7587890625 43.7587890625 43.7587890625 43.7587890625 43.7587890625
44.8046875 44.8046875 44.8046875 44.8046875 44.8046875 44.8046875 44.8046875 44.8046875
43.640625 43.640625 43.640625 43.640625 43.640625 43.640625 43.640625 43.640625 43.640625
39.0166015625 39.0166015625 39.0166015625 39.0166015625 39.0166015625 39.0166015625 39.0166015625 39.0166015625 39.0166015625
40.2138671875 40.2138671875 40.2138671875 40.2138671875 40.2138671875 40.2138671875 40.2138671875 40.2138671875
41.21875 41.21875 41.21875 41.21875 41.21875 41.21875 41.21875 41.21875 41.21875
42.009765625 42.009765625 42.009765625 42.009765625 42.009765625 42.009765625 42.009765625 42.009765625 42.009765625
43.0283203125 43.0283203125 43.0283203125 43.0283203125 43.0283203125 43.0283203125 43.0283203125 43.0283203125
44.033203125 44.033203125 44.033203125 44.033203125 44.033203125 44.033203125 44.033203125 44.033203125 44.033203125
43.126953125 43.126953125 43.126953125 43.126953125 43.126953125 43.126953125 43.126953125 43.126953125 43.126953125
39.58203125 39.58203125 39.58203125 39.58203125 39.58203125 39.58203125 39.58203125 39.58203125
40.5595703125 40.5595703125 40.5595703125 40.5595703125 40.5595703125 40.5595703125 40.5595703125 40.5595703125 40.5595703125
41.6142578125 41.6142578125 41.6142578125 41.6142578125 41.6142578125 41.6142578125 41.6142578125 41.6142578125 41.6142578125
42.1416015625 42.66015625 42.66015625 42.66015625 42.66015625 42.66015625 42.66015625 42.66015625 42.66015625
43.6865234375 43.6865234375 43.6865234375 43.6865234375 43.6865234375 43.6865234375 43.6865234375 43.6865234375 43.6865234375
44.2138671875 44.732421875 44.732421875 44.732421875 44.732421875 44.732421875 44.732421875 44.732421875 44.732421875 44.732421875
38.5224609375 38.5224609375 38.5224609375 38.5224609375 38.5224609375 38.5224609375 38.5224609375 38.5224609375
39.591796875 39.591796875 39.591796875 39.591796875 39.591796875 39.591796875 39.591796875 39.591796875 39.591796875 39.591796875
40.796875 40.796875 40.796875 40.796875 40.796875 40.796875 40.796875 40.796875 40.796875
41.6064453125 41.6064453125 41.6064453125 41.6064453125 41.6064453125 41.6064453125 41.6064453125 41.6064453125
42.611328125 42.611328125 42.611328125 42.611328125 42.611328125 42.611328125 42.611328125 42.611328125 42.611328125 42.611328125
43.798828125 43.798828125 43.798828125 43.798828125 43.798828125 43.798828125 43.798828125 43.798828125 43.798828125
42.0458984375 42.6376953125 42.6376953125 42.6376953125 42.6376953125 42.6376953125 42.6376953125 42.6376953125 42.6376953125
39.66015625 39.66015625 39.66015625 39.66015625 39.66015625 39.66015625 39.66015625 39.66015625 39.66015625 39.66015625
40.6865234375 40.6865234375 40.6865234375 40.6865234375 40.6865234375 40.6865234375 40.6865234375 40.6865234375 40.6865234375
41.2138671875 41.732421875 41.732421875 41.732421875 41.732421875 41.732421875 41.732421875 41.732421875 41.732421875
42.783203125 42.783203125 42.783203125 42.783203125 42.783203125 42.783203125 42.783203125 42.783203125 42.783203125 42.783203125
43.974609375 43.974609375 43.974609375 43.974609375 43.974609375 43.974609375 43.974609375 43.974609375 43.974609375 43.974609375
43.0341796875 43.0341796875 43.0341796875 43.0341796875 43.0341796875 43.0341796875 43.0341796875 43.0341796875
39.7861328125 39.7861328125 39.7861328125 39.7861328125 39.7861328125 39.7861328125 39.7861328125 39.7861328125 39.7861328125 39.7861328125
41.0400390625 41.0400390625 41.0400390625 41.0400390625 41.0400390625 41.0400390625 41.0400390625 41.0400390625 41.0400390625 41.0400390625
42.2666015625 42.2666015625 42.2666015625 42.2666015625 42.2666015625 42.2666015625 42.2666015625 42.2666015625
43.271484375 43.271484375 43.271484375 43.271484375 43.271484375 43.271484375 43.271484375 43.271484375 43.271484375 43.271484375
44.458984375 44.458984375 44.458984375 44.458984375 44.458984375 44.458984375 44.458984375 44.458984375 44.458984375 44.458984375
42.8095703125 42.8095703125 42.8095703125 42.8095703125 42.8095703125 42.8095703125 42.8095703125 42.8095703125
39.6142578125 39.6142578125 39.6142578125 39.6142578125 39.6142578125 39.6142578125 39.6142578125 39.6142578125 39.6142578125 39.6142578125
40.8681640625 40.8681640625 40.8681640625 40.8681640625 40.8681640625 40.8681640625 40.8681640625 40.8681640625 40.8681640625 40.8681640625
42.0947265625 42.0947265625 42.0947265625 42.0947265625 42.0947265625 42.0947265625 42.0947265625 42.0947265625
43.099609375 43.099609375 43.099609375 43.099609375 43.099609375 43.099609375 43.099609375 43.099609375 43.099609375 43.099609375
44.287109375 44.287109375 44.287109375 44.287109375 44.287109375 44.287109375 44.287109375 44.287109375 44.287109375 44.287109375
42.818359375 42.818359375 42.818359375 42.818359375 42.818359375 42.818359375 42.818359375 42.818359375
39.603515625 39.603515625 39.603515625 39.603515625 39.603515625 39.603515625 39.603515625 39.603515625 39.603515625 39.603515625
40.81640625 40.81640625 40.81640625 40.81640625 40.81640625 40.81640625 40.81640625 40.81640625 40.81640625 40.81640625
41.8427734375 41.8427734375 41.8427734375 41.8427734375 41.8427734375 41.8427734375 41.8427734375 41.8427734375
42.84765625 42.84765625 42.84765625 42.84765625 42.84765625 42.84765625 42.84765625 42.84765625 42.84765625 42.84765625
43.8740234375 43.8740234375 43.8740234375 43.8740234375 43.8740234375 43.8740234375 43.8740234375 43.8740234375 43.8740234375 43.8740234375
43.244140625 43.244140625 43.244140625 43.244140625 43.244140625 43.244140625 43.244140625 43.244140625
39.623046875 39.623046875 39.623046875 39.623046875 39.623046875 39.623046875 39.623046875 39.623046875 39.623046875 39.623046875
40.8359375 40.8359375 40.8359375 40.8359375 40.8359375 40.8359375 40.8359375 40.8359375 40.8359375 40.8359375
41.83203125 41.83203125 41.83203125 41.83203125 41.83203125 41.83203125 41.83203125 41.83203125
42.7890625 42.7890625 42.7890625 42.7890625 42.7890625 42.7890625 42.7890625 42.7890625 42.7890625 42.7890625
43.78515625 43.78515625 43.78515625 43.78515625 43.78515625 43.78515625 43.78515625 43.78515625 43.78515625 43.78515625
44.8115234375 44.8115234375 44.8115234375 44.8115234375 44.8115234375 44.8115234375 44.8115234375 44.8115234375
42.6669921875 42.6669921875 42.6669921875 42.6669921875 42.6669921875 42.6669921875 42.6669921875 42.6669921875 42.6669921875 42.6669921875
39.67578125 39.67578125 39.67578125 39.67578125 39.67578125 39.67578125 39.67578125 39.67578125 39.67578125 39.67578125
40.7021484375 40.7021484375 40.7021484375 40.7021484375 40.7021484375 40.7021484375 40.7021484375 40.7021484375
41.70703125 41.70703125 41.70703125 41.70703125 41.70703125 41.70703125 41.70703125 41.70703125 41.70703125 41.70703125
42.7333984375 42.7333984375 42.7333984375 42.7333984375 42.7333984375 42.7333984375 42.7333984375 42.7333984375 42.7333984375 42.7333984375
43.9599609375 43.9599609375 43.9599609375 43.9599609375 43.9599609375 43.9599609375 43.9599609375 43.9599609375
42.5205078125 42.5205078125 42.5205078125 42.5205078125 42.5205078125 42.5205078125 42.5205078125 42.5205078125 42.5205078125 42.5205078125
39.6484375 39.6484375 39.6484375 39.6484375 39.6484375 39.6484375 39.6484375 39.6484375 39.6484375 39.6484375
40.64453125 40.64453125 40.64453125 40.64453125 40.64453125 40.64453125 40.64453125 40.64453125
41.6220703125 41.6220703125 41.6220703125 41.6220703125 41.6220703125 41.6220703125 41.6220703125 41.6220703125 41.6220703125 41.6220703125
42.8486328125 42.8486328125 42.8486328125 42.8486328125 42.8486328125 42.8486328125 42.8486328125 42.8486328125 42.8486328125 42.8486328125
44.0751953125 44.0751953125 44.0751953125 44.0751953125 44.0751953125 44.0751953125 44.0751953125 44.0751953125
42.30078125 42.30078125 42.30078125 42.30078125 42.30078125 42.30078125 42.30078125 42.30078125 42.30078125 42.30078125
39.4482421875 39.4482421875 39.4482421875 39.4482421875 39.4482421875 39.4482421875 39.4482421875 39.4482421875 39.4482421875 39.4482421875
40.6943359375 40.6943359375 40.6943359375 40.6943359375 40.6943359375 40.6943359375 40.6943359375 40.6943359375
41.69921875 41.69921875 41.69921875 41.69921875 41.69921875 41.69921875 41.69921875 41.69921875 41.69921875 41.69921875
42.7255859375 42.7255859375 42.7255859375 42.7255859375 42.7255859375 42.7255859375 42.7255859375 42.7255859375 42.7255859375 42.7255859375
43.9521484375 43.9521484375 43.9521484375 43.9521484375 43.9521484375 43.9521484375 43.9521484375 43.9521484375
42.7451171875 42.7451171875 42.7451171875 42.7451171875 42.7451171875 42.7451171875 42.7451171875 42.7451171875 42.7451171875 42.7451171875
39.6484375 39.6484375 39.6484375 39.6484375 39.6484375 39.6484375 39.6484375 39.6484375 39.6484375 39.6484375
40.64453125 40.64453125 40.64453125 40.64453125 40.64453125 40.64453125 40.64453125 40.64453125
41.6220703125 41.6220703125 41.6220703125 41.6220703125 41.6220703125 41.6220703125 41.6220703125 41.6220703125 41.6220703125 41.6220703125
42.8486328125 42.8486328125 42.8486328125 42.8486328125 42.8486328125 42.8486328125 42.8486328125 42.8486328125 42.8486328125 42.8486328125
44.0751953125 44.0751953125 44.0751953125 44.0751953125 44.0751953125 44.0751953125 44.0751953125 44.0751953125
42.1884765625 42.1884765625 42.1884765625 42.1884765625 42.1884765625 42.1884765625 42.1884765625 42.1884765625 42.1884765625 42.1884765625
39.66796875 39.66796875 39.66796875 39.66796875 39.66796875 39.66796875 39.66796875 39.66796875 39.66796875 39.66796875
40.6943359375 40.6943359375 40.6943359375 40.6943359375 40.6943359375 40.6943359375 40.6943359375 40.6943359375
41.69921875 41.69921875 41.69921875 41.69921875 41.69921875 41.69921875 41.69921875 41.69921875 41.69921875 41.69921875
42.7255859375 42.7255859375 42.7255859375 42.7255859375 42.7255859375 42.7255859375 42.7255859375 42.7255859375 42.7255859375 42.7255859375
43.9521484375 43.9521484375 43.9521484375 43.9521484375 43.9521484375 43.9521484375 43.9521484375 43.9521484375
42.6962890625 42.6962890625 42.6962890625 42.6962890625 42.6962890625 42.6962890625 42.6962890625 42.6962890625 42.6962890625 42.6962890625
39.6484375 39.6484375 39.6484375 39.6484375 39.6484375 39.6484375 39.6484375 39.6484375 39.6484375 39.6484375
40.64453125 40.64453125 40.64453125 40.64453125 40.64453125 40.64453125 40.64453125 40.64453125
41.6220703125 41.6220703125 41.6220703125 41.6220703125 41.6220703125 41.6220703125 41.6220703125 41.6220703125 41.6220703125 41.6220703125
42.8486328125 42.8486328125 42.8486328125 42.8486328125 42.8486328125 42.8486328125 42.8486328125 42.8486328125 42.8486328125 42.8486328125
44.0751953125 44.0751953125 44.0751953125 44.0751953125 44.0751953125 44.0751953125 44.0751953125 44.0751953125
42.333984375 42.333984375 42.333984375 42.333984375 42.333984375 42.333984375 42.333984375 42.333984375 42.333984375 42.333984375
39.619140625 39.619140625 39.619140625 39.619140625 39.619140625 39.619140625 39.619140625 39.619140625 39.619140625 39.619140625
40.806640625 40.806640625 40.806640625 40.806640625 40.806640625 40.806640625 40.806640625 40.806640625
41.80859375 41.80859375 41.80859375 41.80859375 41.80859375 41.80859375 41.80859375 41.80859375 41.80859375 41.80859375
42.8349609375 42.8349609375 42.8349609375 42.8349609375 42.8349609375 42.8349609375 42.8349609375 42.8349609375 42.8349609375 42.8349609375
44.0712890625 44.0712890625 44.0712890625 44.0712890625 44.0712890625 44.0712890625 44.0712890625 44.0712890625
41.966796875 41.966796875 41.966796875 41.966796875 41.966796875 41.966796875 41.966796875 41.966796875 41.966796875 41.966796875
39.599609375 39.599609375 39.599609375 39.599609375 39.599609375 39.599609375 39.599609375 39.599609375 39.599609375 39.599609375
40.787109375 40.787109375 40.787109375 40.787109375 40.787109375 40.787109375 40.787109375 40.787109375
41.7890625 41.7890625 41.7890625 41.7890625 41.7890625 41.7890625 41.7890625 41.7890625 41.7890625 41.7890625
42.78515625 42.78515625 42.78515625 42.78515625 42.78515625 42.78515625 42.78515625 42.78515625 42.78515625 42.78515625
43.8115234375 43.8115234375 43.8115234375 43.8115234375 43.8115234375 43.8115234375 43.8115234375 43.8115234375
42.283203125 42.283203125 42.283203125 42.283203125 42.283203125 42.283203125 42.283203125 42.283203125 42.283203125 42.283203125
39.5703125 39.5703125 39.5703125 39.5703125 39.5703125 39.5703125 39.5703125 39.5703125 39.5703125 39.5703125
40.56640625 40.56640625 40.56640625 40.56640625 40.56640625 40.56640625 40.56640625 40.56640625
41.5439453125 41.5439453125 41.5439453125 41.5439453125 41.5439453125 41.5439453125 41.5439453125 41.5439453125 41.5439453125 41.5439453125
42.7802734375 42.7802734375 42.7802734375 42.7802734375 42.7802734375 42.7802734375 42.7802734375 42.7802734375 42.7802734375 42.7802734375
44.0068359375 44.0068359375 44.0068359375 44.0068359375 44.0068359375 44.0068359375 44.0068359375 44.0068359375
42.1923828125 42.1923828125 42.1923828125 42.1923828125 42.1923828125 42.1923828125 42.1923828125 42.1923828125 42.1923828125 42.1923828125
39.84765625 39.84765625 39.84765625 39.84765625 39.84765625 39.84765625 39.84765625 39.84765625 39.84765625 39.84765625
40.8740234375 40.8740234375 40.8740234375 40.8740234375 40.8740234375 40.8740234375 40.8740234375 40.8740234375
41.87890625 41.87890625 41.87890625 41.87890625 41.87890625 41.87890625 41.87890625 41.87890625 41.87890625 41.87890625
42.9052734375 42.9052734375 42.9052734375 42.9052734375 42.9052734375 42.9052734375 42.9052734375 42.9052734375 42.9052734375 42.9052734375
44.1318359375 44.1318359375 44.1318359375 44.1318359375 44.1318359375 44.1318359375 44.1318359375 44.1318359375
42.9462890625 42.9462890625 42.9462890625 42.9462890625 42.9462890625 42.9462890625 42.9462890625 42.9462890625 42.9462890625 42.9462890625
39.3779296875 39.3779296875 39.3779296875 39.3779296875 39.3779296875 39.3779296875 39.3779296875 39.3779296875 39.3779296875 39.3779296875
40.6044921875 40.6044921875 40.6044921875 40.6044921875 40.6044921875 40.6044921875 40.6044921875 40.6044921875
41.609375 41.609375 41.609375 41.609375 41.609375 41.609375 41.609375 41.609375 41.609375 41.609375
42.5966796875 42.5966796875 42.5966796875 42.5966796875 42.5966796875 42.5966796875 42.5966796875 42.5966796875 42.5966796875 42.5966796875
43.8232421875 43.8232421875 43.8232421875 43.8232421875 43.8232421875 43.8232421875 43.8232421875 43.8232421875
42.396484375 42.396484375 42.396484375 42.396484375 42.396484375 42.396484375 42.396484375 42.396484375 42.396484375 42.396484375
39.3291015625 39.3291015625 39.3291015625 39.3291015625 39.3291015625 39.3291015625 39.3291015625 39.3291015625 39.3291015625 39.3291015625
40.5654296875 40.5654296875 40.5654296875 40.5654296875 40.5654296875 40.5654296875 40.5654296875 40.5654296875
41.5703125 41.5703125 41.5703125 41.5703125 41.5703125 41.5703125 41.5703125 41.5703125 41.5703125 41.5703125
42.56640625 42.56640625 42.56640625 42.56640625 42.56640625 42.56640625 42.56640625 42.56640625 42.56640625 42.56640625
43.5927734375 43.5927734375 43.5927734375 43.5927734375 43.5927734375 43.5927734375 43.5927734375 43.5927734375
44.59765625 44.59765625 44.59765625 44.59765625 44.59765625 44.59765625 44.59765625 44.59765625 44.59765625 44.59765625
42.927734375 42.927734375 42.927734375 42.927734375 42.927734375 42.927734375 42.927734375 42.927734375 42.927734375 42.927734375
39.65234375 39.65234375 39.65234375 39.65234375 39.65234375 39.65234375 39.65234375 39.65234375
40.6298828125 40.6298828125 40.6298828125 40.6298828125 40.6298828125 40.6298828125 40.6298828125 40.6298828125 40.6298828125 40.6298828125
41.8662109375 41.8662109375 41.8662109375 41.8662109375 41.8662109375 41.8662109375 41.8662109375 41.8662109375 41.8662109375 41.8662109375
43.0927734375 43.0927734375 43.0927734375 43.0927734375 43.0927734375 43.0927734375 43.0927734375 43.0927734375
44.09765625 44.09765625 44.09765625 44.09765625 44.09765625 44.09765625 44.09765625 44.09765625 44.09765625 44.09765625
42.052734375 42.052734375 42.052734375 42.052734375 42.052734375 42.052734375 42.052734375 42.052734375 42.052734375 42.052734375
39.615234375 39.615234375 39.615234375 39.615234375 39.615234375 39.615234375 39.615234375 39.615234375
40.6171875 40.6171875 40.6171875 40.6171875 40.6171875 40.6171875 40.6171875 40.6171875 40.6171875 40.6171875
41.61328125 41.61328125 41.61328125 41.61328125 41.61328125 41.61328125 41.61328125 41.61328125 41.61328125 41.61328125
42.6396484375 42.6396484375 42.6396484375 42.6396484375 42.6396484375 42.6396484375 42.6396484375 42.6396484375
43.64453125 43.64453125 43.64453125 43.64453125 43.64453125 43.64453125 43.64453125 43.64453125 43.64453125 43.64453125
42.623046875 42.623046875 42.623046875 42.623046875 42.623046875 42.623046875 42.623046875 42.623046875 42.623046875 42.623046875
39.775390625 39.775390625 39.775390625 39.775390625 39.775390625 39.775390625 39.775390625 39.775390625
40.77734375 40.77734375 40.77734375 40.77734375 40.77734375 40.77734375 40.77734375 40.77734375 40.77734375 40.77734375
41.8037109375 41.8037109375 41.8037109375 41.8037109375 41.8037109375 41.8037109375 41.8037109375 41.8037109375 41.8037109375 41.8037109375
43.0400390625 43.0400390625 43.0400390625 43.0400390625 43.0400390625 43.0400390625 43.0400390625 43.0400390625
44.044921875 44.044921875 44.044921875 44.044921875 44.044921875 44.044921875 44.044921875 44.044921875 44.044921875 44.044921875
42.8125 42.8125 42.8125 42.8125 42.8125 42.8125 42.8125 42.8125 42.8125 42.8125
39.470703125 39.470703125 39.470703125 39.470703125 39.470703125 39.470703125 39.470703125 39.470703125
