12.7333984375 12.7646484375 12.7646484375 12.7880859375 12.7880859375 12.7880859375 12.8193359375 12.8193359375 12.8193359375 12.8193359375
14.2841796875 14.2841796875 14.2841796875 14.2841796875 14.2841796875 14.2841796875 14.2841796875 14.2841796875 14.2841796875 14.2841796875
15.3857421875 15.3857421875 15.3857421875 15.3857421875 15.3857421875 15.3857421875 15.3857421875 15.3857421875 15.3857421875 15.3857421875
16.060546875 16.060546875 16.060546875 16.060546875 16.060546875 16.060546875 16.060546875 16.060546875 16.060546875 16.060546875
16.298828125 16.298828125 16.298828125 16.298828125 16.298828125 16.298828125 16.298828125 16.298828125 16.298828125 16.298828125
16.3955078125 16.3955078125 16.3955078125 16.3955078125 16.3955078125 16.3955078125 16.3955078125 16.3955078125 16.3955078125 16.3955078125
17.5068359375 17.5068359375 17.5068359375 17.5068359375 17.5068359375 17.5068359375 17.5068359375 17.5068359375 17.5068359375 17.5068359375
18.1259765625 18.1259765625 18.1259765625 18.1259765625 18.1259765625 18.1259765625 18.1259765625 18.1259765625 18.1259765625 18.1259765625
17.185546875 17.185546875 17.185546875 17.185546875 17.185546875 17.185546875 17.185546875 17.185546875 17.185546875 17.185546875
15.6923828125 15.6923828125 15.6923828125 15.6923828125 15.6923828125 15.6923828125 15.6923828125 15.6923828125 15.6923828125 15.6923828125
16.8037109375 16.8037109375 16.8037109375 16.8037109375 16.8037109375 16.8037109375 16.8037109375 16.8037109375 16.8037109375 16.8037109375
17.7294921875 17.7294921875 17.7294921875 17.7294921875 17.7294921875 17.7294921875 17.7294921875 17.7294921875 17.7294921875 17.7294921875
16.65234375 16.65234375 16.65234375 16.65234375 16.65234375 16.65234375 16.65234375 16.65234375 16.65234375 16.65234375
16.1962890625 16.1962890625 16.1962890625 16.1962890625 16.1962890625 16.1962890625 16.1962890625 16.1962890625 16.1962890625 16.1962890625
17.384765625 17.384765625 17.384765625 17.384765625 17.384765625 17.384765625 17.384765625 17.384765625 17.384765625 17.384765625
17.9501953125 17.9501953125 17.9501953125 17.9501953125 17.9501953125 17.9501953125 17.9501953125 17.9501953125 17.9501953125 17.9501953125
17.2412109375 17.2412109375 17.2412109375 17.2412109375 17.2412109375 17.2412109375 17.2412109375 17.2412109375 17.2412109375 17.2412109375
16.0361328125 16.0361328125 16.0361328125 16.0361328125 16.0361328125 16.0361328125 16.0361328125 16.0361328125 16.0361328125 16.0361328125
17.224609375 17.224609375 17.224609375 17.224609375 17.224609375 17.224609375 17.224609375 17.224609375 17.224609375 17.224609375
17.7998046875 17.7998046875 17.7998046875 17.7998046875 17.7998046875 17.7998046875 17.7998046875 17.7998046875 17.7998046875 17.7998046875
17.701171875 17.701171875 17.701171875 17.701171875 17.701171875 17.701171875 17.701171875 17.701171875 17.701171875 17.701171875
15.9970703125 15.9970703125 15.9970703125 15.9970703125 15.9970703125 15.9970703125 15.9970703125 15.9970703125 15.9970703125 15.9970703125
17.185546875 17.185546875 17.185546875 17.185546875 17.185546875 17.185546875 17.185546875 17.185546875 17.185546875 17.185546875
17.8818359375 17.8818359375 17.8818359375 17.8818359375 17.8818359375 17.8818359375 17.8818359375 17.8818359375 17.8818359375 17.8818359375
16.9794921875 16.9794921875 16.9794921875 16.9794921875 16.9794921875 16.9794921875 16.9794921875 16.9794921875 16.9794921875 16.9794921875
16.0361328125 16.0361328125 16.0361328125 16.0361328125 16.0361328125 16.0361328125 16.0361328125 16.0361328125 16.0361328125 16.0361328125
17.224609375 17.224609375 17.224609375 17.224609375 17.224609375 17.224609375 17.224609375 17.224609375 17.224609375 17.224609375
17.9521484375 17.9521484375 17.9521484375 17.9521484375 17.9521484375 17.9521484375 17.9521484375 17.9521484375 17.9521484375 17.9521484375
16.8828125 16.8828125 16.8828125 16.8828125 16.8828125 16.8828125 16.8828125 16.8828125 16.8828125 16.8828125
17.75390625 17.75390625 17.75390625 17.75390625 17.75390625 17.75390625 17.75390625 17.75390625 17.75390625 17.75390625
16.7744140625 16.7744140625 16.7744140625 16.7744140625 16.7744140625 16.7744140625 16.7744140625 16.7744140625 16.7744140625 16.7744140625
17.8955078125 17.8955078125 17.8955078125 17.8955078125 17.8955078125 17.8955078125 17.8955078125 17.8955078125 17.8955078125 17.8955078125
18.5029296875 18.5029296875 18.5029296875 18.5029296875 18.5029296875 18.5029296875 18.5029296875 18.5029296875 18.5029296875 18.5029296875
17.287109375 17.287109375 17.287109375 17.287109375 17.287109375 17.287109375 17.287109375 17.287109375 17.287109375 17.287109375
16.0791015625 16.0791015625 16.0791015625 16.0791015625 16.0791015625 16.0791015625 16.0791015625 16.0791015625 16.0791015625 16.0791015625
17.1904296875 17.1904296875 17.1904296875 17.1904296875 17.1904296875 17.1904296875 17.1904296875 17.1904296875 17.1904296875 17.1904296875
18.0087890625 18.0087890625 18.0087890625 18.0087890625 18.0087890625 18.0087890625 18.0087890625 18.0087890625 18.0087890625 18.0087890625
16.98828125 16.98828125 16.98828125 16.98828125 16.98828125 16.98828125 16.98828125 16.98828125 16.98828125 16.98828125
15.798828125 15.798828125 15.798828125 15.798828125 15.798828125 15.798828125 15.798828125 15.798828125 15.798828125 15.798828125
16.87109375 16.87109375 16.87109375 16.87109375 16.87109375 16.87109375 16.87109375 16.87109375 16.87109375 16.87109375
17.4873046875 17.4873046875 17.4873046875 17.4873046875 17.4873046875 17.4873046875 17.4873046875 17.4873046875 17.4873046875 17.4873046875
16.78515625 16.78515625 16.78515625 16.78515625 16.78515625 16.78515625 16.78515625 16.78515625 16.78515625 16.78515625
15.462890625 15.462890625 15.462890625 15.462890625 15.462890625 15.462890625 15.462890625 15.462890625 15.462890625 15.462890625
16.53515625 16.53515625 16.53515625 16.53515625 16.53515625 16.53515625 16.53515625 16.53515625 16.53515625 16.53515625
17.4365234375 17.4365234375 17.4365234375 17.4365234375 17.4365234375 17.4365234375 17.4365234375 17.4365234375 17.4365234375 17.4365234375
18.51953125 18.51953125 18.51953125 18.51953125 18.51953125 18.51953125 18.51953125 18.51953125 18.51953125 18.51953125
16.8330078125 16.8330078125 16.8330078125 16.8330078125 16.8330078125 16.8330078125 16.8330078125 16.8330078125 16.8330078125 16.8330078125
16.087890625 16.087890625 16.087890625 16.087890625 16.087890625 16.087890625 16.087890625 16.087890625 16.087890625 16.087890625
17.150390625 17.150390625 17.150390625 17.150390625 17.150390625 17.150390625 17.150390625 17.150390625 17.150390625 17.150390625
18.212890625 18.212890625 18.212890625 18.212890625 18.212890625 18.212890625 18.212890625 18.212890625 18.212890625 18.212890625
19.099609375 19.099609375 19.099609375 19.099609375 19.099609375 19.099609375 19.099609375 19.099609375 19.099609375 19.099609375
14.8291015625 14.8291015625 14.8291015625 14.8291015625 14.8291015625 14.8291015625 14.8291015625 14.8291015625 14.8291015625 14.8291015625
15.9404296875 15.9404296875 15.9404296875 15.9404296875 15.9404296875 15.9404296875 15.9404296875 15.9404296875 15.9404296875 15.9404296875
17.0419921875 17.0419921875 17.0419921875 17.0419921875 17.0419921875 17.0419921875 17.0419921875 17.0419921875 17.0419921875 17.0419921875
17.6474609375 17.6474609375 17.6474609375 17.6474609375 17.6474609375 17.6474609375 17.6474609375 17.6474609375 17.6474609375 17.6474609375
16.7412109375 16.7412109375 16.7412109375 16.7412109375 16.7412109375 16.7412109375 16.7412109375 16.7412109375 16.7412109375 16.7412109375
16.0185546875 16.0185546875 16.0185546875 16.0185546875 16.0185546875 16.0185546875 16.0185546875 16.0185546875 16.0185546875 16.0185546875
17.1201171875 17.1201171875 17.1201171875 17.1201171875 17.1201171875 17.1201171875 17.1201171875 17.1201171875 17.1201171875 17.1201171875
18.0400390625 18.0400390625 18.0400390625 18.0400390625 18.0400390625 18.0400390625 18.0400390625 18.0400390625 18.0400390625 18.0400390625
17.0283203125 17.0283203125 17.0283203125 17.0283203125 17.0283203125 17.0283203125 17.0283203125 17.0283203125 17.0283203125 17.0283203125
16.0185546875 16.0185546875 16.0185546875 16.0185546875 16.0185546875 16.0185546875 16.0185546875 16.0185546875 16.0185546875 16.0185546875
16.9677734375 16.9677734375 16.9677734375 16.9677734375 16.9677734375 16.9677734375 16.9677734375 16.9677734375 16.9677734375 16.9677734375
17.703125 17.703125 17.703125 17.703125 17.703125 17.703125 17.703125 17.703125 17.703125 17.703125
16.693359375 16.693359375 16.693359375 16.693359375 16.693359375 16.693359375 16.693359375 16.693359375 16.693359375 16.693359375
15.73046875 15.73046875 15.73046875 15.73046875 15.73046875 15.73046875 15.73046875 15.73046875 15.73046875 15.73046875
16.6318359375 16.6318359375 16.6318359375 16.6318359375 16.6318359375 16.6318359375 16.6318359375 16.6318359375 16.6318359375 16.6318359375
17.7431640625 17.7431640625 17.7431640625 17.7431640625 17.7431640625 17.7431640625 17.7431640625 17.7431640625 17.7431640625 17.7431640625
18.5341796875 18.5341796875 18.5341796875 18.5341796875 18.5341796875 18.5341796875 18.5341796875 18.5341796875 18.5341796875 18.5341796875
15.2060546875 15.2060546875 15.2060546875 15.2060546875 15.2060546875 15.2060546875 15.2060546875 15.2060546875 15.2060546875 15.2060546875
16.3076171875 16.3076171875 16.3076171875 16.3076171875 16.3076171875 16.3076171875 16.3076171875 16.3076171875 16.3076171875 16.3076171875
17.4091796875 17.4091796875 17.4091796875 17.4091796875 17.4091796875 17.4091796875 17.4091796875 17.4091796875 17.4091796875 17.4091796875
18.3583984375 18.3583984375 18.3583984375 18.3583984375 18.3583984375 18.3583984375 18.3583984375 18.3583984375 18.3583984375 18.3583984375
17.53515625 17.53515625 17.53515625 17.53515625 17.53515625 17.53515625 17.53515625 17.53515625 17.53515625 17.53515625
15.798828125 15.798828125 15.798828125 15.798828125 15.798828125 15.798828125 15.798828125 15.798828125 15.798828125 15.798828125
16.87109375 16.87109375 16.87109375 16.87109375 16.87109375 16.87109375 16.87109375 16.87109375 16.87109375 16.87109375
17.6201171875 17.6201171875 17.6201171875 17.6201171875 17.6201171875 17.6201171875 17.6201171875 17.6201171875 17.6201171875 17.6201171875
16.3896484375 16.3896484375 16.3896484375 16.3896484375 16.3896484375 16.3896484375 16.3896484375 16.3896484375 16.3896484375 16.3896484375
15.6826171875 15.6826171875 15.6826171875 15.6826171875 15.6826171875 15.6826171875 15.6826171875 15.6826171875 15.6826171875 15.6826171875
16.7841796875 16.7841796875 16.7841796875 16.7841796875 16.7841796875 16.7841796875 16.7841796875 16.7841796875 16.7841796875 16.7841796875
17.74609375 17.74609375 17.74609375 17.74609375 17.74609375 17.74609375 17.74609375 17.74609375 17.74609375 17.74609375
16.306640625 16.306640625 16.306640625 16.306640625 16.306640625 16.306640625 16.306640625 16.306640625 16.306640625 16.306640625
15.87890625 15.87890625 15.87890625 15.87890625 15.87890625 15.87890625 15.87890625 15.87890625 15.87890625 15.87890625
16.7802734375 16.7802734375 16.7802734375 16.7802734375 16.7802734375 16.7802734375 16.7802734375 16.7802734375 16.7802734375 16.7802734375
17.8916015625 17.8916015625 17.8916015625 17.8916015625 17.8916015625 17.8916015625 17.8916015625 17.8916015625 17.8916015625 17.8916015625
18.689453125 18.689453125 18.689453125 18.689453125 18.689453125 18.689453125 18.689453125 18.689453125 18.689453125 18.689453125
15.1572265625 15.1572265625 15.1572265625 15.1572265625 15.1572265625 15.1572265625 15.1572265625 15.1572265625 15.1572265625 15.1572265625
16.2685546875 16.2685546875 16.2685546875 16.2685546875 16.2685546875 16.2685546875 16.2685546875 16.2685546875 16.2685546875 16.2685546875
17.3701171875 17.3701171875 17.3701171875 17.3701171875 17.3701171875 17.3701171875 17.3701171875 17.3701171875 17.3701171875 17.3701171875
18.3193359375 18.3193359375 18.3193359375 18.3193359375 18.3193359375 18.3193359375 18.3193359375 18.3193359375 18.3193359375 18.3193359375
16.8623046875 16.8623046875 16.8623046875 16.8623046875 16.8623046875 16.8623046875 16.8623046875 16.8623046875 16.8623046875 16.8623046875
16.0185546875 16.0185546875 16.0185546875 16.0185546875 16.0185546875 16.0185546875 16.0185546875 16.0185546875 16.0185546875 16.0185546875
17.1201171875 17.1201171875 17.1201171875 17.1201171875 17.1201171875 17.1201171875 17.1201171875 17.1201171875 17.1201171875 17.1201171875
17.6884765625 17.6884765625 17.6884765625 17.6884765625 17.6884765625 17.6884765625 17.6884765625 17.6884765625 17.6884765625 17.6884765625
16.712890625 16.712890625 16.712890625 16.712890625 16.712890625 16.712890625 16.712890625 16.712890625 16.712890625 16.712890625
15.9697265625 15.9697265625 15.9697265625 15.9697265625 15.9697265625 15.9697265625 15.9697265625 15.9697265625 15.9697265625 15.9697265625
17.0810546875 17.0810546875 17.0810546875 17.0810546875 17.0810546875 17.0810546875 17.0810546875 17.0810546875 17.0810546875 17.0810546875
17.51953125 17.51953125 17.51953125 17.51953125 17.51953125 17.51953125 17.51953125 17.51953125 17.51953125 17.51953125
16.548828125 16.548828125 16.548828125 16.548828125 16.548828125 16.548828125 16.548828125 16.548828125 16.548828125 16.548828125
15.76953125 15.76953125 15.76953125 15.76953125 15.76953125 15.76953125 15.76953125 15.76953125 15.76953125 15.76953125
16.6708984375 16.6708984375 16.6708984375 16.6708984375 16.6708984375 16.6708984375 16.6708984375 16.6708984375 16.6708984375 16.6708984375
17.7822265625 17.7822265625 17.7822265625 17.7822265625 17.7822265625 17.7822265625 17.7822265625 17.7822265625 17.7822265625 17.7822265625
18.671875 18.671875 18.671875 18.671875 18.671875 18.671875 18.671875 18.671875 18.671875 18.671875
14.927734375 14.927734375 14.927734375 14.927734375 14.927734375 14.927734375 14.927734375 14.927734375 14.927734375 14.927734375
16.01953125 16.01953125 16.01953125 16.01953125 16.01953125 16.01953125 16.01953125 16.01953125 16.01953125 16.01953125
16.9208984375 16.9208984375 16.9208984375 16.9208984375 16.9208984375 16.9208984375 16.9208984375 16.9208984375 16.9208984375 16.9208984375
17.8515625 17.8515625 17.8515625 17.8515625 17.8515625 17.8515625 17.8515625 17.8515625 17.8515625 17.8515625
18.72265625 18.72265625 18.72265625 18.72265625 18.72265625 18.72265625 18.72265625 18.72265625 18.72265625 18.72265625
17.8271484375 17.8271484375 17.8271484375 17.8271484375 17.8271484375 17.8271484375 17.8271484375 17.8271484375 17.8271484375 17.8271484375
16.9541015625 16.9541015625 16.9541015625 16.9541015625 16.9541015625 16.9541015625 16.9541015625 16.9541015625 16.9541015625 16.9541015625
18.0556640625 18.0556640625 18.0556640625 18.0556640625 18.0556640625 18.0556640625 18.0556640625 18.0556640625 18.0556640625 18.0556640625
18.662109375 18.662109375 18.662109375 18.662109375 18.662109375 18.662109375 18.662109375 18.662109375 18.662109375 18.662109375
17.578125 17.578125 17.578125 17.578125 17.578125 17.578125 17.578125 17.578125 17.578125 17.578125
15.810546875 15.810546875 15.810546875 15.810546875 15.810546875 15.810546875 15.810546875 15.810546875 15.810546875 15.810546875
16.90234375 16.90234375 16.90234375 16.90234375 16.90234375 16.90234375 16.90234375 16.90234375 16.90234375 16.90234375
17.8037109375 17.8037109375 17.8037109375 17.8037109375 17.8037109375 17.8037109375 17.8037109375 17.8037109375 17.8037109375 17.8037109375
18.6220703125 18.6220703125 18.6220703125 18.6220703125 18.6220703125 18.6220703125 18.6220703125 18.6220703125 18.6220703125 18.6220703125
17.228515625 17.228515625 17.228515625 17.228515625 17.228515625 17.228515625 17.228515625 17.228515625 17.228515625 17.228515625
16.2392578125 16.2392578125 16.2392578125 16.2392578125 16.2392578125 16.2392578125 16.2392578125 16.2392578125 16.2392578125 16.2392578125
17.3505859375 17.3505859375 17.3505859375 17.3505859375 17.3505859375 17.3505859375 17.3505859375 17.3505859375 17.3505859375 17.3505859375
18.4228515625 18.4228515625 18.4228515625 18.4228515625 18.4228515625 18.4228515625 18.4228515625 18.4228515625 18.4228515625 18.4228515625
17.10546875 17.10546875 17.10546875 17.10546875 17.10546875 17.10546875 17.10546875 17.10546875 17.10546875 17.10546875
15.521484375 15.521484375 15.521484375 15.521484375 15.521484375 15.521484375 15.521484375 15.521484375 15.521484375 15.521484375
16.59375 16.59375 16.59375 16.59375 16.59375 16.59375 16.59375 16.59375 16.59375 16.59375
17.27734375 17.27734375 17.27734375 17.27734375 17.27734375 17.27734375 17.27734375 17.27734375 17.27734375 17.27734375
17.65234375 17.65234375 17.65234375 17.65234375 17.65234375 17.65234375 17.65234375 17.65234375 17.65234375 17.65234375
14.806640625 14.806640625 14.806640625 14.806640625 14.806640625 14.806640625 14.806640625 14.806640625 14.806640625 14.806640625
15.951171875 15.951171875 15.951171875 15.951171875 15.951171875 15.951171875 15.951171875 15.951171875 15.951171875 15.951171875
17.013671875 17.013671875 17.013671875 17.013671875 17.013671875 17.013671875 17.013671875 17.013671875 17.013671875 17.013671875
18.076171875 18.076171875 18.076171875 18.076171875 18.076171875 18.076171875 18.076171875 18.076171875 18.076171875 18.076171875
18.9794921875 18.9794921875 18.9794921875 18.9794921875 18.9794921875 18.9794921875 18.9794921875 18.9794921875 18.9794921875 18.9794921875
17.408203125 17.408203125 17.408203125 17.408203125 17.408203125 17.408203125 17.408203125 17.408203125 17.408203125 17.408203125
15.9306640625 15.9306640625 15.9306640625 15.9306640625 15.9306640625 15.9306640625 15.9306640625 15.9306640625 15.9306640625 15.9306640625
17.0419921875 17.0419921875 17.0419921875 17.0419921875 17.0419921875 17.0419921875 17.0419921875 17.0419921875 17.0419921875 17.0419921875
17.7119140625 17.7119140625 17.7119140625 17.7119140625 17.7119140625 17.7119140625 17.7119140625 17.7119140625 17.7119140625 17.7119140625
17.2099609375 17.2099609375 17.2099609375 17.2099609375 17.2099609375 17.2099609375 17.2099609375 17.2099609375 17.2099609375 17.2099609375
16.1279296875 16.1279296875 16.1279296875 16.1279296875 16.1279296875 16.1279296875 16.1279296875 16.1279296875 16.1279296875 16.1279296875
17.2294921875 17.2294921875 17.2294921875 17.2294921875 17.2294921875 17.2294921875 17.2294921875 17.2294921875 17.2294921875 17.2294921875
18.3310546875 18.3310546875 18.3310546875 18.3310546875 18.3310546875 18.3310546875 18.3310546875 18.3310546875 18.3310546875 18.3310546875
17.326171875 17.326171875 17.326171875 17.326171875 17.326171875 17.326171875 17.326171875 17.326171875 17.326171875 17.326171875
15.9697265625 15.9697265625 15.9697265625 15.9697265625 15.9697265625 15.9697265625 15.9697265625 15.9697265625 15.9697265625 15.9697265625
17.0810546875 17.0810546875 17.0810546875 17.0810546875 17.0810546875 17.0810546875 17.0810546875 17.0810546875 17.0810546875 17.0810546875
18.013671875 18.013671875 18.013671875 18.013671875 18.013671875 18.013671875 18.013671875 18.013671875 18.013671875 18.013671875
16.849609375 16.849609375 16.849609375 16.849609375 16.849609375 16.849609375 16.849609375 16.849609375 16.849609375 16.849609375
15.9306640625 15.9306640625 15.9306640625 15.9306640625 15.9306640625 15.9306640625 15.9306640625 15.9306640625 15.9306640625 15.9306640625
17.0419921875 17.0419921875 17.0419921875 17.0419921875 17.0419921875 17.0419921875 17.0419921875 17.0419921875 17.0419921875 17.0419921875
17.6982421875 17.6982421875 17.6982421875 17.6982421875 17.6982421875 17.6982421875 17.6982421875 17.6982421875 17.6982421875 17.6982421875
16.9443359375 16.9443359375 16.9443359375 16.9443359375 16.9443359375 16.9443359375 16.9443359375 16.9443359375 16.9443359375 16.9443359375
16.1279296875 16.1279296875 16.1279296875 16.1279296875 16.1279296875 16.1279296875 16.1279296875 16.1279296875 16.1279296875 16.1279296875
17.2294921875 17.2294921875 17.2294921875 17.2294921875 17.2294921875 17.2294921875 17.2294921875 17.2294921875 17.2294921875 17.2294921875
17.6728515625 17.6728515625 17.6728515625 17.6728515625 17.6728515625 17.6728515625 17.6728515625 17.6728515625 17.6728515625 17.6728515625
17.3408203125 17.3408203125 17.3408203125 17.3408203125 17.3408203125 17.3408203125 17.3408203125 17.3408203125 17.3408203125 17.3408203125
16.0185546875 16.0185546875 16.0185546875 16.0185546875 16.0185546875 16.0185546875 16.0185546875 16.0185546875 16.0185546875 16.0185546875
17.1201171875 17.1201171875 17.1201171875 17.1201171875 17.1201171875 17.1201171875 17.1201171875 17.1201171875 17.1201171875 17.1201171875
18.1923828125 18.1923828125 18.1923828125 18.1923828125 18.1923828125 18.1923828125 18.1923828125 18.1923828125 18.1923828125 18.1923828125
16.8525390625 16.8525390625 16.8525390625 16.8525390625 16.8525390625 16.8525390625 16.8525390625 16.8525390625 16.8525390625 16.8525390625
16.0185546875 16.0185546875 16.0185546875 16.0185546875 16.0185546875 16.0185546875 16.0185546875 16.0185546875 16.0185546875 16.0185546875
16.9677734375 16.9677734375 16.9677734375 16.9677734375 16.9677734375 16.9677734375 16.9677734375 16.9677734375 16.9677734375 16.9677734375
17.673828125 17.673828125 17.673828125 17.673828125 17.673828125 17.673828125 17.673828125 17.673828125 17.673828125 17.673828125
16.826171875 16.826171875 16.826171875 16.826171875 16.826171875 16.826171875 16.826171875 16.826171875 16.826171875 16.826171875
15.9306640625 15.9306640625 15.9306640625 15.9306640625 15.9306640625 15.9306640625 15.9306640625 15.9306640625 15.9306640625 15.9306640625
17.0419921875 17.0419921875 17.0419921875 17.0419921875 17.0419921875 17.0419921875 17.0419921875 17.0419921875 17.0419921875 17.0419921875
17.8642578125 17.8642578125 17.8642578125 17.8642578125 17.8642578125 17.8642578125 17.8642578125 17.8642578125 17.8642578125 17.8642578125
17.1201171875 17.1201171875 17.1201171875 17.1201171875 17.1201171875 17.1201171875 17.1201171875 17.1201171875 17.1201171875 17.1201171875
16.1279296875 16.1279296875 16.1279296875 16.1279296875 16.1279296875 16.1279296875 16.1279296875 16.1279296875 16.1279296875 16.1279296875
17.2294921875 17.2294921875 17.2294921875 17.2294921875 17.2294921875 17.2294921875 17.2294921875 17.2294921875 17.2294921875 17.2294921875
18.140625 18.140625 18.140625 18.140625 18.140625 18.140625 18.140625 18.140625 18.140625 18.140625
16.875 16.875 16.875 16.875 16.875 16.875 16.875 16.875 16.875 16.875
15.2333984375 15.2333984375 15.2333984375 15.2333984375 15.2333984375 15.2333984375 15.2333984375 15.2333984375 15.2333984375 15.2333984375
16.421875 16.421875 16.421875 16.421875 16.421875 16.421875 16.421875 16.421875 16.421875 16.421875
17.263671875 17.263671875 17.263671875 17.263671875 17.263671875 17.263671875 17.263671875 17.263671875 17.263671875 17.263671875
15.9677734375 15.9677734375 15.9677734375 15.9677734375 15.9677734375 15.9677734375 15.9677734375 15.9677734375 15.9677734375 15.9677734375
15.0361328125 15.0361328125 15.0361328125 15.0361328125 15.0361328125 15.0361328125 15.0361328125 15.0361328125 15.0361328125 15.0361328125
16.224609375 16.224609375 16.224609375 16.224609375 16.224609375 16.224609375 16.224609375 16.224609375 16.224609375 16.224609375
17.287109375 17.287109375 17.287109375 17.287109375 17.287109375 17.287109375 17.287109375 17.287109375 17.287109375 17.287109375
18.349609375 18.349609375 18.349609375 18.349609375 18.349609375 18.349609375 18.349609375 18.349609375 18.349609375 18.349609375
18.9482421875 18.9482421875 18.9482421875 18.9482421875 18.9482421875 18.9482421875 18.9482421875 18.9482421875 18.9482421875 18.9482421875
17.8740234375 17.8740234375 17.8740234375 17.8740234375 17.8740234375 17.8740234375 17.8740234375 17.8740234375 17.8740234375 17.8740234375
15.9794921875 15.9794921875 15.9794921875 15.9794921875 15.9794921875 15.9794921875 15.9794921875 15.9794921875 15.9794921875 15.9794921875
17.0810546875 17.0810546875 17.0810546875 17.0810546875 17.0810546875 17.0810546875 17.0810546875 17.0810546875 17.0810546875 17.0810546875
17.68359375 17.68359375 17.68359375 17.68359375 17.68359375 17.68359375 17.68359375 17.68359375 17.68359375 17.68359375
16.853515625 16.853515625 16.853515625 16.853515625 16.853515625 16.853515625 16.853515625 16.853515625 16.853515625 16.853515625
15.87890625 15.87890625 15.87890625 15.87890625 15.87890625 15.87890625 15.87890625 15.87890625 15.87890625 15.87890625
16.7802734375 16.7802734375 16.7802734375 16.7802734375 16.7802734375 16.7802734375 16.7802734375 16.7802734375 16.7802734375 16.7802734375
17.8916015625 17.8916015625 17.8916015625 17.8916015625 17.8916015625 17.8916015625 17.8916015625 17.8916015625 17.8916015625 17.8916015625
18.7041015625 18.7041015625 18.7041015625 18.7041015625 18.7041015625 18.7041015625 18.7041015625 18.7041015625 18.7041015625 18.7041015625
15.2060546875 15.2060546875 15.2060546875 15.2060546875 15.2060546875 15.2060546875 15.2060546875 15.2060546875 15.2060546875 15.2060546875
16.3076171875 16.3076171875 16.3076171875 16.3076171875 16.3076171875 16.3076171875 16.3076171875 16.3076171875 16.3076171875 16.3076171875
17.4091796875 17.4091796875 17.4091796875 17.4091796875 17.4091796875 17.4091796875 17.4091796875 17.4091796875 17.4091796875 17.4091796875
18.3291015625 18.3291015625 18.3291015625 18.3291015625 18.3291015625 18.3291015625 18.3291015625 18.3291015625 18.3291015625 18.3291015625
16.8623046875 16.8623046875 16.8623046875 16.8623046875 16.8623046875 16.8623046875 16.8623046875 16.8623046875 16.8623046875 16.8623046875
16.0185546875 16.0185546875 16.0185546875 16.0185546875 16.0185546875 16.0185546875 16.0185546875 16.0185546875 16.0185546875 16.0185546875
17.1201171875 17.1201171875 17.1201171875 17.1201171875 17.1201171875 17.1201171875 17.1201171875 17.1201171875 17.1201171875 17.1201171875
17.87890625 17.87890625 17.87890625 17.87890625 17.87890625 17.87890625 17.87890625 17.87890625 17.87890625 17.87890625
16.5126953125 16.5126953125 16.5126953125 16.5126953125 16.5126953125 16.5126953125 16.5126953125 16.5126953125 16.5126953125 16.5126953125
15.818359375 15.818359375 15.818359375 15.818359375 15.818359375 15.818359375 15.818359375 15.818359375 15.818359375 15.818359375
16.880859375 16.880859375 16.880859375 16.880859375 16.880859375 16.880859375 16.880859375 16.880859375 16.880859375 16.880859375
17.0029296875 17.0029296875 17.0029296875 17.0029296875 17.0029296875 17.0029296875 17.0029296875 17.0029296875 17.0029296875 17.0029296875
16.5478515625 16.5478515625 16.5478515625 16.5478515625 16.5478515625 16.5478515625 16.5478515625 16.5478515625 16.5478515625 16.5478515625
15.7119140625 15.7119140625 15.7119140625 15.7119140625 15.7119140625 15.7119140625 15.7119140625 15.7119140625 15.7119140625 15.7119140625
16.8134765625 16.8134765625 16.8134765625 16.8134765625 16.8134765625 16.8134765625 16.8134765625 16.8134765625 16.8134765625 16.8134765625
17.4130859375 17.4130859375 17.4130859375 17.4130859375 17.4130859375 17.4130859375 17.4130859375 17.4130859375 17.4130859375 17.4130859375
16.6826171875 16.6826171875 16.6826171875 16.6826171875 16.6826171875 16.6826171875 16.6826171875 16.6826171875 16.6826171875 16.6826171875
16.1279296875 16.1279296875 16.1279296875 16.1279296875 16.1279296875 16.1279296875 16.1279296875 16.1279296875 16.1279296875 16.1279296875
17.2294921875 17.2294921875 17.2294921875 17.2294921875 17.2294921875 17.2294921875 17.2294921875 17.2294921875 17.2294921875 17.2294921875
18.1494140625 18.1494140625 18.1494140625 18.1494140625 18.1494140625 18.1494140625 18.1494140625 18.1494140625 18.1494140625 18.1494140625
17.3046875 17.3046875 17.3046875 17.3046875 17.3046875 17.3046875 17.3046875 17.3046875 17.3046875 17.3046875
15.7587890625 15.7587890625 15.7587890625 15.7587890625 15.7587890625 15.7587890625 15.7587890625 15.7587890625 15.7587890625 15.7587890625
16.8896484375 16.8896484375 16.8896484375 16.8896484375 16.8896484375 16.8896484375 16.8896484375 16.8896484375 16.8896484375 16.8896484375
17.47265625 17.47265625 17.47265625 17.47265625 17.47265625 17.47265625 17.47265625 17.47265625 17.47265625 17.47265625
16.6650390625 16.6650390625 16.6650390625 16.6650390625 16.6650390625 16.6650390625 16.6650390625 16.6650390625 16.6650390625 16.6650390625
16.107421875 16.107421875 16.107421875 16.107421875 16.107421875 16.107421875 16.107421875 16.107421875 16.107421875 16.107421875
17.169921875 17.169921875 17.169921875 17.169921875 17.169921875 17.169921875 17.169921875 17.169921875 17.169921875 17.169921875
18.232421875 18.232421875 18.232421875 18.232421875 18.232421875 18.232421875 18.232421875 18.232421875 18.232421875 18.232421875
16.5966796875 16.5966796875 16.5966796875 16.5966796875 16.5966796875 16.5966796875 16.5966796875 16.5966796875 16.5966796875 16.5966796875
14.8779296875 14.8779296875 14.8779296875 14.8779296875 14.8779296875 14.8779296875 14.8779296875 14.8779296875 14.8779296875 14.8779296875
15.9794921875 15.9794921875 15.9794921875 15.9794921875 15.9794921875 15.9794921875 15.9794921875 15.9794921875 15.9794921875 15.9794921875
17.0810546875 17.0810546875 17.0810546875 17.0810546875 17.0810546875 17.0810546875 17.0810546875 17.0810546875 17.0810546875 17.0810546875
17.8583984375 17.8583984375 17.8583984375 17.8583984375 17.8583984375 17.8583984375 17.8583984375 17.8583984375 17.8583984375 17.8583984375
16.7783203125 16.7783203125 16.7783203125 16.7783203125 16.7783203125 16.7783203125 16.7783203125 16.7783203125 16.7783203125 16.7783203125
16.0185546875 16.0185546875 16.0185546875 16.0185546875 16.0185546875 16.0185546875 16.0185546875 16.0185546875 16.0185546875 16.0185546875
17.1201171875 17.1201171875 17.1201171875 17.1201171875 17.1201171875 17.1201171875 17.1201171875 17.1201171875 17.1201171875 17.1201171875
18.0693359375 18.0693359375 18.0693359375 18.0693359375 18.0693359375 18.0693359375 18.0693359375 18.0693359375 18.0693359375 18.0693359375
17.0791015625 17.0791015625 17.0791015625 17.0791015625 17.0791015625 17.0791015625 17.0791015625 17.0791015625 17.0791015625 17.0791015625
16.0185546875 16.0185546875 16.0185546875 16.0185546875 16.0185546875 16.0185546875 16.0185546875 16.0185546875 16.0185546875 16.0185546875
16.9677734375 16.9677734375 16.9677734375 16.9677734375 16.9677734375 16.9677734375 16.9677734375 16.9677734375 16.9677734375 16.9677734375
17.6591796875 17.6591796875 17.6591796875 17.6591796875 17.6591796875 17.6591796875 17.6591796875 17.6591796875 17.6591796875 17.6591796875
17.0048828125 17.0048828125 17.0048828125 17.0048828125 17.0048828125 17.0048828125 17.0048828125 17.0048828125 17.0048828125 17.0048828125
16.0185546875 16.0185546875 16.0185546875 16.0185546875 16.0185546875 16.0185546875 16.0185546875 16.0185546875 16.0185546875 16.0185546875
16.9677734375 16.9677734375 16.9677734375 16.9677734375 16.9677734375 16.9677734375 16.9677734375 16.9677734375 16.9677734375 16.9677734375
17.22265625 17.22265625 17.22265625 17.22265625 17.22265625 17.22265625 17.22265625 17.22265625 17.22265625 17.22265625
17.185546875 17.185546875 17.185546875 17.185546875 17.185546875 17.185546875 17.185546875 17.185546875 17.185546875 17.185546875
15.6923828125 15.6923828125 15.6923828125 15.6923828125 15.6923828125 15.6923828125 15.6923828125 15.6923828125 15.6923828125 15.6923828125
16.880859375 16.880859375 16.880859375 16.880859375 16.880859375 16.880859375 16.880859375 16.880859375 16.880859375 16.880859375
17.7392578125 17.7392578125 17.7392578125 17.7392578125 17.7392578125 17.7392578125 17.7392578125 17.7392578125 17.7392578125 17.7392578125
16.787109375 16.787109375 16.787109375 16.787109375 16.787109375 16.787109375 16.787109375 16.787109375 16.787109375 16.787109375
15.9970703125 15.9970703125 15.9970703125 15.9970703125 15.9970703125 15.9970703125 15.9970703125 15.9970703125 15.9970703125 15.9970703125
17.185546875 17.185546875 17.185546875 17.185546875 17.185546875 17.185546875 17.185546875 17.185546875 17.185546875 17.185546875
17.9296875 17.9296875 17.9296875 17.9296875 17.9296875 17.9296875 17.9296875 17.9296875 17.9296875 17.9296875
18.80078125 18.80078125 18.80078125 18.80078125 18.80078125 18.80078125 18.80078125 18.80078125 18.80078125 18.80078125
17.71875 17.71875 17.71875 17.71875 17.71875 17.71875 17.71875 17.71875 17.71875 17.71875
16.2890625 16.2890625 16.2890625 16.2890625 16.2890625 16.2890625 16.2890625 16.2890625 16.2890625 16.2890625
17.2177734375 17.2177734375 17.2177734375 17.2177734375 17.2177734375 17.2177734375 17.2177734375 17.2177734375 17.2177734375 17.2177734375
18.3486328125 18.3486328125 18.3486328125 18.3486328125 18.3486328125 18.3486328125 18.3486328125 18.3486328125 18.3486328125 18.3486328125
16.6298828125 16.6298828125 16.6298828125 16.6298828125 16.6298828125 16.6298828125 16.6298828125 16.6298828125 16.6298828125 16.6298828125
15.3818359375 15.3818359375 15.3818359375 15.3818359375 15.3818359375 15.3818359375 15.3818359375 15.3818359375 15.3818359375 15.3818359375
16.4833984375 16.4833984375 16.4833984375 16.4833984375 16.4833984375 16.4833984375 16.4833984375 16.4833984375 16.4833984375 16.4833984375
17.5849609375 17.5849609375 17.5849609375 17.5849609375 17.5849609375 17.5849609375 17.5849609375 17.5849609375 17.5849609375 17.5849609375
18.3583984375 18.3583984375 18.3583984375 18.3583984375 18.3583984375 18.3583984375 18.3583984375 18.3583984375 18.3583984375 18.3583984375
17.029296875 17.029296875 17.029296875 17.029296875 17.029296875 17.029296875 17.029296875 17.029296875 17.029296875 17.029296875
16.1962890625 16.1962890625 16.1962890625 16.1962890625 16.1962890625 16.1962890625 16.1962890625 16.1962890625 16.1962890625 16.1962890625
17.384765625 17.384765625 17.384765625 17.384765625 17.384765625 17.384765625 17.384765625 17.384765625 17.384765625 17.384765625
18.11328125 18.11328125 18.11328125 18.11328125 18.11328125 18.11328125 18.11328125 18.11328125 18.11328125 18.11328125
19.0146484375 19.0146484375 19.0146484375 19.0146484375 19.0146484375 19.0146484375 19.0146484375 19.0146484375 19.0146484375 19.0146484375
18.0556640625 18.0556640625 18.0556640625 18.0556640625 18.0556640625 18.0556640625 18.0556640625 18.0556640625 18.0556640625 18.0556640625
17.0244140625 17.0244140625 17.0244140625 17.0244140625 17.0244140625 17.0244140625 17.0244140625 17.0244140625 17.0244140625 17.0244140625
18.1259765625 18.1259765625 18.1259765625 18.1259765625 18.1259765625 18.1259765625 18.1259765625 18.1259765625 18.1259765625 18.1259765625
18.7734375 18.7734375 18.7734375 18.7734375 18.7734375 18.7734375 18.7734375 18.7734375 18.7734375 18.7734375
17.3291015625 17.3291015625 17.3291015625 17.3291015625 17.3291015625 17.3291015625 17.3291015625 17.3291015625 17.3291015625 17.3291015625
15.7880859375 15.7880859375 15.7880859375 15.7880859375 15.7880859375 15.7880859375 15.7880859375 15.7880859375 15.7880859375 15.7880859375
16.8896484375 16.8896484375 16.8896484375 16.8896484375 16.8896484375 16.8896484375 16.8896484375 16.8896484375 16.8896484375 16.8896484375
17.6630859375 17.6630859375 17.6630859375 17.6630859375 17.6630859375 17.6630859375 17.6630859375 17.6630859375 17.6630859375 17.6630859375
16.4501953125 16.4501953125 16.4501953125 16.4501953125 16.4501953125 16.4501953125 16.4501953125 16.4501953125 16.4501953125 16.4501953125
15.7412109375 15.7412109375 15.7412109375 15.7412109375 15.7412109375 15.7412109375 15.7412109375 15.7412109375 15.7412109375 15.7412109375
16.8427734375 16.8427734375 16.8427734375 16.8427734375 16.8427734375 16.8427734375 16.8427734375 16.8427734375 16.8427734375 16.8427734375
17.6142578125 17.6142578125 17.6142578125 17.6142578125 17.6142578125 17.6142578125 17.6142578125 17.6142578125 17.6142578125 17.6142578125
17.1650390625 17.1650390625 17.1650390625 17.1650390625 17.1650390625 17.1650390625 17.1650390625 17.1650390625 17.1650390625 17.1650390625
16.1279296875 16.1279296875 16.1279296875 16.1279296875 16.1279296875 16.1279296875 16.1279296875 16.1279296875 16.1279296875 16.1279296875
17.2294921875 17.2294921875 17.2294921875 17.2294921875 17.2294921875 17.2294921875 17.2294921875 17.2294921875 17.2294921875 17.2294921875
18.3310546875 18.3310546875 18.3310546875 18.3310546875 18.3310546875 18.3310546875 18.3310546875 18.3310546875 18.3310546875 18.3310546875
16.998046875 16.998046875 16.998046875 16.998046875 16.998046875 16.998046875 16.998046875 16.998046875 16.998046875 16.998046875
15.9697265625 15.9697265625 15.9697265625 15.9697265625 15.9697265625 15.9697265625 15.9697265625 15.9697265625 15.9697265625 15.9697265625
17.0810546875 17.0810546875 17.0810546875 17.0810546875 17.0810546875 17.0810546875 17.0810546875 17.0810546875 17.0810546875 17.0810546875
18.013671875 18.013671875 18.013671875 18.013671875 18.013671875 18.013671875 18.013671875 18.013671875 18.013671875 18.013671875
16.849609375 16.849609375 16.849609375 16.849609375 16.849609375 16.849609375 16.849609375 16.849609375 16.849609375 16.849609375
15.9306640625 15.9306640625 15.9306640625 15.9306640625 15.9306640625 15.9306640625 15.9306640625 15.9306640625 15.9306640625 15.9306640625
17.0419921875 17.0419921875 17.0419921875 17.0419921875 17.0419921875 17.0419921875 17.0419921875 17.0419921875 17.0419921875 17.0419921875
17.6982421875 17.6982421875 17.6982421875 17.6982421875 17.6982421875 17.6982421875 17.6982421875 17.6982421875 17.6982421875 17.6982421875
16.9443359375 16.9443359375 16.9443359375 16.9443359375 16.9443359375 16.9443359375 16.9443359375 16.9443359375 16.9443359375 16.9443359375
16.1279296875 16.1279296875 16.1279296875 16.1279296875 16.1279296875 16.1279296875 16.1279296875 16.1279296875 16.1279296875 16.1279296875
17.2294921875 17.2294921875 17.2294921875 17.2294921875 17.2294921875 17.2294921875 17.2294921875 17.2294921875 17.2294921875 17.2294921875
17.6728515625 17.6728515625 17.6728515625 17.6728515625 17.6728515625 17.6728515625 17.6728515625 17.6728515625 17.6728515625 17.6728515625
17.3408203125 17.3408203125 17.3408203125 17.3408203125 17.3408203125 17.3408203125 17.3408203125 17.3408203125 17.3408203125 17.3408203125
16.0185546875 16.0185546875 16.0185546875 16.0185546875 16.0185546875 16.0185546875 16.0185546875 16.0185546875 16.0185546875 16.0185546875
17.1201171875 17.1201171875 17.1201171875 17.1201171875 17.1201171875 17.1201171875 17.1201171875 17.1201171875 17.1201171875 17.1201171875
18.1923828125 18.1923828125 18.1923828125 18.1923828125 18.1923828125 18.1923828125 18.1923828125 18.1923828125 18.1923828125 18.1923828125
16.8525390625 16.8525390625 16.8525390625 16.8525390625 16.8525390625 16.8525390625 16.8525390625 16.8525390625 16.8525390625 16.8525390625
16.0185546875 16.0185546875 16.0185546875 16.0185546875 16.0185546875 16.0185546875 16.0185546875 16.0185546875 16.0185546875 16.0185546875
16.9677734375 16.9677734375 16.9677734375 16.9677734375 16.9677734375 16.9677734375 16.9677734375 16.9677734375 16.9677734375 16.9677734375
17.673828125 17.673828125 17.673828125 17.673828125 17.673828125 17.673828125 17.673828125 17.673828125 17.673828125 17.673828125
16.826171875 16.826171875 16.826171875 16.826171875 16.826171875 16.826171875 16.826171875 16.826171875 16.826171875 16.826171875
15.9306640625 15.9306640625 15.9306640625 15.9306640625 15.9306640625 15.9306640625 15.9306640625 15.9306640625 15.9306640625 15.9306640625
17.0419921875 17.0419921875 17.0419921875 17.0419921875 17.0419921875 17.0419921875 17.0419921875 17.0419921875 17.0419921875 17.0419921875
17.8642578125 17.8642578125 17.8642578125 17.8642578125 17.8642578125 17.8642578125 17.8642578125 17.8642578125 17.8642578125 17.8642578125
17.1201171875 17.1201171875 17.1201171875 17.1201171875 17.1201171875 17.1201171875 17.1201171875 17.1201171875 17.1201171875 17.1201171875
16.1279296875 16.1279296875 16.1279296875 16.1279296875 16.1279296875 16.1279296875 16.1279296875 16.1279296875 16.1279296875 16.1279296875
17.2294921875 17.2294921875 17.2294921875 17.2294921875 17.2294921875 17.2294921875 17.2294921875 17.2294921875 17.2294921875 17.2294921875
18.140625 18.140625 18.140625 18.140625 18.140625 18.140625 18.140625 18.140625 18.140625 18.140625
16.875 16.875 16.875 16.875 16.875 16.875 16.875 16.875 16.875 16.875
15.2333984375 15.2333984375 15.2333984375 15.2333984375 15.2333984375 15.2333984375 15.2333984375 15.2333984375 15.2333984375 15.2333984375
16.421875 16.421875 16.421875 16.421875 16.421875 16.421875 16.421875 16.421875 16.421875 16.421875
