37.0498046875 37.1748046875 37.1748046875 37.1982421875 37.1982421875 37.1982421875 37.2294921875 37.2294921875 37.2294921875
39.0546875 39.0546875 39.0546875 39.0546875 39.0546875 39.0546875 39.0546875 39.0546875
39.861328125 39.861328125 39.861328125 39.861328125 39.861328125 39.861328125 39.861328125 39.861328125
40.53515625 40.53515625 40.53515625 40.53515625 40.53515625 40.53515625 40.53515625 40.53515625
41.03125 41.4921875 41.4921875 41.4921875 41.4921875 41.4921875 41.4921875 41.4921875 41.4921875
42.4755859375 42.4755859375 42.4755859375 42.4755859375 42.4755859375 42.4755859375 42.4755859375 42.4755859375
42.9892578125 41.6083984375 41.6083984375 41.6083984375 41.6083984375 41.6083984375 41.6083984375 41.6083984375 41.6083984375
39.3427734375 39.94140625 39.94140625 39.94140625 39.94140625 39.94140625 39.94140625 39.94140625 39.94140625
40.9677734375 40.9677734375 40.9677734375 40.9677734375 40.9677734375 40.9677734375 40.9677734375 40.9677734375 40.9677734375
42.013671875 42.013671875 42.013671875 42.013671875 42.013671875 42.013671875 42.013671875 42.013671875 42.013671875
43.0322265625 43.0322265625 43.0322265625 43.0322265625 43.0322265625 43.0322265625 43.0322265625 43.0322265625
44.037109375 44.037109375 44.037109375 44.037109375 44.037109375 44.037109375 44.037109375 44.037109375 44.037109375
45.0556640625 45.0556640625 45.0556640625 45.0556640625 45.0556640625 45.0556640625 45.0556640625 45.0556640625 45.0556640625
46.1015625 46.1015625 46.1015625 46.1015625 46.1015625 46.1015625 46.1015625 46.1015625
46.580078125 47.048828125 47.048828125 47.048828125 47.048828125 47.048828125 47.048828125 47.048828125 47.048828125
48.095703125 48.095703125 48.095703125 48.095703125 48.095703125 48.095703125 48.095703125 48.095703125 48.095703125
44.517578125 44.517578125 44.517578125 44.517578125 44.517578125 44.517578125 44.517578125 44.517578125
39.408203125 39.408203125 39.408203125 39.408203125 39.408203125 39.408203125 39.408203125 39.408203125 39.408203125
40.5693359375 40.5693359375 40.5693359375 40.5693359375 40.5693359375 40.5693359375 40.5693359375 40.5693359375 40.5693359375
41.6240234375 41.6240234375 41.6240234375 41.6240234375 41.6240234375 41.6240234375 41.6240234375 41.6240234375
42.62890625 42.62890625 42.62890625 42.62890625 42.62890625 42.62890625 42.62890625 42.62890625 42.62890625
43.6201171875 43.6201171875 43.6201171875 43.6201171875 43.6201171875 43.6201171875 43.6201171875 43.6201171875 43.6201171875
44.666015625 44.666015625 44.666015625 44.666015625 44.666015625 44.666015625 44.666015625 44.666015625
45.6474609375 45.6474609375 45.6474609375 45.6474609375 45.6474609375 45.6474609375 45.6474609375 45.6474609375 45.6474609375
46.693359375 46.693359375 46.693359375 46.693359375 46.693359375 46.693359375 46.693359375 46.693359375 46.693359375
47.7119140625 47.7119140625 47.7119140625 47.7119140625 47.7119140625 47.7119140625 47.7119140625 47.7119140625
48.716796875 48.716796875 48.716796875 48.716796875 48.716796875 48.716796875 48.716796875 48.716796875 48.716796875
46.0966796875 46.0966796875 46.0966796875 46.0966796875 46.0966796875 46.0966796875 46.0966796875 46.0966796875 46.0966796875
40.181640625 40.181640625 40.181640625 40.181640625 40.181640625 40.181640625 40.181640625 40.181640625
41.18359375 41.18359375 41.18359375 41.18359375 41.18359375 41.18359375 41.18359375 41.18359375 41.18359375
42.1748046875 42.1748046875 42.1748046875 42.1748046875 42.1748046875 42.1748046875 42.1748046875 42.1748046875 42.1748046875
43.220703125 43.220703125 43.220703125 43.220703125 43.220703125 43.220703125 43.220703125 43.220703125
44.2021484375 44.2021484375 44.2021484375 44.2021484375 44.2021484375 44.2021484375 44.2021484375 44.2021484375 44.2021484375
45.248046875 45.248046875 45.248046875 45.248046875 45.248046875 45.248046875 45.248046875 45.248046875 45.248046875
46.2666015625 46.2666015625 46.2666015625 46.2666015625 46.2666015625 46.2666015625 46.2666015625 46.2666015625
47.271484375 47.271484375 47.271484375 47.271484375 47.271484375 47.271484375 47.271484375 47.271484375 47.271484375
48.2900390625 48.2900390625 48.2900390625 48.2900390625 48.2900390625 48.2900390625 48.2900390625 48.2900390625 48.2900390625
48.8876953125 48.8876953125 48.8876953125 48.8876953125 48.8876953125 48.8876953125 48.8876953125 48.8876953125
46.09375 46.09375 46.09375 46.09375 46.09375 46.09375 46.09375 46.09375 46.09375
40.4970703125 40.4970703125 40.4970703125 40.4970703125 40.4970703125 40.4970703125 40.4970703125 40.4970703125 40.4970703125
41.623046875 41.623046875 41.623046875 41.623046875 41.623046875 41.623046875 41.623046875 41.623046875
42.625 42.625 42.625 42.625 42.625 42.625 42.625 42.625 42.625
43.37890625 43.37890625 43.37890625 43.37890625 43.37890625 43.37890625 43.37890625 43.37890625 43.37890625
44.3701171875 44.3701171875 44.3701171875 44.3701171875 44.3701171875 44.3701171875 44.3701171875 44.3701171875
45.375 45.375 45.375 45.375 45.375 45.375 45.375 45.375 45.375
46.12890625 46.12890625 46.12890625 46.12890625 46.12890625 46.12890625 46.12890625 46.12890625 46.12890625
47.1201171875 47.1201171875 47.1201171875 47.1201171875 47.1201171875 47.1201171875 47.1201171875 47.1201171875
48.125 48.125 48.125 48.125 48.125 48.125 48.125 48.125 48.125
45.0712890625 45.0712890625 45.0712890625 45.0712890625 45.0712890625 45.0712890625 45.0712890625 45.0712890625 45.0712890625
39.609375 39.609375 39.609375 39.609375 39.609375 39.609375 39.609375 39.609375
40.3994140625 40.3994140625 40.3994140625 40.3994140625 40.3994140625 40.3994140625 40.3994140625 40.3994140625 40.3994140625
41.525390625 41.525390625 41.525390625 41.525390625 41.525390625 41.525390625 41.525390625 41.525390625 41.525390625
42.5439453125 42.5439453125 42.5439453125 42.5439453125 42.5439453125 42.5439453125 42.5439453125 42.5439453125
43.548828125 43.548828125 43.548828125 43.548828125 43.548828125 43.548828125 43.548828125 43.548828125 43.548828125
44.5673828125 44.5673828125 44.5673828125 44.5673828125 44.5673828125 44.5673828125 44.5673828125 44.5673828125 44.5673828125
45.61328125 45.61328125 45.61328125 45.61328125 45.61328125 45.61328125 45.61328125 45.61328125
46.5908203125 46.5908203125 46.5908203125 46.5908203125 46.5908203125 46.5908203125 46.5908203125 46.5908203125 46.5908203125
47.63671875 47.63671875 47.63671875 47.63671875 47.63671875 47.63671875 47.63671875 47.63671875 47.63671875
48.6279296875 48.6279296875 48.6279296875 48.6279296875 48.6279296875 48.6279296875 48.6279296875 48.6279296875
49.1416015625 45.708984375 45.708984375 45.708984375 45.708984375 45.708984375 45.708984375 45.708984375 45.708984375 45.708984375
40.3974609375 40.3974609375 40.3974609375 40.3974609375 40.3974609375 40.3974609375 40.3974609375 40.3974609375 40.3974609375
41.443359375 41.443359375 41.443359375 41.443359375 41.443359375 41.443359375 41.443359375 41.443359375
42.4453125 42.4453125 42.4453125 42.4453125 42.4453125 42.4453125 42.4453125 42.4453125 42.4453125
43.41015625 43.41015625 43.41015625 43.41015625 43.41015625 43.41015625 43.41015625 43.41015625 43.41015625
44.4013671875 44.4013671875 44.4013671875 44.4013671875 44.4013671875 44.4013671875 44.4013671875 44.4013671875
45.40625 45.40625 45.40625 45.40625 45.40625 45.40625 45.40625 45.40625 45.40625
46.197265625 46.197265625 46.197265625 46.197265625 46.197265625 46.197265625 46.197265625 46.197265625 46.197265625
47.2158203125 47.2158203125 47.2158203125 47.2158203125 47.2158203125 47.2158203125 47.2158203125 47.2158203125
48.220703125 48.220703125 48.220703125 48.220703125 48.220703125 48.220703125 48.220703125 48.220703125 48.220703125
49.2392578125 49.2392578125 49.2392578125 49.2392578125 49.2392578125 49.2392578125 49.2392578125 49.2392578125 49.2392578125
46.033203125 46.033203125 46.033203125 46.033203125 46.033203125 46.033203125 46.033203125 46.033203125
39.724609375 39.724609375 39.724609375 39.724609375 39.724609375 39.724609375 39.724609375 39.724609375 39.724609375
40.755859375 40.755859375 40.755859375 40.755859375 40.755859375 40.755859375 40.755859375 40.755859375 40.755859375
41.7744140625 41.7744140625 41.7744140625 41.7744140625 41.7744140625 41.7744140625 41.7744140625 41.7744140625
42.779296875 42.779296875 42.779296875 42.779296875 42.779296875 42.779296875 42.779296875 42.779296875 42.779296875
43.7978515625 43.7978515625 43.7978515625 43.7978515625 43.7978515625 43.7978515625 43.7978515625 43.7978515625 43.7978515625
44.8525390625 44.8525390625 44.8525390625 44.8525390625 44.8525390625 44.8525390625 44.8525390625 44.8525390625
45.857421875 45.857421875 45.857421875 45.857421875 45.857421875 45.857421875 45.857421875 45.857421875 45.857421875
46.8759765625 46.8759765625 46.8759765625 46.8759765625 46.8759765625 46.8759765625 46.8759765625 46.8759765625 46.8759765625
47.921875 47.921875 47.921875 47.921875 47.921875 47.921875 47.921875 47.921875
48.7119140625 48.7119140625 48.7119140625 48.7119140625 48.7119140625 48.7119140625 48.7119140625 48.7119140625 48.7119140625
46.29296875 46.29296875 46.29296875 46.29296875 46.29296875 46.29296875 46.29296875 46.29296875 46.29296875
39.408203125 39.408203125 39.408203125 39.408203125 39.408203125 39.408203125 39.408203125 39.408203125
40.41015625 40.41015625 40.41015625 40.41015625 40.41015625 40.41015625 40.41015625 40.41015625 40.41015625
41.4013671875 41.4013671875 41.4013671875 41.4013671875 41.4013671875 41.4013671875 41.4013671875 41.4013671875 41.4013671875
42.46484375 42.46484375 42.46484375 42.46484375 42.46484375 42.46484375 42.46484375 42.46484375
43.421875 43.421875 43.421875 43.421875 43.421875 43.421875 43.421875 43.421875 43.421875
44.2314453125 44.2314453125 44.2314453125 44.2314453125 44.2314453125 44.2314453125 44.2314453125 44.2314453125 44.2314453125
45.27734375 45.27734375 45.27734375 45.27734375 45.27734375 45.27734375 45.27734375 45.27734375
46.234375 46.234375 46.234375 46.234375 46.234375 46.234375 46.234375 46.234375 46.234375
47.0439453125 47.0439453125 47.0439453125 47.0439453125 47.0439453125 47.0439453125 47.0439453125 47.0439453125 47.0439453125
48.08984375 48.08984375 48.08984375 48.08984375 48.08984375 48.08984375 48.08984375 48.08984375
44.67578125 44.67578125 44.67578125 44.67578125 44.67578125 44.67578125 44.67578125 44.67578125 44.67578125
39.7412109375 39.7412109375 39.7412109375 39.7412109375 39.7412109375 39.7412109375 39.7412109375 39.7412109375 39.7412109375
40.8671875 40.8671875 40.8671875 40.8671875 40.8671875 40.8671875 40.8671875 40.8671875
41.673828125 41.673828125 41.673828125 41.673828125 41.673828125 41.673828125 41.673828125 41.673828125 41.673828125
42.6923828125 42.6923828125 42.6923828125 42.6923828125 42.6923828125 42.6923828125 42.6923828125 42.6923828125 42.6923828125
43.73828125 43.73828125 43.73828125 43.73828125 43.73828125 43.73828125 43.73828125 43.73828125
44.7158203125 44.7158203125 44.7158203125 44.7158203125 44.7158203125 44.7158203125 44.7158203125 44.7158203125 44.7158203125
45.76171875 45.76171875 45.76171875 45.76171875 45.76171875 45.76171875 45.76171875 45.76171875 45.76171875
46.7529296875 46.7529296875 46.7529296875 46.7529296875 46.7529296875 46.7529296875 46.7529296875 46.7529296875
47.7578125 47.7578125 47.7578125 47.7578125 47.7578125 47.7578125 47.7578125 47.7578125 47.7578125
48.72265625 48.72265625 48.72265625 48.72265625 48.72265625 48.72265625 48.72265625 48.72265625 48.72265625
49.7138671875 49.7138671875 49.7138671875 49.7138671875 49.7138671875 49.7138671875 49.7138671875 49.7138671875
47.412109375 47.412109375 47.412109375 47.412109375 47.412109375 47.412109375 47.412109375 47.412109375 47.412109375
40.8388671875 40.8388671875 40.8388671875 40.8388671875 40.8388671875 40.8388671875 40.8388671875 40.8388671875 40.8388671875
41.8935546875 41.8935546875 41.8935546875 41.8935546875 41.8935546875 41.8935546875 41.8935546875 41.8935546875
42.8984375 42.8984375 42.8984375 42.8984375 42.8984375 42.8984375 42.8984375 42.8984375 42.8984375
43.8837890625 43.8837890625 43.8837890625 43.8837890625 43.8837890625 43.8837890625 43.8837890625 43.8837890625 43.8837890625
44.9296875 44.9296875 44.9296875 44.9296875 44.9296875 44.9296875 44.9296875 44.9296875
45.736328125 45.736328125 45.736328125 45.736328125 45.736328125 45.736328125 45.736328125 45.736328125 45.736328125
46.7548828125 46.7548828125 46.7548828125 46.7548828125 46.7548828125 46.7548828125 46.7548828125 46.7548828125 46.7548828125
47.80078125 47.80078125 47.80078125 47.80078125 47.80078125 47.80078125 47.80078125 47.80078125
48.7578125 48.7578125 48.7578125 48.7578125 48.7578125 48.7578125 48.7578125 48.7578125 48.7578125
49.72265625 49.72265625 49.72265625 49.72265625 49.72265625 49.72265625 49.72265625 49.72265625 49.72265625
46.6513671875 46.6513671875 46.6513671875 46.6513671875 46.6513671875 46.6513671875 46.6513671875 46.6513671875
39.8583984375 39.8583984375 39.8583984375 39.8583984375 39.8583984375 39.8583984375 39.8583984375 39.8583984375 39.8583984375
40.91796875 40.91796875 40.91796875 40.91796875 40.91796875 40.91796875 40.91796875 40.91796875 40.91796875
41.9091796875 41.9091796875 41.9091796875 41.9091796875 41.9091796875 41.9091796875 41.9091796875 41.9091796875
42.9140625 42.9140625 42.9140625 42.9140625 42.9140625 42.9140625 42.9140625 42.9140625 42.9140625
43.8994140625 43.8994140625 43.8994140625 43.8994140625 43.8994140625 43.8994140625 43.8994140625 43.8994140625 43.8994140625
44.9453125 44.9453125 44.9453125 44.9453125 44.9453125 44.9453125 44.9453125 44.9453125
45.751953125 45.751953125 45.751953125 45.751953125 45.751953125 45.751953125 45.751953125 45.751953125 45.751953125
46.7705078125 46.7705078125 46.7705078125 46.7705078125 46.7705078125 46.7705078125 46.7705078125 46.7705078125 46.7705078125
47.81640625 47.81640625 47.81640625 47.81640625 47.81640625 47.81640625 47.81640625 47.81640625
48.7734375 48.7734375 48.7734375 48.7734375 48.7734375 48.7734375 48.7734375 48.7734375 48.7734375
46.0693359375 46.0693359375 46.0693359375 46.0693359375 46.0693359375 46.0693359375 46.0693359375 46.0693359375 46.0693359375
39.8681640625 39.8681640625 39.8681640625 39.8681640625 39.8681640625 39.8681640625 39.8681640625 39.8681640625
40.873046875 40.873046875 40.873046875 40.873046875 40.873046875 40.873046875 40.873046875 40.873046875 40.873046875
41.8916015625 41.8916015625 41.8916015625 41.8916015625 41.8916015625 41.8916015625 41.8916015625 41.8916015625 41.8916015625
42.9375 42.9375 42.9375 42.9375 42.9375 42.9375 42.9375 42.9375
43.6943359375 43.6943359375 43.6943359375 43.6943359375 43.6943359375 43.6943359375 43.6943359375 43.6943359375 43.6943359375
44.740234375 44.740234375 44.740234375 44.740234375 44.740234375 44.740234375 44.740234375 44.740234375 44.740234375
45.7587890625 45.7587890625 45.7587890625 45.7587890625 45.7587890625 45.7587890625 45.7587890625 45.7587890625
46.763671875 46.763671875 46.763671875 46.763671875 46.763671875 46.763671875 46.763671875 46.763671875 46.763671875
47.7822265625 47.7822265625 47.7822265625 47.7822265625 47.7822265625 47.7822265625 47.7822265625 47.7822265625 47.7822265625
48.828125 48.828125 48.828125 48.828125 48.828125 48.828125 48.828125 48.828125
45.630859375 45.630859375 45.630859375 45.630859375 45.630859375 45.630859375 45.630859375 45.630859375 45.630859375
39.6904296875 39.6904296875 39.6904296875 39.6904296875 39.6904296875 39.6904296875 39.6904296875 39.6904296875 39.6904296875
40.7451171875 40.7451171875 40.7451171875 40.7451171875 40.7451171875 40.7451171875 40.7451171875 40.7451171875
41.75 41.75 41.75 41.75 41.75 41.75 41.75 41.75 41.75
42.4853515625 42.4853515625 42.4853515625 42.4853515625 42.4853515625 42.4853515625 42.4853515625 42.4853515625 42.4853515625
43.53125 43.53125 43.53125 43.53125 43.53125 43.53125 43.53125 43.53125
44.3046875 44.3046875 44.3046875 44.3046875 44.3046875 44.3046875 44.3046875 44.3046875 44.3046875
45.2900390625 45.2900390625 45.2900390625 45.2900390625 45.2900390625 45.2900390625 45.2900390625 45.2900390625 45.2900390625
46.3359375 46.3359375 46.3359375 46.3359375 46.3359375 46.3359375 46.3359375 46.3359375
47.142578125 47.142578125 47.142578125 47.142578125 47.142578125 47.142578125 47.142578125 47.142578125 47.142578125
48.1611328125 48.1611328125 48.1611328125 48.1611328125 48.1611328125 48.1611328125 48.1611328125 48.1611328125 48.1611328125
49.20703125 49.20703125 49.20703125 49.20703125 49.20703125 49.20703125 49.20703125 49.20703125
46.6689453125 46.6689453125 46.6689453125 46.6689453125 46.6689453125 46.6689453125 46.6689453125 46.6689453125 46.6689453125
40.40234375 40.40234375 40.40234375 40.40234375 40.40234375 40.40234375 40.40234375 40.40234375 40.40234375
41.3935546875 41.3935546875 41.3935546875 41.3935546875 41.3935546875 41.3935546875 41.3935546875 41.3935546875
42.3984375 42.3984375 42.3984375 42.3984375 42.3984375 42.3984375 42.3984375 42.3984375 42.3984375
43.36328125 43.36328125 43.36328125 43.36328125 43.36328125 43.36328125 43.36328125 43.36328125 43.36328125
44.3544921875 44.3544921875 44.3544921875 44.3544921875 44.3544921875 44.3544921875 44.3544921875 44.3544921875
45.359375 45.359375 45.359375 45.359375 45.359375 45.359375 45.359375 45.359375 45.359375
46.1689453125 46.1689453125 46.1689453125 46.1689453125 46.1689453125 46.1689453125 46.1689453125 46.1689453125 46.1689453125
47.21484375 47.21484375 47.21484375 47.21484375 47.21484375 47.21484375 47.21484375 47.21484375
48.171875 48.171875 48.171875 48.171875 48.171875 48.171875 48.171875 48.171875 48.171875
48.9814453125 48.9814453125 48.9814453125 48.9814453125 48.9814453125 48.9814453125 48.9814453125 48.9814453125 48.9814453125
46.59375 46.59375 46.59375 46.59375 46.59375 46.59375 46.59375 46.59375
39.115234375 39.115234375 39.115234375 39.115234375 39.115234375 39.115234375 39.115234375 39.115234375 39.115234375
39.6328125 40.205078125 40.205078125 40.205078125 40.205078125 40.205078125 40.205078125 40.205078125 40.205078125 40.205078125
41.29296875 41.29296875 41.29296875 41.29296875 41.29296875 41.29296875 41.29296875 41.29296875
42.2705078125 42.2705078125 42.2705078125 42.2705078125 42.2705078125 42.2705078125 42.2705078125 42.2705078125 42.2705078125
42.7978515625 43.31640625 43.31640625 43.31640625 43.31640625 43.31640625 43.31640625 43.31640625 43.31640625 43.31640625
44.3779296875 44.3779296875 44.3779296875 44.3779296875 44.3779296875 44.3779296875 44.3779296875 44.3779296875
45.3828125 45.3828125 45.3828125 45.3828125 45.3828125 45.3828125 45.3828125 45.3828125 45.3828125 45.3828125
46.37890625 46.37890625 46.37890625 46.37890625 46.37890625 46.37890625 46.37890625 46.37890625 46.37890625
47.3701171875 47.3701171875 47.3701171875 47.3701171875 47.3701171875 47.3701171875 47.3701171875 47.3701171875
47.8837890625 48.375 48.375 48.375 48.375 48.375 48.375 48.375 48.375 48.375
45.1416015625 45.1416015625 45.1416015625 45.1416015625 45.1416015625 45.1416015625 45.1416015625 45.1416015625 45.1416015625 45.1416015625
39.89453125 39.89453125 39.89453125 39.89453125 39.89453125 39.89453125 39.89453125 39.89453125
40.8720703125 40.8720703125 40.8720703125 40.8720703125 40.8720703125 40.8720703125 40.8720703125 40.8720703125 40.8720703125 40.8720703125
42.0986328125 42.0986328125 42.0986328125 42.0986328125 42.0986328125 42.0986328125 42.0986328125 42.0986328125 42.0986328125
42.6259765625 43.14453125 43.14453125 43.14453125 43.14453125 43.14453125 43.14453125 43.14453125 43.14453125
44.1708984375 44.1708984375 44.1708984375 44.1708984375 44.1708984375 44.1708984375 44.1708984375 44.1708984375 44.1708984375 44.1708984375
45.3974609375 45.3974609375 45.3974609375 45.3974609375 45.3974609375 45.3974609375 45.3974609375 45.3974609375 45.3974609375 45.3974609375
46.6240234375 46.6240234375 46.6240234375 46.6240234375 46.6240234375 46.6240234375 46.6240234375 46.6240234375
47.62890625 47.62890625 47.62890625 47.62890625 47.62890625 47.62890625 47.62890625 47.62890625 47.62890625 47.62890625
48.2880859375 48.2880859375 48.2880859375 48.2880859375 48.2880859375 48.2880859375 48.2880859375 48.2880859375 48.2880859375 48.2880859375
45.6591796875 45.6591796875 45.6591796875 45.6591796875 45.6591796875 45.6591796875 45.6591796875 45.6591796875
41.2939453125 41.2939453125 41.2939453125 41.2939453125 41.2939453125 41.2939453125 41.2939453125 41.2939453125 41.2939453125 41.2939453125
42.5478515625 42.5478515625 42.5478515625 42.5478515625 42.5478515625 42.5478515625 42.5478515625 42.5478515625 42.5478515625 42.5478515625
43.7744140625 43.7744140625 43.7744140625 43.7744140625 43.7744140625 43.7744140625 43.7744140625 43.7744140625
44.779296875 44.779296875 44.779296875 44.779296875 44.779296875 44.779296875 44.779296875 44.779296875 44.779296875 44.779296875
45.966796875 45.966796875 45.966796875 45.966796875 45.966796875 45.966796875 45.966796875 45.966796875 45.966796875 45.966796875
47.154296875 47.154296875 47.154296875 47.154296875 47.154296875 47.154296875 47.154296875 47.154296875
48.15625 48.15625 48.15625 48.15625 48.15625 48.15625 48.15625 48.15625 48.15625 48.15625
48.96484375 48.96484375 48.96484375 48.96484375 48.96484375 48.96484375 48.96484375 48.96484375 48.96484375 48.96484375
45.5791015625 45.5791015625 45.5791015625 45.5791015625 45.5791015625 45.5791015625 45.5791015625 45.5791015625
39.4384765625 39.4384765625 39.4384765625 39.4384765625 39.4384765625 39.4384765625 39.4384765625 39.4384765625 39.4384765625 39.4384765625
40.6923828125 40.6923828125 40.6923828125 40.6923828125 40.6923828125 40.6923828125 40.6923828125 40.6923828125 40.6923828125 40.6923828125
41.9189453125 41.9189453125 41.9189453125 41.9189453125 41.9189453125 41.9189453125 41.9189453125 41.9189453125
42.923828125 42.923828125 42.923828125 42.923828125 42.923828125 42.923828125 42.923828125 42.923828125 42.923828125 42.923828125
44.111328125 44.111328125 44.111328125 44.111328125 44.111328125 44.111328125 44.111328125 44.111328125 44.111328125 44.111328125
45.298828125 45.298828125 45.298828125 45.298828125 45.298828125 45.298828125 45.298828125 45.298828125
46.30078125 46.30078125 46.30078125 46.30078125 46.30078125 46.30078125 46.30078125 46.30078125 46.30078125 46.30078125
47.3271484375 47.3271484375 47.3271484375 47.3271484375 47.3271484375 47.3271484375 47.3271484375 47.3271484375 47.3271484375 47.3271484375
48.5537109375 48.5537109375 48.5537109375 48.5537109375 48.5537109375 48.5537109375 48.5537109375 48.5537109375
46.1611328125 46.1611328125 46.1611328125 46.1611328125 46.1611328125 46.1611328125 46.1611328125 46.1611328125 46.1611328125 46.1611328125
40.275390625 40.275390625 40.275390625 40.275390625 40.275390625 40.275390625 40.275390625 40.275390625 40.275390625 40.275390625
41.462890625 41.462890625 41.462890625 41.462890625 41.462890625 41.462890625 41.462890625 41.462890625
42.46484375 42.46484375 42.46484375 42.46484375 42.46484375 42.46484375 42.46484375 42.46484375 42.46484375 42.46484375
43.4912109375 43.4912109375 43.4912109375 43.4912109375 43.4912109375 43.4912109375 43.4912109375 43.4912109375 43.4912109375 43.4912109375
44.7177734375 44.7177734375 44.7177734375 44.7177734375 44.7177734375 44.7177734375 44.7177734375 44.7177734375
45.72265625 45.72265625 45.72265625 45.72265625 45.72265625 45.72265625 45.72265625 45.72265625 45.72265625 45.72265625
46.7490234375 46.7490234375 46.7490234375 46.7490234375 46.7490234375 46.7490234375 46.7490234375 46.7490234375 46.7490234375 46.7490234375
47.9755859375 47.9755859375 47.9755859375 47.9755859375 47.9755859375 47.9755859375 47.9755859375 47.9755859375
48.98046875 48.98046875 48.98046875 48.98046875 48.98046875 48.98046875 48.98046875 48.98046875 48.98046875 48.98046875
38.8583984375 38.8583984375 38.8583984375 38.8583984375 38.8583984375 38.8583984375 38.8583984375 38.8583984375 38.8583984375 38.8583984375
40.171875 40.171875 40.171875 40.171875 40.171875 40.171875 40.171875 40.171875
40.9619140625 40.9619140625 40.9619140625 40.9619140625 40.9619140625 40.9619140625 40.9619140625 40.9619140625 40.9619140625 40.9619140625
42.1884765625 42.1884765625 42.1884765625 42.1884765625 42.1884765625 42.1884765625 42.1884765625 42.1884765625 42.1884765625 42.1884765625
43.4150390625 43.4150390625 43.4150390625 43.4150390625 43.4150390625 43.4150390625 43.4150390625 43.4150390625
44.419921875 44.419921875 44.419921875 44.419921875 44.419921875 44.419921875 44.419921875 44.419921875 44.419921875 44.419921875
45.607421875 45.607421875 45.607421875 45.607421875 45.607421875 45.607421875 45.607421875 45.607421875 45.607421875 45.607421875
46.794921875 46.794921875 46.794921875 46.794921875 46.794921875 46.794921875 46.794921875 46.794921875
47.796875 47.796875 47.796875 47.796875 47.796875 47.796875 47.796875 47.796875 47.796875 47.796875
48.763671875 48.763671875 48.763671875 48.763671875 48.763671875 48.763671875 48.763671875 48.763671875 48.763671875 48.763671875
39.0849609375 39.0849609375 39.0849609375 39.0849609375 39.0849609375 39.0849609375 39.0849609375 39.0849609375
40.1494140625 40.1494140625 40.1494140625 40.1494140625 40.1494140625 40.1494140625 40.1494140625 40.1494140625 40.1494140625 40.1494140625
41.4033203125 41.4033203125 41.4033203125 41.4033203125 41.4033203125 41.4033203125 41.4033203125 41.4033203125 41.4033203125 41.4033203125
42.6298828125 42.6298828125 42.6298828125 42.6298828125 42.6298828125 42.6298828125 42.6298828125 42.6298828125
43.634765625 43.634765625 43.634765625 43.634765625 43.634765625 43.634765625 43.634765625 43.634765625 43.634765625 43.634765625
44.822265625 44.822265625 44.822265625 44.822265625 44.822265625 44.822265625 44.822265625 44.822265625 44.822265625 44.822265625
46.009765625 46.009765625 46.009765625 46.009765625 46.009765625 46.009765625 46.009765625 46.009765625
47.01171875 47.01171875 47.01171875 47.01171875 47.01171875 47.01171875 47.01171875 47.01171875 47.01171875 47.01171875
48.0380859375 48.0380859375 48.0380859375 48.0380859375 48.0380859375 48.0380859375 48.0380859375 48.0380859375 48.0380859375 48.0380859375
44.4296875 44.4296875 44.4296875 44.4296875 44.4296875 44.4296875 44.4296875 44.4296875
45.255859375 45.255859375 45.255859375 45.255859375 45.255859375 45.255859375 45.255859375 45.255859375 45.255859375 45.255859375
40.193359375 40.193359375 40.193359375 40.193359375 40.193359375 40.193359375 40.193359375 40.193359375 40.193359375 40.193359375
41.380859375 41.380859375 41.380859375 41.380859375 41.380859375 41.380859375 41.380859375 41.380859375
42.3828125 42.3828125 42.3828125 42.3828125 42.3828125 42.3828125 42.3828125 42.3828125 42.3828125 42.3828125
43.37890625 43.37890625 43.37890625 43.37890625 43.37890625 43.37890625 43.37890625 43.37890625 43.37890625 43.37890625
44.4052734375 44.4052734375 44.4052734375 44.4052734375 44.4052734375 44.4052734375 44.4052734375 44.4052734375
45.41015625 45.41015625 45.41015625 45.41015625 45.41015625 45.41015625 45.41015625 45.41015625 45.41015625 45.41015625
46.4365234375 46.4365234375 46.4365234375 46.4365234375 46.4365234375 46.4365234375 46.4365234375 46.4365234375 46.4365234375 46.4365234375
47.6728515625 47.6728515625 47.6728515625 47.6728515625 47.6728515625 47.6728515625 47.6728515625 47.6728515625
48.677734375 48.677734375 48.677734375 48.677734375 48.677734375 48.677734375 48.677734375 48.677734375 48.677734375 48.677734375
45.5419921875 45.5419921875 45.5419921875 45.5419921875 45.5419921875 45.5419921875 45.5419921875 45.5419921875 45.5419921875 45.5419921875
40.298828125 40.298828125 40.298828125 40.298828125 40.298828125 40.298828125 40.298828125 40.298828125
41.30078125 41.30078125 41.30078125 41.30078125 41.30078125 41.30078125 41.30078125 41.30078125 41.30078125 41.30078125
42.3271484375 42.3271484375 42.3271484375 42.3271484375 42.3271484375 42.3271484375 42.3271484375 42.3271484375 42.3271484375 42.3271484375
43.5537109375 43.5537109375 43.5537109375 43.5537109375 43.5537109375 43.5537109375 43.5537109375 43.5537109375
44.55859375 44.55859375 44.55859375 44.55859375 44.55859375 44.55859375 44.55859375 44.55859375 44.55859375 44.55859375
45.5849609375 45.5849609375 45.5849609375 45.5849609375 45.5849609375 45.5849609375 45.5849609375 45.5849609375 45.5849609375 45.5849609375
46.8115234375 46.8115234375 46.8115234375 46.8115234375 46.8115234375 46.8115234375 46.8115234375 46.8115234375
47.81640625 47.81640625 47.81640625 47.81640625 47.81640625 47.81640625 47.81640625 47.81640625 47.81640625 47.81640625
48.8427734375 48.8427734375 48.8427734375 48.8427734375 48.8427734375 48.8427734375 48.8427734375 48.8427734375 48.8427734375 48.8427734375
39.09375 39.09375 39.09375 39.09375 39.09375 39.09375 39.09375 39.09375
39.8671875 39.8671875 39.8671875 39.8671875 39.8671875 39.8671875 39.8671875 39.8671875 39.8671875 39.8671875
40.9208984375 40.9208984375 40.9208984375 40.9208984375 40.9208984375 40.9208984375 40.9208984375 40.9208984375 40.9208984375 40.9208984375
42.1767578125 42.1767578125 42.1767578125 42.1767578125 42.1767578125 42.1767578125 42.1767578125 42.1767578125
43.181640625 43.181640625 43.181640625 43.181640625 43.181640625 43.181640625 43.181640625 43.181640625 43.181640625 43.181640625
44.369140625 44.369140625 44.369140625 44.369140625 44.369140625 44.369140625 44.369140625 44.369140625 44.369140625 44.369140625
45.556640625 45.556640625 45.556640625 45.556640625 45.556640625 45.556640625 45.556640625 45.556640625
46.55859375 46.55859375 46.55859375 46.55859375 46.55859375 46.55859375 46.55859375 46.55859375 46.55859375 46.55859375
47.5849609375 47.5849609375 47.5849609375 47.5849609375 47.5849609375 47.5849609375 47.5849609375 47.5849609375 47.5849609375 47.5849609375
48.8115234375 48.8115234375 48.8115234375 48.8115234375 48.8115234375 48.8115234375 48.8115234375 48.8115234375
45.3759765625 45.3759765625 45.3759765625 45.3759765625 45.3759765625 45.3759765625 45.3759765625 45.3759765625 45.3759765625 45.3759765625
40.275390625 40.275390625 40.275390625 40.275390625 40.275390625 40.275390625 40.275390625 40.275390625 40.275390625 40.275390625
41.462890625 41.462890625 41.462890625 41.462890625 41.462890625 41.462890625 41.462890625 41.462890625
42.46484375 42.46484375 42.46484375 42.46484375 42.46484375 42.46484375 42.46484375 42.46484375 42.46484375 42.46484375
43.4912109375 43.4912109375 43.4912109375 43.4912109375 43.4912109375 43.4912109375 43.4912109375 43.4912109375 43.4912109375 43.4912109375
44.7177734375 44.7177734375 44.7177734375 44.7177734375 44.7177734375 44.7177734375 44.7177734375 44.7177734375
45.72265625 45.72265625 45.72265625 45.72265625 45.72265625 45.72265625 45.72265625 45.72265625 45.72265625 45.72265625
46.7490234375 46.7490234375 46.7490234375 46.7490234375 46.7490234375 46.7490234375 46.7490234375 46.7490234375 46.7490234375 46.7490234375
47.9755859375 47.9755859375 47.9755859375 47.9755859375 47.9755859375 47.9755859375 47.9755859375 47.9755859375
48.98046875 48.98046875 48.98046875 48.98046875 48.98046875 48.98046875 48.98046875 48.98046875 48.98046875 48.98046875
38.8583984375 38.8583984375 38.8583984375 38.8583984375 38.8583984375 38.8583984375 38.8583984375 38.8583984375 38.8583984375 38.8583984375
40.171875 40.171875 40.171875 40.171875 40.171875 40.171875 40.171875 40.171875
40.9619140625 40.9619140625 40.9619140625 40.9619140625 40.9619140625 40.9619140625 40.9619140625 40.9619140625 40.9619140625 40.9619140625
42.1884765625 42.1884765625 42.1884765625 42.1884765625 42.1884765625 42.1884765625 42.1884765625 42.1884765625 42.1884765625 42.1884765625
43.4150390625 43.4150390625 43.4150390625 43.4150390625 43.4150390625 43.4150390625 43.4150390625 43.4150390625
44.419921875 44.419921875 44.419921875 44.419921875 44.419921875 44.419921875 44.419921875 44.419921875 44.419921875 44.419921875
45.607421875 45.607421875 45.607421875 45.607421875 45.607421875 45.607421875 45.607421875 45.607421875 45.607421875 45.607421875
46.794921875 46.794921875 46.794921875 46.794921875 46.794921875 46.794921875 46.794921875 46.794921875
47.796875 47.796875 47.796875 47.796875 47.796875 47.796875 47.796875 47.796875 47.796875 47.796875
48.763671875 48.763671875 48.763671875 48.763671875 48.763671875 48.763671875 48.763671875 48.763671875 48.763671875 48.763671875
39.0849609375 39.0849609375 39.0849609375 39.0849609375 39.0849609375 39.0849609375 39.0849609375 39.0849609375
40.1494140625 40.1494140625 40.1494140625 40.1494140625 40.1494140625 40.1494140625 40.1494140625 40.1494140625 40.1494140625 40.1494140625
41.4033203125 41.4033203125 41.4033203125 41.4033203125 41.4033203125 41.4033203125 41.4033203125 41.4033203125 41.4033203125 41.4033203125
42.6298828125 42.6298828125 42.6298828125 42.6298828125 42.6298828125 42.6298828125 42.6298828125 42.6298828125
43.634765625 43.634765625 43.634765625 43.634765625 43.634765625 43.634765625 43.634765625 43.634765625 43.634765625 43.634765625
44.822265625 44.822265625 44.822265625 44.822265625 44.822265625 44.822265625 44.822265625 44.822265625 44.822265625 44.822265625
46.009765625 46.009765625 46.009765625 46.009765625 46.009765625 46.009765625 46.009765625 46.009765625
47.01171875 47.01171875 47.01171875 47.01171875 47.01171875 47.01171875 47.01171875 47.01171875 47.01171875 47.01171875
48.0380859375 48.0380859375 48.0380859375 48.0380859375 48.0380859375 48.0380859375 48.0380859375 48.0380859375 48.0380859375 48.0380859375
44.4296875 44.4296875 44.4296875 44.4296875 44.4296875 44.4296875 44.4296875 44.4296875
45.255859375 45.255859375 45.255859375 45.255859375 45.255859375 45.255859375 45.255859375 45.255859375 45.255859375 45.255859375
40.193359375 40.193359375 40.193359375 40.193359375 40.193359375 40.193359375 40.193359375 40.193359375 40.193359375 40.193359375
41.380859375 41.380859375 41.380859375 41.380859375 41.380859375 41.380859375 41.380859375 41.380859375
42.3828125 42.3828125 42.3828125 42.3828125 42.3828125 42.3828125 42.3828125 42.3828125 42.3828125 42.3828125
43.37890625 43.37890625 43.37890625 43.37890625 43.37890625 43.37890625 43.37890625 43.37890625 43.37890625 43.37890625
44.4052734375 44.4052734375 44.4052734375 44.4052734375 44.4052734375 44.4052734375 44.4052734375 44.4052734375
45.41015625 45.41015625 45.41015625 45.41015625 45.41015625 45.41015625 45.41015625 45.41015625 45.41015625 45.41015625
46.4365234375 46.4365234375 46.4365234375 46.4365234375 46.4365234375 46.4365234375 46.4365234375 46.4365234375 46.4365234375 46.4365234375
47.6728515625 47.6728515625 47.6728515625 47.6728515625 47.6728515625 47.6728515625 47.6728515625 47.6728515625
