35.3017578125 35.4267578125 35.4267578125 35.4501953125 35.4501953125 35.4501953125 35.4814453125 35.4814453125 35.4814453125
36.908203125 36.908203125 36.908203125 36.908203125 36.908203125 36.908203125 36.908203125 36.908203125
37.91015625 37.91015625 37.91015625 37.91015625 37.91015625 37.91015625 37.91015625 37.91015625
38.8671875 38.8671875 38.8671875 38.8671875 38.8671875 38.8671875 38.8671875 38.8671875
39.3544921875 39.673828125 39.673828125 39.673828125 39.673828125 39.673828125 39.673828125 39.673828125 39.673828125
40.724609375 40.724609375 40.724609375 40.724609375 40.724609375 40.724609375 40.724609375 40.724609375
41.2294921875 41.7060546875 41.7060546875 41.7060546875 41.7060546875 41.7060546875 41.7060546875 41.7060546875 41.7060546875
42.2626953125 42.78125 42.78125 42.78125 42.78125 42.78125 42.78125 42.78125 42.78125
43.611328125 43.611328125 43.611328125 43.611328125 43.611328125 43.611328125 43.611328125 43.611328125 43.611328125
44.6298828125 44.6298828125 44.6298828125 44.6298828125 44.6298828125 44.6298828125 44.6298828125 44.6298828125 44.6298828125
45.67578125 45.67578125 45.67578125 45.67578125 45.67578125 45.67578125 45.67578125 45.67578125
46.6328125 46.6328125 46.6328125 46.6328125 46.6328125 46.6328125 46.6328125 46.6328125 46.6328125
46.6591796875 46.6591796875 46.6591796875 46.6591796875 46.6591796875 46.6591796875 46.6591796875 46.6591796875 46.6591796875
45.73046875 45.73046875 45.73046875 45.73046875 45.73046875 45.73046875 45.73046875 45.73046875
44.5947265625 44.5947265625 44.5947265625 44.5947265625 44.5947265625 44.5947265625 44.5947265625 44.5947265625 44.5947265625
38.3544921875 38.3544921875 38.3544921875 38.3544921875 38.3544921875 38.3544921875 38.3544921875 38.3544921875 38.3544921875
39.400390625 39.400390625 39.400390625 39.400390625 39.400390625 39.400390625 39.400390625 39.400390625
40.3818359375 40.3818359375 40.3818359375 40.3818359375 40.3818359375 40.3818359375 40.3818359375 40.3818359375 40.3818359375
41.427734375 41.427734375 41.427734375 41.427734375 41.427734375 41.427734375 41.427734375 41.427734375 41.427734375
42.4462890625 42.4462890625 42.4462890625 42.4462890625 42.4462890625 42.4462890625 42.4462890625 42.4462890625
43.451171875 43.451171875 43.451171875 43.451171875 43.451171875 43.451171875 43.451171875 43.451171875 43.451171875
44.4697265625 44.4697265625 44.4697265625 44.4697265625 44.4697265625 44.4697265625 44.4697265625 44.4697265625 44.4697265625
45.515625 45.515625 45.515625 45.515625 45.515625 45.515625 45.515625 45.515625
46.3056640625 46.3056640625 46.3056640625 46.3056640625 46.3056640625 46.3056640625 46.3056640625 46.3056640625 46.3056640625
47.3515625 47.3515625 47.3515625 47.3515625 47.3515625 47.3515625 47.3515625 47.3515625 47.3515625
48.31640625 48.31640625 48.31640625 48.31640625 48.31640625 48.31640625 48.31640625 48.31640625
49.244140625 49.244140625 49.244140625 49.244140625 49.244140625 49.244140625 49.244140625 49.244140625 49.244140625
47.8017578125 47.8017578125 47.8017578125 47.8017578125 47.8017578125 47.8017578125 47.8017578125 47.8017578125 47.8017578125
45.568359375 45.568359375 45.568359375 45.568359375 45.568359375 45.568359375 45.568359375 45.568359375
46.5498046875 46.5498046875 46.5498046875 46.5498046875 46.5498046875 46.5498046875 46.5498046875 46.5498046875 46.5498046875
39.6962890625 39.6962890625 39.6962890625 39.6962890625 39.6962890625 39.6962890625 39.6962890625 39.6962890625 39.6962890625
40.7421875 40.7421875 40.7421875 40.7421875 40.7421875 40.7421875 40.7421875 40.7421875
41.548828125 41.548828125 41.548828125 41.548828125 41.548828125 41.548828125 41.548828125 41.548828125 41.548828125
42.5673828125 42.5673828125 42.5673828125 42.5673828125 42.5673828125 42.5673828125 42.5673828125 42.5673828125 42.5673828125
43.61328125 43.61328125 43.61328125 43.61328125 43.61328125 43.61328125 43.61328125 43.61328125
44.5703125 44.5703125 44.5703125 44.5703125 44.5703125 44.5703125 44.5703125 44.5703125 44.5703125
45.53515625 45.53515625 45.53515625 45.53515625 45.53515625 45.53515625 45.53515625 45.53515625 45.53515625
46.5263671875 46.5263671875 46.5263671875 46.5263671875 46.5263671875 46.5263671875 46.5263671875 46.5263671875
47.53125 47.53125 47.53125 47.53125 47.53125 47.53125 47.53125 47.53125 47.53125
48.322265625 48.322265625 48.322265625 48.322265625 48.322265625 48.322265625 48.322265625 48.322265625 48.322265625
49.3408203125 49.3408203125 49.3408203125 49.3408203125 49.3408203125 49.3408203125 49.3408203125 49.3408203125
49.87109375 49.87109375 49.87109375 49.87109375 49.87109375 49.87109375 49.87109375 49.87109375 49.87109375
48.0517578125 48.0517578125 48.0517578125 48.0517578125 48.0517578125 48.0517578125 48.0517578125 48.0517578125 48.0517578125
47.4267578125 47.4267578125 47.4267578125 47.4267578125 47.4267578125 47.4267578125 47.4267578125 47.4267578125
38.8427734375 38.8427734375 38.8427734375 38.8427734375 38.8427734375 38.8427734375 38.8427734375 38.8427734375 38.8427734375
39.80859375 39.80859375 39.80859375 39.80859375 39.80859375 39.80859375 39.80859375 39.80859375 39.80859375
40.8623046875 40.8623046875 40.8623046875 40.8623046875 40.8623046875 40.8623046875 40.8623046875 40.8623046875
41.87109375 41.87109375 41.87109375 41.87109375 41.87109375 41.87109375 41.87109375 41.87109375 41.87109375
42.8623046875 42.8623046875 42.8623046875 42.8623046875 42.8623046875 42.8623046875 42.8623046875 42.8623046875 42.8623046875
43.921875 43.921875 43.921875 43.921875 43.921875 43.921875 43.921875 43.921875
44.7119140625 44.7119140625 44.7119140625 44.7119140625 44.7119140625 44.7119140625 44.7119140625 44.7119140625 44.7119140625
45.7578125 45.7578125 45.7578125 45.7578125 45.7578125 45.7578125 45.7578125 45.7578125 45.7578125
46.7431640625 46.7431640625 46.7431640625 46.7431640625 46.7431640625 46.7431640625 46.7431640625 46.7431640625
47.748046875 47.748046875 47.748046875 47.748046875 47.748046875 47.748046875 47.748046875 47.748046875 47.748046875
48.7666015625 48.7666015625 48.7666015625 48.7666015625 48.7666015625 48.7666015625 48.7666015625 48.7666015625 48.7666015625
49.8125 49.8125 49.8125 49.8125 49.8125 49.8125 49.8125 49.8125
49.478515625 49.478515625 49.478515625 49.478515625 49.478515625 49.478515625 49.478515625 49.478515625 49.478515625
48.1162109375 48.1162109375 48.1162109375 48.1162109375 48.1162109375 48.1162109375 48.1162109375 48.1162109375 48.1162109375
46.080078125 46.080078125 46.080078125 46.080078125 46.080078125 46.080078125 46.080078125 46.080078125
38.30078125 38.30078125 38.30078125 38.30078125 38.30078125 38.30078125 38.30078125 38.30078125 38.30078125
39.2744140625 39.2744140625 39.2744140625 39.2744140625 39.2744140625 39.2744140625 39.2744140625 39.2744140625 39.2744140625
40.337890625 40.337890625 40.337890625 40.337890625 40.337890625 40.337890625 40.337890625 40.337890625
41.3193359375 41.3193359375 41.3193359375 41.3193359375 41.3193359375 41.3193359375 41.3193359375 41.3193359375 41.3193359375
42.365234375 42.365234375 42.365234375 42.365234375 42.365234375 42.365234375 42.365234375 42.365234375 42.365234375
43.3837890625 43.3837890625 43.3837890625 43.3837890625 43.3837890625 43.3837890625 43.3837890625 43.3837890625
44.388671875 44.388671875 44.388671875 44.388671875 44.388671875 44.388671875 44.388671875 44.388671875 44.388671875
45.4072265625 45.4072265625 45.4072265625 45.4072265625 45.4072265625 45.4072265625 45.4072265625 45.4072265625 45.4072265625
46.453125 46.453125 46.453125 46.453125 46.453125 46.453125 46.453125 46.453125
47.2431640625 47.2431640625 47.2431640625 47.2431640625 47.2431640625 47.2431640625 47.2431640625 47.2431640625 47.2431640625
48.2890625 48.2890625 48.2890625 48.2890625 48.2890625 48.2890625 48.2890625 48.2890625 48.2890625
49.25390625 49.25390625 49.25390625 49.25390625 49.25390625 49.25390625 49.25390625 49.25390625
49.3505859375 49.3505859375 49.3505859375 49.3505859375 49.3505859375 49.3505859375 49.3505859375 49.3505859375 49.3505859375
48.59765625 48.59765625 48.59765625 48.59765625 48.59765625 48.59765625 48.59765625 48.59765625 48.59765625
46.5458984375 46.5458984375 46.5458984375 46.5458984375 46.5458984375 46.5458984375 46.5458984375 46.5458984375
38.232421875 38.232421875 38.232421875 38.232421875 38.232421875 38.232421875 38.232421875 38.232421875 38.232421875
39.2421875 39.2421875 39.2421875 39.2421875 39.2421875 39.2421875 39.2421875 39.2421875 39.2421875
40.20703125 40.20703125 40.20703125 40.20703125 40.20703125 40.20703125 40.20703125 40.20703125
41.1640625 41.1640625 41.1640625 41.1640625 41.1640625 41.1640625 41.1640625 41.1640625 41.1640625
42.12890625 42.12890625 42.12890625 42.12890625 42.12890625 42.12890625 42.12890625 42.12890625 42.12890625
43.1201171875 43.1201171875 43.1201171875 43.1201171875 43.1201171875 43.1201171875 43.1201171875 43.1201171875
44.125 44.125 44.125 44.125 44.125 44.125 44.125 44.125 44.125
44.87890625 44.87890625 44.87890625 44.87890625 44.87890625 44.87890625 44.87890625 44.87890625 44.87890625
45.8701171875 45.8701171875 45.8701171875 45.8701171875 45.8701171875 45.8701171875 45.8701171875 45.8701171875
46.875 46.875 46.875 46.875 46.875 46.875 46.875 46.875 46.875
47.62890625 47.62890625 47.62890625 47.62890625 47.62890625 47.62890625 47.62890625 47.62890625 47.62890625
48.6201171875 48.6201171875 48.6201171875 48.6201171875 48.6201171875 48.6201171875 48.6201171875 48.6201171875
49.625 49.625 49.625 49.625 49.625 49.625 49.625 49.625 49.625
47.39453125 47.39453125 47.39453125 47.39453125 47.39453125 47.39453125 47.39453125 47.39453125 47.39453125
46.13671875 46.13671875 46.13671875 46.13671875 46.13671875 46.13671875 46.13671875 46.13671875
36.9736328125 36.9736328125 36.9736328125 36.9736328125 36.9736328125 36.9736328125 36.9736328125 36.9736328125 36.9736328125
38.0283203125 38.0283203125 38.0283203125 38.0283203125 38.0283203125 38.0283203125 38.0283203125 38.0283203125 38.0283203125
39.07421875 39.07421875 39.07421875 39.07421875 39.07421875 39.07421875 39.07421875 39.07421875
40.03125 40.03125 40.03125 40.03125 40.03125 40.03125 40.03125 40.03125 40.03125
40.822265625 40.822265625 40.822265625 40.822265625 40.822265625 40.822265625 40.822265625 40.822265625 40.822265625
41.8408203125 41.8408203125 41.8408203125 41.8408203125 41.8408203125 41.8408203125 41.8408203125 41.8408203125
42.845703125 42.845703125 42.845703125 42.845703125 42.845703125 42.845703125 42.845703125 42.845703125 42.845703125
43.8642578125 43.8642578125 43.8642578125 43.8642578125 43.8642578125 43.8642578125 43.8642578125 43.8642578125 43.8642578125
44.91015625 44.91015625 44.91015625 44.91015625 44.91015625 44.91015625 44.91015625 44.91015625
45.8671875 45.8671875 45.8671875 45.8671875 45.8671875 45.8671875 45.8671875 45.8671875 45.8671875
46.83203125 46.83203125 46.83203125 46.83203125 46.83203125 46.83203125 46.83203125 46.83203125 46.83203125
47.8232421875 47.8232421875 47.8232421875 47.8232421875 47.8232421875 47.8232421875 47.8232421875 47.8232421875
48.828125 48.828125 48.828125 48.828125 48.828125 48.828125 48.828125 48.828125 48.828125
48.8232421875 48.8232421875 48.8232421875 48.8232421875 48.8232421875 48.8232421875 48.8232421875 48.8232421875 48.8232421875
47.5146484375 47.5146484375 47.5146484375 47.5146484375 47.5146484375 47.5146484375 47.5146484375 47.5146484375
45.8359375 45.8359375 45.8359375 45.8359375 45.8359375 45.8359375 45.8359375 45.8359375 45.8359375
38.3076171875 38.3076171875 38.3076171875 38.3076171875 38.3076171875 38.3076171875 38.3076171875 38.3076171875 38.3076171875
39.2734375 39.2734375 39.2734375 39.2734375 39.2734375 39.2734375 39.2734375 39.2734375
40.080078125 40.080078125 40.080078125 40.080078125 40.080078125 40.080078125 40.080078125 40.080078125 40.080078125
41.169921875 41.169921875 41.169921875 41.169921875 41.169921875 41.169921875 41.169921875 41.169921875 41.169921875
42.1884765625 42.1884765625 42.1884765625 42.1884765625 42.1884765625 42.1884765625 42.1884765625 42.1884765625
43.193359375 43.193359375 43.193359375 43.193359375 43.193359375 43.193359375 43.193359375 43.193359375 43.193359375
44.2119140625 44.2119140625 44.2119140625 44.2119140625 44.2119140625 44.2119140625 44.2119140625 44.2119140625 44.2119140625
45.2666015625 45.2666015625 45.2666015625 45.2666015625 45.2666015625 45.2666015625 45.2666015625 45.2666015625
46.271484375 46.271484375 46.271484375 46.271484375 46.271484375 46.271484375 46.271484375 46.271484375 46.271484375
47.2900390625 47.2900390625 47.2900390625 47.2900390625 47.2900390625 47.2900390625 47.2900390625 47.2900390625 47.2900390625
48.3359375 48.3359375 48.3359375 48.3359375 48.3359375 48.3359375 48.3359375 48.3359375
49.142578125 49.142578125 49.142578125 49.142578125 49.142578125 49.142578125 49.142578125 49.142578125 49.142578125
49.67578125 49.67578125 49.67578125 49.67578125 49.67578125 49.67578125 49.67578125 49.67578125 49.67578125
48.322265625 48.322265625 48.322265625 48.322265625 48.322265625 48.322265625 48.322265625 48.322265625
46.0263671875 46.0263671875 46.0263671875 46.0263671875 46.0263671875 46.0263671875 46.0263671875 46.0263671875 46.0263671875
38.3681640625 38.3681640625 38.3681640625 38.3681640625 38.3681640625 38.3681640625 38.3681640625 38.3681640625 38.3681640625
39.4140625 39.4140625 39.4140625 39.4140625 39.4140625 39.4140625 39.4140625 39.4140625
40.220703125 40.220703125 40.220703125 40.220703125 40.220703125 40.220703125 40.220703125 40.220703125 40.220703125
41.2392578125 41.2392578125 41.2392578125 41.2392578125 41.2392578125 41.2392578125 41.2392578125 41.2392578125 41.2392578125
42.28515625 42.28515625 42.28515625 42.28515625 42.28515625 42.28515625 42.28515625 42.28515625
43.2421875 43.2421875 43.2421875 43.2421875 43.2421875 43.2421875 43.2421875 43.2421875 43.2421875
44.20703125 44.20703125 44.20703125 44.20703125 44.20703125 44.20703125 44.20703125 44.20703125 44.20703125
45.1982421875 45.1982421875 45.1982421875 45.1982421875 45.1982421875 45.1982421875 45.1982421875 45.1982421875
46.203125 46.203125 46.203125 46.203125 46.203125 46.203125 46.203125 46.203125 46.203125
47.0126953125 47.0126953125 47.0126953125 47.0126953125 47.0126953125 47.0126953125 47.0126953125 47.0126953125 47.0126953125
48.05859375 48.05859375 48.05859375 48.05859375 48.05859375 48.05859375 48.05859375 48.05859375
49.015625 49.015625 49.015625 49.015625 49.015625 49.015625 49.015625 49.015625 49.015625
48.8681640625 48.8681640625 48.8681640625 48.8681640625 48.8681640625 48.8681640625 48.8681640625 48.8681640625 48.8681640625
47.0390625 47.0390625 47.0390625 47.0390625 47.0390625 47.0390625 47.0390625 47.0390625
46.369140625 46.369140625 46.369140625 46.369140625 46.369140625 46.369140625 46.369140625 46.369140625 46.369140625
38.001953125 38.001953125 38.001953125 38.001953125 38.001953125 38.001953125 38.001953125 38.001953125 38.001953125
39.01171875 39.01171875 39.01171875 39.01171875 39.01171875 39.01171875 39.01171875 39.01171875
39.9892578125 39.9892578125 39.9892578125 39.9892578125 39.9892578125 39.9892578125 39.9892578125 39.9892578125 39.9892578125
41.0439453125 41.0439453125 41.0439453125 41.0439453125 41.0439453125 41.0439453125 41.0439453125 41.0439453125 41.0439453125
42.08984375 42.08984375 42.08984375 42.08984375 42.08984375 42.08984375 42.08984375 42.08984375
43.046875 43.046875 43.046875 43.046875 43.046875 43.046875 43.046875 43.046875 43.046875
43.8564453125 43.8564453125 43.8564453125 43.8564453125 43.8564453125 43.8564453125 43.8564453125 43.8564453125 43.8564453125
44.90234375 44.90234375 44.90234375 44.90234375 44.90234375 44.90234375 44.90234375 44.90234375
45.859375 45.859375 45.859375 45.859375 45.859375 45.859375 45.859375 45.859375 45.859375
46.6689453125 46.6689453125 46.6689453125 46.6689453125 46.6689453125 46.6689453125 46.6689453125 46.6689453125 46.6689453125
47.71484375 47.71484375 47.71484375 47.71484375 47.71484375 47.71484375 47.71484375 47.71484375
48.671875 48.671875 48.671875 48.671875 48.671875 48.671875 48.671875 48.671875 48.671875
48.6318359375 48.6318359375 48.6318359375 48.6318359375 48.6318359375 48.6318359375 48.6318359375 48.6318359375 48.6318359375
47.271484375 47.271484375 47.271484375 47.271484375 47.271484375 47.271484375 47.271484375 47.271484375
45.5419921875 45.5419921875 45.5419921875 45.5419921875 45.5419921875 45.5419921875 45.5419921875 45.5419921875 45.5419921875
38.224609375 38.224609375 38.224609375 38.224609375 38.224609375 38.224609375 38.224609375 38.224609375 38.224609375
39.234375 39.234375 39.234375 39.234375 39.234375 39.234375 39.234375 39.234375
40.0244140625 40.0244140625 40.0244140625 40.0244140625 40.0244140625 40.0244140625 40.0244140625 40.0244140625 40.0244140625
41.0791015625 41.0791015625 41.0791015625 41.0791015625 41.0791015625 41.0791015625 41.0791015625 41.0791015625 41.0791015625
42.125 42.125 42.125 42.125 42.125 42.125 42.125 42.125
42.865234375 42.865234375 42.865234375 42.865234375 42.865234375 42.865234375 42.865234375 42.865234375 42.865234375
43.8837890625 43.8837890625 43.8837890625 43.8837890625 43.8837890625 43.8837890625 43.8837890625 43.8837890625 43.8837890625
44.9296875 44.9296875 44.9296875 44.9296875 44.9296875 44.9296875 44.9296875 44.9296875
45.736328125 45.736328125 45.736328125 45.736328125 45.736328125 45.736328125 45.736328125 45.736328125 45.736328125
46.7548828125 46.7548828125 46.7548828125 46.7548828125 46.7548828125 46.7548828125 46.7548828125 46.7548828125 46.7548828125
47.80078125 47.80078125 47.80078125 47.80078125 47.80078125 47.80078125 47.80078125 47.80078125
48.7578125 48.7578125 48.7578125 48.7578125 48.7578125 48.7578125 48.7578125 48.7578125 48.7578125
48.99609375 48.99609375 48.99609375 48.99609375 48.99609375 48.99609375 48.99609375 48.99609375 48.99609375
47.953125 47.953125 47.953125 47.953125 47.953125 47.953125 47.953125 47.953125
45.7607421875 45.7607421875 45.7607421875 45.7607421875 45.7607421875 45.7607421875 45.7607421875 45.7607421875 45.7607421875
38.1328125 38.1328125 38.1328125 38.1328125 38.1328125 38.1328125 38.1328125 38.1328125 38.1328125
39.0712890625 39.0712890625 39.0712890625 39.0712890625 39.0712890625 39.0712890625 39.0712890625 39.0712890625
40.0888671875 40.0888671875 40.0888671875 40.0888671875 40.0888671875 40.0888671875 40.0888671875 40.0888671875 40.0888671875
41.1484375 41.1484375 41.1484375 41.1484375 41.1484375 41.1484375 41.1484375 41.1484375 41.1484375
42.11328125 42.11328125 42.11328125 42.11328125 42.11328125 42.11328125 42.11328125 42.11328125
43.0703125 43.0703125 43.0703125 43.0703125 43.0703125 43.0703125 43.0703125 43.0703125 43.0703125
44.03515625 44.03515625 44.03515625 44.03515625 44.03515625 44.03515625 44.03515625 44.03515625 44.03515625
45.0263671875 45.0263671875 45.0263671875 45.0263671875 45.0263671875 45.0263671875 45.0263671875 45.0263671875
46.03125 46.03125 46.03125 46.03125 46.03125 46.03125 46.03125 46.03125 46.03125
46.822265625 46.822265625 46.822265625 46.822265625 46.822265625 46.822265625 46.822265625 46.822265625 46.822265625
47.8408203125 47.8408203125 47.8408203125 47.8408203125 47.8408203125 47.8408203125 47.8408203125 47.8408203125
48.845703125 48.845703125 48.845703125 48.845703125 48.845703125 48.845703125 48.845703125 48.845703125 48.845703125
49.146484375 49.146484375 49.146484375 49.146484375 49.146484375 49.146484375 49.146484375 49.146484375 49.146484375
47.333984375 47.333984375 47.333984375 47.333984375 47.333984375 47.333984375 47.333984375 47.333984375
46.353515625 46.353515625 46.353515625 46.353515625 46.353515625 46.353515625 46.353515625 46.353515625 46.353515625
37.890625 38.3916015625 38.3916015625 38.3916015625 38.3916015625 38.3916015625 38.3916015625 38.3916015625 38.3916015625 38.3916015625
39.7001953125 39.7001953125 39.7001953125 39.7001953125 39.7001953125 39.7001953125 39.7001953125 39.7001953125
40.705078125 40.705078125 40.705078125 40.705078125 40.705078125 40.705078125 40.705078125 40.705078125 40.705078125
41.22265625 41.7236328125 41.7236328125 41.7236328125 41.7236328125 41.7236328125 41.7236328125 41.7236328125 41.7236328125 41.7236328125
42.9716796875 42.9716796875 42.9716796875 42.9716796875 42.9716796875 42.9716796875 42.9716796875 42.9716796875
43.9765625 43.9765625 43.9765625 43.9765625 43.9765625 43.9765625 43.9765625 43.9765625 43.9765625 43.9765625
44.97265625 44.97265625 44.97265625 44.97265625 44.97265625 44.97265625 44.97265625 44.97265625 44.97265625
45.9638671875 45.9638671875 45.9638671875 45.9638671875 45.9638671875 45.9638671875 45.9638671875 45.9638671875
46.96875 46.96875 46.96875 46.96875 46.96875 46.96875 46.96875 46.96875 46.96875 46.96875
47.77734375 47.77734375 47.77734375 47.77734375 47.77734375 47.77734375 47.77734375 47.77734375 47.77734375
48.7685546875 48.7685546875 48.7685546875 48.7685546875 48.7685546875 48.7685546875 48.7685546875 48.7685546875
49.4521484375 49.4521484375 49.4521484375 49.4521484375 49.4521484375 49.4521484375 49.4521484375 49.4521484375 49.4521484375 49.4521484375
48.5419921875 48.5419921875 48.5419921875 48.5419921875 48.5419921875 48.5419921875 48.5419921875 48.5419921875 48.5419921875
49.0693359375 46.330078125 46.330078125 46.330078125 46.330078125 46.330078125 46.330078125 46.330078125 46.330078125
39.0380859375 39.0380859375 39.0380859375 39.0380859375 39.0380859375 39.0380859375 39.0380859375 39.0380859375 39.0380859375 39.0380859375
40.2646484375 40.2646484375 40.2646484375 40.2646484375 40.2646484375 40.2646484375 40.2646484375 40.2646484375 40.2646484375
40.7919921875 41.310546875 41.310546875 41.310546875 41.310546875 41.310546875 41.310546875 41.310546875 41.310546875
42.361328125 42.361328125 42.361328125 42.361328125 42.361328125 42.361328125 42.361328125 42.361328125 42.361328125 42.361328125
43.548828125 43.548828125 43.548828125 43.548828125 43.548828125 43.548828125 43.548828125 43.548828125 43.548828125 43.548828125
44.736328125 44.736328125 44.736328125 44.736328125 44.736328125 44.736328125 44.736328125 44.736328125
45.73828125 45.73828125 45.73828125 45.73828125 45.73828125 45.73828125 45.73828125 45.73828125 45.73828125 45.73828125
46.7646484375 46.7646484375 46.7646484375 46.7646484375 46.7646484375 46.7646484375 46.7646484375 46.7646484375 46.7646484375 46.7646484375
47.9912109375 47.9912109375 47.9912109375 47.9912109375 47.9912109375 47.9912109375 47.9912109375 47.9912109375
48.99609375 48.99609375 48.99609375 48.99609375 48.99609375 48.99609375 48.99609375 48.99609375 48.99609375 48.99609375
49.3056640625 49.3056640625 49.3056640625 49.3056640625 49.3056640625 49.3056640625 49.3056640625 49.3056640625 49.3056640625 49.3056640625
47.1728515625 47.1728515625 47.1728515625 47.1728515625 47.1728515625 47.1728515625 47.1728515625 47.1728515625
45.099609375 45.099609375 45.099609375 45.099609375 45.099609375 45.099609375 45.099609375 45.099609375 45.099609375 45.099609375
38.3408203125 38.3408203125 38.3408203125 38.3408203125 38.3408203125 38.3408203125 38.3408203125 38.3408203125 38.3408203125 38.3408203125
39.5673828125 39.5673828125 39.5673828125 39.5673828125 39.5673828125 39.5673828125 39.5673828125 39.5673828125
40.572265625 40.572265625 40.572265625 40.572265625 40.572265625 40.572265625 40.572265625 40.572265625 40.572265625 40.572265625
41.759765625 41.759765625 41.759765625 41.759765625 41.759765625 41.759765625 41.759765625 41.759765625 41.759765625 41.759765625
42.947265625 42.947265625 42.947265625 42.947265625 42.947265625 42.947265625 42.947265625 42.947265625
43.94921875 43.94921875 43.94921875 43.94921875 43.94921875 43.94921875 43.94921875 43.94921875 43.94921875 43.94921875
44.9755859375 44.9755859375 44.9755859375 44.9755859375 44.9755859375 44.9755859375 44.9755859375 44.9755859375 44.9755859375 44.9755859375
46.2021484375 46.2021484375 46.2021484375 46.2021484375 46.2021484375 46.2021484375 46.2021484375 46.2021484375
47.20703125 47.20703125 47.20703125 47.20703125 47.20703125 47.20703125 47.20703125 47.20703125 47.20703125 47.20703125
48.2333984375 48.2333984375 48.2333984375 48.2333984375 48.2333984375 48.2333984375 48.2333984375 48.2333984375 48.2333984375 48.2333984375
48.78515625 48.78515625 48.78515625 48.78515625 48.78515625 48.78515625 48.78515625 48.78515625
47.04296875 47.04296875 47.04296875 47.04296875 47.04296875 47.04296875 47.04296875 47.04296875 47.04296875 47.04296875
45.4541015625 45.4541015625 45.4541015625 45.4541015625 45.4541015625 45.4541015625 45.4541015625 45.4541015625 45.4541015625 45.4541015625
38.3671875 38.3671875 38.3671875 38.3671875 38.3671875 38.3671875 38.3671875 38.3671875
39.0869140625 39.0869140625 39.0869140625 39.0869140625 39.0869140625 39.0869140625 39.0869140625 39.0869140625 39.0869140625 39.0869140625
40.400390625 40.400390625 40.400390625 40.400390625 40.400390625 40.400390625 40.400390625 40.400390625 40.400390625 40.400390625
41.587890625 41.587890625 41.587890625 41.587890625 41.587890625 41.587890625 41.587890625 41.587890625
42.5693359375 42.5693359375 42.5693359375 42.5693359375 42.5693359375 42.5693359375 42.5693359375 42.5693359375 42.5693359375 42.5693359375
43.7958984375 43.7958984375 43.7958984375 43.7958984375 43.7958984375 43.7958984375 43.7958984375 43.7958984375 43.7958984375 43.7958984375
45.0224609375 45.0224609375 45.0224609375 45.0224609375 45.0224609375 45.0224609375 45.0224609375 45.0224609375
46.02734375 46.02734375 46.02734375 46.02734375 46.02734375 46.02734375 46.02734375 46.02734375 46.02734375 46.02734375
47.0537109375 47.0537109375 47.0537109375 47.0537109375 47.0537109375 47.0537109375 47.0537109375 47.0537109375 47.0537109375 47.0537109375
48.2802734375 48.2802734375 48.2802734375 48.2802734375 48.2802734375 48.2802734375 48.2802734375 48.2802734375
49.28515625 49.28515625 49.28515625 49.28515625 49.28515625 49.28515625 49.28515625 49.28515625 49.28515625 49.28515625
49.2861328125 49.2861328125 49.2861328125 49.2861328125 49.2861328125 49.2861328125 49.2861328125 49.2861328125 49.2861328125 49.2861328125
44.482421875 44.482421875 44.482421875 44.482421875 44.482421875 44.482421875 44.482421875 44.482421875
37.583984375 37.583984375 37.583984375 37.583984375 37.583984375 37.583984375 37.583984375 37.583984375 37.583984375 37.583984375
38.76171875 38.76171875 38.76171875 38.76171875 38.76171875 38.76171875 38.76171875 38.76171875 38.76171875 38.76171875
39.7880859375 39.7880859375 39.7880859375 39.7880859375 39.7880859375 39.7880859375 39.7880859375 39.7880859375
40.79296875 40.79296875 40.79296875 40.79296875 40.79296875 40.79296875 40.79296875 40.79296875 40.79296875 40.79296875
41.8193359375 41.8193359375 41.8193359375 41.8193359375 41.8193359375 41.8193359375 41.8193359375 41.8193359375 41.8193359375 41.8193359375
43.0556640625 43.0556640625 43.0556640625 43.0556640625 43.0556640625 43.0556640625 43.0556640625 43.0556640625
44.060546875 44.060546875 44.060546875 44.060546875 44.060546875 44.060546875 44.060546875 44.060546875 44.060546875 44.060546875
45.248046875 45.248046875 45.248046875 45.248046875 45.248046875 45.248046875 45.248046875 45.248046875 45.248046875 45.248046875
46.435546875 46.435546875 46.435546875 46.435546875 46.435546875 46.435546875 46.435546875 46.435546875
47.4169921875 47.4169921875 47.4169921875 47.4169921875 47.4169921875 47.4169921875 47.4169921875 47.4169921875 47.4169921875 47.4169921875
48.6435546875 48.6435546875 48.6435546875 48.6435546875 48.6435546875 48.6435546875 48.6435546875 48.6435546875 48.6435546875 48.6435546875
48.8525390625 48.8525390625 48.8525390625 48.8525390625 48.8525390625 48.8525390625 48.8525390625 48.8525390625
46.80078125 46.80078125 46.80078125 46.80078125 46.80078125 46.80078125 46.80078125 46.80078125 46.80078125 46.80078125
45.2802734375 45.2802734375 45.2802734375 45.2802734375 45.2802734375 45.2802734375 45.2802734375 45.2802734375 45.2802734375 45.2802734375
39.365234375 39.365234375 39.365234375 39.365234375 39.365234375 39.365234375 39.365234375 39.365234375
40.4189453125 40.4189453125 40.4189453125 40.4189453125 40.4189453125 40.4189453125 40.4189453125 40.4189453125 40.4189453125 40.4189453125
41.6806640625 41.6806640625 41.6806640625 41.6806640625 41.6806640625 41.6806640625 41.6806640625 41.6806640625 41.6806640625 41.6806640625
42.9072265625 42.9072265625 42.9072265625 42.9072265625 42.9072265625 42.9072265625 42.9072265625 42.9072265625
43.912109375 43.912109375 43.912109375 43.912109375 43.912109375 43.912109375 43.912109375 43.912109375 43.912109375 43.912109375
45.099609375 45.099609375 45.099609375 45.099609375 45.099609375 45.099609375 45.099609375 45.099609375 45.099609375 45.099609375
46.287109375 46.287109375 46.287109375 46.287109375 46.287109375 46.287109375 46.287109375 46.287109375
47.2685546875 47.2685546875 47.2685546875 47.2685546875 47.2685546875 47.2685546875 47.2685546875 47.2685546875 47.2685546875 47.2685546875
48.4951171875 48.4951171875 48.4951171875 48.4951171875 48.4951171875 48.4951171875 48.4951171875 48.4951171875 48.4951171875 48.4951171875
49.7216796875 49.7216796875 49.7216796875 49.7216796875 49.7216796875 49.7216796875 49.7216796875 49.7216796875
50.0693359375 50.0693359375 50.0693359375 50.0693359375 50.0693359375 50.0693359375 50.0693359375 50.0693359375 50.0693359375 50.0693359375
44.603515625 44.603515625 44.603515625 44.603515625 44.603515625 44.603515625 44.603515625 44.603515625 44.603515625 44.603515625
37.9443359375 37.9443359375 37.9443359375 37.9443359375 37.9443359375 37.9443359375 37.9443359375 37.9443359375
38.921875 38.921875 38.921875 38.921875 38.921875 38.921875 38.921875 38.921875 38.921875 38.921875
39.9091796875 39.9091796875 39.9091796875 39.9091796875 39.9091796875 39.9091796875 39.9091796875 39.9091796875 39.9091796875 39.9091796875
41.1630859375 41.1630859375 41.1630859375 41.1630859375 41.1630859375 41.1630859375 41.1630859375 41.1630859375
42.16796875 42.16796875 42.16796875 42.16796875 42.16796875 42.16796875 42.16796875 42.16796875 42.16796875 42.16796875
43.1943359375 43.1943359375 43.1943359375 43.1943359375 43.1943359375 43.1943359375 43.1943359375 43.1943359375 43.1943359375 43.1943359375
44.4208984375 44.4208984375 44.4208984375 44.4208984375 44.4208984375 44.4208984375 44.4208984375 44.4208984375
45.42578125 45.42578125 45.42578125 45.42578125 45.42578125 45.42578125 45.42578125 45.42578125 45.42578125 45.42578125
46.4521484375 46.4521484375 46.4521484375 46.4521484375 46.4521484375 46.4521484375 46.4521484375 46.4521484375 46.4521484375 46.4521484375
47.6787109375 47.6787109375 47.6787109375 47.6787109375 47.6787109375 47.6787109375 47.6787109375 47.6787109375
48.68359375 48.68359375 48.68359375 48.68359375 48.68359375 48.68359375 48.68359375 48.68359375 48.68359375 48.68359375
48.6328125 48.6328125 48.6328125 48.6328125 48.6328125 48.6328125 48.6328125 48.6328125 48.6328125 48.6328125
46.36328125 46.36328125 46.36328125 46.36328125 46.36328125 46.36328125 46.36328125 46.36328125
44.654296875 44.654296875 44.654296875 44.654296875 44.654296875 44.654296875 44.654296875 44.654296875 44.654296875 44.654296875
39.0830078125 39.0830078125 39.0830078125 39.0830078125 39.0830078125 39.0830078125 39.0830078125 39.0830078125 39.0830078125 39.0830078125
40.3095703125 40.3095703125 40.3095703125 40.3095703125 40.3095703125 40.3095703125 40.3095703125 40.3095703125
41.314453125 41.314453125 41.314453125 41.314453125 41.314453125 41.314453125 41.314453125 41.314453125 41.314453125 41.314453125
42.501953125 42.501953125 42.501953125 42.501953125 42.501953125 42.501953125 42.501953125 42.501953125 42.501953125 42.501953125
43.689453125 43.689453125 43.689453125 43.689453125 43.689453125 43.689453125 43.689453125 43.689453125
44.6708984375 44.6708984375 44.6708984375 44.6708984375 44.6708984375 44.6708984375 44.6708984375 44.6708984375 44.6708984375 44.6708984375
45.8974609375 45.8974609375 45.8974609375 45.8974609375 45.8974609375 45.8974609375 45.8974609375 45.8974609375 45.8974609375 45.8974609375
47.1240234375 47.1240234375 47.1240234375 47.1240234375 47.1240234375 47.1240234375 47.1240234375 47.1240234375
48.12890625 48.12890625 48.12890625 48.12890625 48.12890625 48.12890625 48.12890625 48.12890625 48.12890625 48.12890625
49.1552734375 49.1552734375 49.1552734375 49.1552734375 49.1552734375 49.1552734375 49.1552734375 49.1552734375 49.1552734375 49.1552734375
50.3251953125 50.3251953125 50.3251953125 50.3251953125 50.3251953125 50.3251953125 50.3251953125 50.3251953125
47.7119140625 47.7119140625 47.7119140625 47.7119140625 47.7119140625 47.7119140625 47.7119140625 47.7119140625 47.7119140625 47.7119140625
46.296875 46.296875 46.296875 46.296875 46.296875 46.296875 46.296875 46.296875 46.296875 46.296875
39.18359375 39.18359375 39.18359375 39.18359375 39.18359375 39.18359375 39.18359375 39.18359375
40.09765625 40.09765625 40.09765625 40.09765625 40.09765625 40.09765625 40.09765625 40.09765625 40.09765625 40.09765625
41.1474609375 41.1474609375 41.1474609375 41.1474609375 41.1474609375 41.1474609375 41.1474609375 41.1474609375 41.1474609375 41.1474609375
42.3935546875 42.3935546875 42.3935546875 42.3935546875 42.3935546875 42.3935546875 42.3935546875 42.3935546875
43.3984375 43.3984375 43.3984375 43.3984375 43.3984375 43.3984375 43.3984375 43.3984375 43.3984375 43.3984375
44.39453125 44.39453125 44.39453125 44.39453125 44.39453125 44.39453125 44.39453125 44.39453125 44.39453125 44.39453125
45.4208984375 45.4208984375 45.4208984375 45.4208984375 45.4208984375 45.4208984375 45.4208984375 45.4208984375
46.42578125 46.42578125 46.42578125 46.42578125 46.42578125 46.42578125 46.42578125 46.42578125 46.42578125 46.42578125
47.4521484375 47.4521484375 47.4521484375 47.4521484375 47.4521484375 47.4521484375 47.4521484375 47.4521484375 47.4521484375 47.4521484375
48.6787109375 48.6787109375 48.6787109375 48.6787109375 48.6787109375 48.6787109375 48.6787109375 48.6787109375
49.68359375 49.68359375 49.68359375 49.68359375 49.68359375 49.68359375 49.68359375 49.68359375 49.68359375 49.68359375
50.7099609375 50.7099609375 50.7099609375 50.7099609375 50.7099609375 50.7099609375 50.7099609375 50.7099609375 50.7099609375 50.7099609375
