11.568359375 11.599609375 11.599609375 11.623046875 11.623046875 11.623046875 11.654296875 11.654296875 11.654296875 11.654296875
13.0673828125 13.0673828125 13.0673828125 13.0673828125 13.0673828125 13.0673828125 13.0673828125 13.0673828125 13.0673828125 13.0673828125
14.1787109375 14.1787109375 14.1787109375 14.1787109375 14.1787109375 14.1787109375 14.1787109375 14.1787109375 14.1787109375 14.1787109375
15.2802734375 15.2802734375 15.2802734375 15.2802734375 15.2802734375 15.2802734375 15.2802734375 15.2802734375 15.2802734375 15.2802734375
14.8037109375 14.8037109375 14.8037109375 14.8037109375 14.8037109375 14.8037109375 14.8037109375 14.8037109375 14.8037109375 14.8037109375
13.8828125 13.8828125 13.8828125 13.8828125 13.8828125 13.8828125 13.8828125 13.8828125 13.8828125 13.8828125
14.75390625 14.75390625 14.75390625 14.75390625 14.75390625 14.75390625 14.75390625 14.75390625 14.75390625 14.75390625
15.6552734375 15.6552734375 15.6552734375 15.6552734375 15.6552734375 15.6552734375 15.6552734375 15.6552734375 15.6552734375 15.6552734375
14.8525390625 14.8525390625 14.8525390625 14.8525390625 14.8525390625 14.8525390625 14.8525390625 14.8525390625 14.8525390625 14.8525390625
13.962890625 13.962890625 13.962890625 13.962890625 13.962890625 13.962890625 13.962890625 13.962890625 13.962890625 13.962890625
15.025390625 15.025390625 15.025390625 15.025390625 15.025390625 15.025390625 15.025390625 15.025390625 15.025390625 15.025390625
16.087890625 16.087890625 16.087890625 16.087890625 16.087890625 16.087890625 16.087890625 16.087890625 16.087890625 16.087890625
15.1474609375 15.1474609375 15.1474609375 15.1474609375 15.1474609375 15.1474609375 15.1474609375 15.1474609375 15.1474609375 15.1474609375
13.84375 13.84375 13.84375 13.84375 13.84375 13.84375 13.84375 13.84375 13.84375 13.84375
14.52734375 14.52734375 14.52734375 14.52734375 14.52734375 14.52734375 14.52734375 14.52734375 14.52734375 14.52734375
15.4287109375 15.4287109375 15.4287109375 15.4287109375 15.4287109375 15.4287109375 15.4287109375 15.4287109375 15.4287109375 15.4287109375
14.64453125 14.64453125 14.64453125 14.64453125 14.64453125 14.64453125 14.64453125 14.64453125 14.64453125 14.64453125
13.65625 13.65625 13.65625 13.65625 13.65625 13.65625 13.65625 13.65625 13.65625 13.65625
14.33984375 14.33984375 14.33984375 14.33984375 14.33984375 14.33984375 14.33984375 14.33984375 14.33984375 14.33984375
15.30859375 15.30859375 15.30859375 15.30859375 15.30859375 15.30859375 15.30859375 15.30859375 15.30859375 15.30859375
16.2099609375 16.2099609375 16.2099609375 16.2099609375 16.2099609375 16.2099609375 16.2099609375 16.2099609375 16.2099609375 16.2099609375
15.681640625 15.681640625 15.681640625 15.681640625 15.681640625 15.681640625 15.681640625 15.681640625 15.681640625 15.681640625
14.103515625 14.103515625 14.103515625 14.103515625 14.103515625 14.103515625 14.103515625 14.103515625 14.103515625 14.103515625
15.166015625 15.166015625 15.166015625 15.166015625 15.166015625 15.166015625 15.166015625 15.166015625 15.166015625 15.166015625
16.228515625 16.228515625 16.228515625 16.228515625 16.228515625 16.228515625 16.228515625 16.228515625 16.228515625 16.228515625
15.2861328125 15.2861328125 15.2861328125 15.2861328125 15.2861328125 15.2861328125 15.2861328125 15.2861328125 15.2861328125 15.2861328125
14.060546875 14.060546875 14.060546875 14.060546875 14.060546875 14.060546875 14.060546875 14.060546875 14.060546875 14.060546875
15.2001953125 15.2001953125 15.2001953125 15.2001953125 15.2001953125 15.2001953125 15.2001953125 15.2001953125 15.2001953125 15.2001953125
16.3115234375 16.3115234375 16.3115234375 16.3115234375 16.3115234375 16.3115234375 16.3115234375 16.3115234375 16.3115234375 16.3115234375
15.0380859375 15.0380859375 15.0380859375 15.0380859375 15.0380859375 15.0380859375 15.0380859375 15.0380859375 15.0380859375 15.0380859375
14.080078125 14.080078125 14.080078125 14.080078125 14.080078125 14.080078125 14.080078125 14.080078125 14.080078125 14.080078125
15.2197265625 15.2197265625 15.2197265625 15.2197265625 15.2197265625 15.2197265625 15.2197265625 15.2197265625 15.2197265625 15.2197265625
16.3310546875 16.3310546875 16.3310546875 16.3310546875 16.3310546875 16.3310546875 16.3310546875 16.3310546875 16.3310546875 16.3310546875
15.0361328125 15.0361328125 15.0361328125 15.0361328125 15.0361328125 15.0361328125 15.0361328125 15.0361328125 15.0361328125 15.0361328125
13.3720703125 13.3720703125 13.3720703125 13.3720703125 13.3720703125 13.3720703125 13.3720703125 13.3720703125 13.3720703125 13.3720703125
14.560546875 14.560546875 14.560546875 14.560546875 14.560546875 14.560546875 14.560546875 14.560546875 14.560546875 14.560546875
15.623046875 15.623046875 15.623046875 15.623046875 15.623046875 15.623046875 15.623046875 15.623046875 15.623046875 15.623046875
14.4912109375 14.4912109375 14.4912109375 14.4912109375 14.4912109375 14.4912109375 14.4912109375 14.4912109375 14.4912109375 14.4912109375
14.080078125 14.080078125 14.080078125 14.080078125 14.080078125 14.080078125 14.080078125 14.080078125 14.080078125 14.080078125
15.2197265625 15.2197265625 15.2197265625 15.2197265625 15.2197265625 15.2197265625 15.2197265625 15.2197265625 15.2197265625 15.2197265625
16.3310546875 16.3310546875 16.3310546875 16.3310546875 16.3310546875 16.3310546875 16.3310546875 16.3310546875 16.3310546875 16.3310546875
14.693359375 14.693359375 14.693359375 14.693359375 14.693359375 14.693359375 14.693359375 14.693359375 14.693359375 14.693359375
13.3330078125 13.3330078125 13.3330078125 13.3330078125 13.3330078125 13.3330078125 13.3330078125 13.3330078125 13.3330078125 13.3330078125
14.521484375 14.521484375 14.521484375 14.521484375 14.521484375 14.521484375 14.521484375 14.521484375 14.521484375 14.521484375
15.583984375 15.583984375 15.583984375 15.583984375 15.583984375 15.583984375 15.583984375 15.583984375 15.583984375 15.583984375
14.267578125 14.267578125 14.267578125 14.267578125 14.267578125 14.267578125 14.267578125 14.267578125 14.267578125 14.267578125
14.041015625 14.041015625 14.041015625 14.041015625 14.041015625 14.041015625 14.041015625 14.041015625 14.041015625 14.041015625
15.1806640625 15.1806640625 15.1806640625 15.1806640625 15.1806640625 15.1806640625 15.1806640625 15.1806640625 15.1806640625 15.1806640625
16.2919921875 16.2919921875 16.2919921875 16.2919921875 16.2919921875 16.2919921875 16.2919921875 16.2919921875 16.2919921875 16.2919921875
15.53125 15.53125 15.53125 15.53125 15.53125 15.53125 15.53125 15.53125 15.53125 15.53125
16.21484375 16.21484375 16.21484375 16.21484375 16.21484375 16.21484375 16.21484375 16.21484375 16.21484375 16.21484375
13.9228515625 13.9228515625 13.9228515625 13.9228515625 13.9228515625 13.9228515625 13.9228515625 13.9228515625 13.9228515625 13.9228515625
15.0439453125 15.0439453125 15.0439453125 15.0439453125 15.0439453125 15.0439453125 15.0439453125 15.0439453125 15.0439453125 15.0439453125
16.1455078125 16.1455078125 16.1455078125 16.1455078125 16.1455078125 16.1455078125 16.1455078125 16.1455078125 16.1455078125 16.1455078125
15.92578125 15.92578125 15.92578125 15.92578125 15.92578125 15.92578125 15.92578125 15.92578125 15.92578125 15.92578125
13.6630859375 13.6630859375 13.6630859375 13.6630859375 13.6630859375 13.6630859375 13.6630859375 13.6630859375 13.6630859375 13.6630859375
14.7841796875 14.7841796875 14.7841796875 14.7841796875 14.7841796875 14.7841796875 14.7841796875 14.7841796875 14.7841796875 14.7841796875
15.8857421875 15.8857421875 15.8857421875 15.8857421875 15.8857421875 15.8857421875 15.8857421875 15.8857421875 15.8857421875 15.8857421875
15.05859375 15.05859375 15.05859375 15.05859375 15.05859375 15.05859375 15.05859375 15.05859375 15.05859375 15.05859375
13.7724609375 13.7724609375 13.7724609375 13.7724609375 13.7724609375 13.7724609375 13.7724609375 13.7724609375 13.7724609375 13.7724609375
14.8935546875 14.8935546875 14.8935546875 14.8935546875 14.8935546875 14.8935546875 14.8935546875 14.8935546875 14.8935546875 14.8935546875
15.9951171875 15.9951171875 15.9951171875 15.9951171875 15.9951171875 15.9951171875 15.9951171875 15.9951171875 15.9951171875 15.9951171875
15.380859375 15.380859375 15.380859375 15.380859375 15.380859375 15.380859375 15.380859375 15.380859375 15.380859375 15.380859375
13.943359375 13.943359375 13.943359375 13.943359375 13.943359375 13.943359375 13.943359375 13.943359375 13.943359375 13.943359375
15.005859375 15.005859375 15.005859375 15.005859375 15.005859375 15.005859375 15.005859375 15.005859375 15.005859375 15.005859375
16.068359375 16.068359375 16.068359375 16.068359375 16.068359375 16.068359375 16.068359375 16.068359375 16.068359375 16.068359375
15.1044921875 15.1044921875 15.1044921875 15.1044921875 15.1044921875 15.1044921875 15.1044921875 15.1044921875 15.1044921875 15.1044921875
13.84375 13.84375 13.84375 13.84375 13.84375 13.84375 13.84375 13.84375 13.84375 13.84375
14.52734375 14.52734375 14.52734375 14.52734375 14.52734375 14.52734375 14.52734375 14.52734375 14.52734375 14.52734375
15.4287109375 15.4287109375 15.4287109375 15.4287109375 15.4287109375 15.4287109375 15.4287109375 15.4287109375 15.4287109375 15.4287109375
14.962890625 14.962890625 14.962890625 14.962890625 14.962890625 14.962890625 14.962890625 14.962890625 14.962890625 14.962890625
13.89453125 13.89453125 13.89453125 13.89453125 13.89453125 13.89453125 13.89453125 13.89453125 13.89453125 13.89453125
14.7958984375 14.7958984375 14.7958984375 14.7958984375 14.7958984375 14.7958984375 14.7958984375 14.7958984375 14.7958984375 14.7958984375
15.9072265625 15.9072265625 15.9072265625 15.9072265625 15.9072265625 15.9072265625 15.9072265625 15.9072265625 15.9072265625 15.9072265625
17.0087890625 17.0087890625 17.0087890625 17.0087890625 17.0087890625 17.0087890625 17.0087890625 17.0087890625 17.0087890625 17.0087890625
12.7548828125 12.7548828125 12.7548828125 12.7548828125 12.7548828125 12.7548828125 12.7548828125 12.7548828125 12.7548828125 12.7548828125
13.943359375 13.943359375 13.943359375 13.943359375 13.943359375 13.943359375 13.943359375 13.943359375 13.943359375 13.943359375
15.005859375 15.005859375 15.005859375 15.005859375 15.005859375 15.005859375 15.005859375 15.005859375 15.005859375 15.005859375
14.359375 14.359375 14.359375 14.359375 14.359375 14.359375 14.359375 14.359375 14.359375 14.359375
15.2216796875 15.2216796875 15.2216796875 15.2216796875 15.2216796875 15.2216796875 15.2216796875 15.2216796875 15.2216796875 15.2216796875
15.029296875 15.029296875 15.029296875 15.029296875 15.029296875 15.029296875 15.029296875 15.029296875 15.029296875 15.029296875
16.091796875 16.091796875 16.091796875 16.091796875 16.091796875 16.091796875 16.091796875 16.091796875 16.091796875 16.091796875
17.154296875 17.154296875 17.154296875 17.154296875 17.154296875 17.154296875 17.154296875 17.154296875 17.154296875 17.154296875
16.2373046875 16.2373046875 16.2373046875 16.2373046875 16.2373046875 16.2373046875 16.2373046875 16.2373046875 16.2373046875 16.2373046875
13.84375 13.84375 13.84375 13.84375 13.84375 13.84375 13.84375 13.84375 13.84375 13.84375
14.52734375 14.52734375 14.52734375 14.52734375 14.52734375 14.52734375 14.52734375 14.52734375 14.52734375 14.52734375
15.4287109375 15.4287109375 15.4287109375 15.4287109375 15.4287109375 15.4287109375 15.4287109375 15.4287109375 15.4287109375 15.4287109375
14.6474609375 14.6474609375 14.6474609375 14.6474609375 14.6474609375 14.6474609375 14.6474609375 14.6474609375 14.6474609375 14.6474609375
13.943359375 13.943359375 13.943359375 13.943359375 13.943359375 13.943359375 13.943359375 13.943359375 13.943359375 13.943359375
15.005859375 15.005859375 15.005859375 15.005859375 15.005859375 15.005859375 15.005859375 15.005859375 15.005859375 15.005859375
16.068359375 16.068359375 16.068359375 16.068359375 16.068359375 16.068359375 16.068359375 16.068359375 16.068359375 16.068359375
15.0634765625 15.0634765625 15.0634765625 15.0634765625 15.0634765625 15.0634765625 15.0634765625 15.0634765625 15.0634765625 15.0634765625
14.060546875 14.060546875 14.060546875 14.060546875 14.060546875 14.060546875 14.060546875 14.060546875 14.060546875 14.060546875
15.2001953125 15.2001953125 15.2001953125 15.2001953125 15.2001953125 15.2001953125 15.2001953125 15.2001953125 15.2001953125 15.2001953125
16.3115234375 16.3115234375 16.3115234375 16.3115234375 16.3115234375 16.3115234375 16.3115234375 16.3115234375 16.3115234375 16.3115234375
14.3876953125 14.3876953125 14.3876953125 14.3876953125 14.3876953125 14.3876953125 14.3876953125 14.3876953125 14.3876953125 14.3876953125
13.3720703125 13.3720703125 13.3720703125 13.3720703125 13.3720703125 13.3720703125 13.3720703125 13.3720703125 13.3720703125 13.3720703125
14.560546875 14.560546875 14.560546875 14.560546875 14.560546875 14.560546875 14.560546875 14.560546875 14.560546875 14.560546875
15.623046875 15.623046875 15.623046875 15.623046875 15.623046875 15.623046875 15.623046875 15.623046875 15.623046875 15.623046875
14.65234375 14.65234375 14.65234375 14.65234375 14.65234375 14.65234375 14.65234375 14.65234375 14.65234375 14.65234375
15.59375 15.59375 15.59375 15.59375 15.59375 15.59375 15.59375 15.59375 15.59375 15.59375
14.5634765625 14.5634765625 14.5634765625 14.5634765625 14.5634765625 14.5634765625 14.5634765625 14.5634765625 14.5634765625 14.5634765625
15.751953125 15.751953125 15.751953125 15.751953125 15.751953125 15.751953125 15.751953125 15.751953125 15.751953125 15.751953125
16.814453125 16.814453125 16.814453125 16.814453125 16.814453125 16.814453125 16.814453125 16.814453125 16.814453125 16.814453125
15.62890625 15.62890625 15.62890625 15.62890625 15.62890625 15.62890625 15.62890625 15.62890625 15.62890625 15.62890625
13.9228515625 13.9228515625 13.9228515625 13.9228515625 13.9228515625 13.9228515625 13.9228515625 13.9228515625 13.9228515625 13.9228515625
15.0439453125 15.0439453125 15.0439453125 15.0439453125 15.0439453125 15.0439453125 15.0439453125 15.0439453125 15.0439453125 15.0439453125
16.1455078125 16.1455078125 16.1455078125 16.1455078125 16.1455078125 16.1455078125 16.1455078125 16.1455078125 16.1455078125 16.1455078125
15.478515625 15.478515625 15.478515625 15.478515625 15.478515625 15.478515625 15.478515625 15.478515625 15.478515625 15.478515625
13.943359375 13.943359375 13.943359375 13.943359375 13.943359375 13.943359375 13.943359375 13.943359375 13.943359375 13.943359375
15.005859375 15.005859375 15.005859375 15.005859375 15.005859375 15.005859375 15.005859375 15.005859375 15.005859375 15.005859375
16.068359375 16.068359375 16.068359375 16.068359375 16.068359375 16.068359375 16.068359375 16.068359375 16.068359375 16.068359375
14.990234375 14.990234375 14.990234375 14.990234375 14.990234375 14.990234375 14.990234375 14.990234375 14.990234375 14.990234375
13.794921875 13.794921875 13.794921875 13.794921875 13.794921875 13.794921875 13.794921875 13.794921875 13.794921875 13.794921875
14.857421875 14.857421875 14.857421875 14.857421875 14.857421875 14.857421875 14.857421875 14.857421875 14.857421875 14.857421875
15.919921875 15.919921875 15.919921875 15.919921875 15.919921875 15.919921875 15.919921875 15.919921875 15.919921875 15.919921875
15.08203125 15.08203125 15.08203125 15.08203125 15.08203125 15.08203125 15.08203125 15.08203125 15.08203125 15.08203125
13.6240234375 13.6240234375 13.6240234375 13.6240234375 13.6240234375 13.6240234375 13.6240234375 13.6240234375 13.6240234375 13.6240234375
14.7451171875 14.7451171875 14.7451171875 14.7451171875 14.7451171875 14.7451171875 14.7451171875 14.7451171875 14.7451171875 14.7451171875
15.8466796875 15.8466796875 15.8466796875 15.8466796875 15.8466796875 15.8466796875 15.8466796875 15.8466796875 15.8466796875 15.8466796875
14.796875 14.796875 14.796875 14.796875 14.796875 14.796875 14.796875 14.796875 14.796875 14.796875
13.7138671875 13.7138671875 13.7138671875 13.7138671875 13.7138671875 13.7138671875 13.7138671875 13.7138671875 13.7138671875 13.7138671875
14.8544921875 14.8544921875 14.8544921875 14.8544921875 14.8544921875 14.8544921875 14.8544921875 14.8544921875 14.8544921875 14.8544921875
15.9560546875 15.9560546875 15.9560546875 15.9560546875 15.9560546875 15.9560546875 15.9560546875 15.9560546875 15.9560546875 15.9560546875
14.7529296875 14.7529296875 14.7529296875 14.7529296875 14.7529296875 14.7529296875 14.7529296875 14.7529296875 14.7529296875 14.7529296875
13.9921875 13.9921875 13.9921875 13.9921875 13.9921875 13.9921875 13.9921875 13.9921875 13.9921875 13.9921875
14.86328125 14.86328125 14.86328125 14.86328125 14.86328125 14.86328125 14.86328125 14.86328125 14.86328125 14.86328125
15.7646484375 15.7646484375 15.7646484375 15.7646484375 15.7646484375 15.7646484375 15.7646484375 15.7646484375 15.7646484375 15.7646484375
15.1689453125 15.1689453125 15.1689453125 15.1689453125 15.1689453125 15.1689453125 15.1689453125 15.1689453125 15.1689453125 15.1689453125
13.962890625 13.962890625 13.962890625 13.962890625 13.962890625 13.962890625 13.962890625 13.962890625 13.962890625 13.962890625
15.025390625 15.025390625 15.025390625 15.025390625 15.025390625 15.025390625 15.025390625 15.025390625 15.025390625 15.025390625
16.087890625 16.087890625 16.087890625 16.087890625 16.087890625 16.087890625 16.087890625 16.087890625 16.087890625 16.087890625
15.15625 15.15625 15.15625 15.15625 15.15625 15.15625 15.15625 15.15625 15.15625 15.15625
13.3388671875 13.3388671875 13.3388671875 13.3388671875 13.3388671875 13.3388671875 13.3388671875 13.3388671875 13.3388671875 13.3388671875
14.52734375 14.52734375 14.52734375 14.52734375 14.52734375 14.52734375 14.52734375 14.52734375 14.52734375 14.52734375
15.4287109375 15.4287109375 15.4287109375 15.4287109375 15.4287109375 15.4287109375 15.4287109375 15.4287109375 15.4287109375 15.4287109375
14.796875 14.796875 14.796875 14.796875 14.796875 14.796875 14.796875 14.796875 14.796875 14.796875
15.6591796875 15.6591796875 15.6591796875 15.6591796875 15.6591796875 15.6591796875 15.6591796875 15.6591796875 15.6591796875 15.6591796875
15.0341796875 15.0341796875 15.0341796875 15.0341796875 15.0341796875 15.0341796875 15.0341796875 15.0341796875 15.0341796875 15.0341796875
16.1357421875 16.1357421875 16.1357421875 16.1357421875 16.1357421875 16.1357421875 16.1357421875 16.1357421875 16.1357421875 16.1357421875
17.2373046875 17.2373046875 17.2373046875 17.2373046875 17.2373046875 17.2373046875 17.2373046875 17.2373046875 17.2373046875 17.2373046875
15.66796875 15.66796875 15.66796875 15.66796875 15.66796875 15.66796875 15.66796875 15.66796875 15.66796875 15.66796875
13.6630859375 13.6630859375 13.6630859375 13.6630859375 13.6630859375 13.6630859375 13.6630859375 13.6630859375 13.6630859375 13.6630859375
14.7841796875 14.7841796875 14.7841796875 14.7841796875 14.7841796875 14.7841796875 14.7841796875 14.7841796875 14.7841796875 14.7841796875
15.8857421875 15.8857421875 15.8857421875 15.8857421875 15.8857421875 15.8857421875 15.8857421875 15.8857421875 15.8857421875 15.8857421875
15.0693359375 15.0693359375 15.0693359375 15.0693359375 15.0693359375 15.0693359375 15.0693359375 15.0693359375 15.0693359375 15.0693359375
13.9921875 13.9921875 13.9921875 13.9921875 13.9921875 13.9921875 13.9921875 13.9921875 13.9921875 13.9921875
14.86328125 14.86328125 14.86328125 14.86328125 14.86328125 14.86328125 14.86328125 14.86328125 14.86328125 14.86328125
15.7646484375 15.7646484375 15.7646484375 15.7646484375 15.7646484375 15.7646484375 15.7646484375 15.7646484375 15.7646484375 15.7646484375
14.8701171875 14.8701171875 14.8701171875 14.8701171875 14.8701171875 14.8701171875 14.8701171875 14.8701171875 14.8701171875 14.8701171875
13.962890625 13.962890625 13.962890625 13.962890625 13.962890625 13.962890625 13.962890625 13.962890625 13.962890625 13.962890625
15.025390625 15.025390625 15.025390625 15.025390625 15.025390625 15.025390625 15.025390625 15.025390625 15.025390625 15.025390625
16.087890625 16.087890625 16.087890625 16.087890625 16.087890625 16.087890625 16.087890625 16.087890625 16.087890625 16.087890625
15.486328125 15.486328125 15.486328125 15.486328125 15.486328125 15.486328125 15.486328125 15.486328125 15.486328125 15.486328125
13.794921875 13.794921875 13.794921875 13.794921875 13.794921875 13.794921875 13.794921875 13.794921875 13.794921875 13.794921875
14.857421875 14.857421875 14.857421875 14.857421875 14.857421875 14.857421875 14.857421875 14.857421875 14.857421875 14.857421875
15.919921875 15.919921875 15.919921875 15.919921875 15.919921875 15.919921875 15.919921875 15.919921875 15.919921875 15.919921875
15.08203125 15.08203125 15.08203125 15.08203125 15.08203125 15.08203125 15.08203125 15.08203125 15.08203125 15.08203125
13.6240234375 13.6240234375 13.6240234375 13.6240234375 13.6240234375 13.6240234375 13.6240234375 13.6240234375 13.6240234375 13.6240234375
14.7451171875 14.7451171875 14.7451171875 14.7451171875 14.7451171875 14.7451171875 14.7451171875 14.7451171875 14.7451171875 14.7451171875
15.8466796875 15.8466796875 15.8466796875 15.8466796875 15.8466796875 15.8466796875 15.8466796875 15.8466796875 15.8466796875 15.8466796875
14.796875 14.796875 14.796875 14.796875 14.796875 14.796875 14.796875 14.796875 14.796875 14.796875
13.7138671875 13.7138671875 13.7138671875 13.7138671875 13.7138671875 13.7138671875 13.7138671875 13.7138671875 13.7138671875 13.7138671875
14.8544921875 14.8544921875 14.8544921875 14.8544921875 14.8544921875 14.8544921875 14.8544921875 14.8544921875 14.8544921875 14.8544921875
15.9560546875 15.9560546875 15.9560546875 15.9560546875 15.9560546875 15.9560546875 15.9560546875 15.9560546875 15.9560546875 15.9560546875
14.7529296875 14.7529296875 14.7529296875 14.7529296875 14.7529296875 14.7529296875 14.7529296875 14.7529296875 14.7529296875 14.7529296875
13.9921875 13.9921875 13.9921875 13.9921875 13.9921875 13.9921875 13.9921875 13.9921875 13.9921875 13.9921875
14.86328125 14.86328125 14.86328125 14.86328125 14.86328125 14.86328125 14.86328125 14.86328125 14.86328125 14.86328125
15.7646484375 15.7646484375 15.7646484375 15.7646484375 15.7646484375 15.7646484375 15.7646484375 15.7646484375 15.7646484375 15.7646484375
15.1689453125 15.1689453125 15.1689453125 15.1689453125 15.1689453125 15.1689453125 15.1689453125 15.1689453125 15.1689453125 15.1689453125
13.962890625 13.962890625 13.962890625 13.962890625 13.962890625 13.962890625 13.962890625 13.962890625 13.962890625 13.962890625
15.025390625 15.025390625 15.025390625 15.025390625 15.025390625 15.025390625 15.025390625 15.025390625 15.025390625 15.025390625
16.087890625 16.087890625 16.087890625 16.087890625 16.087890625 16.087890625 16.087890625 16.087890625 16.087890625 16.087890625
15.15625 15.15625 15.15625 15.15625 15.15625 15.15625 15.15625 15.15625 15.15625 15.15625
13.3388671875 13.3388671875 13.3388671875 13.3388671875 13.3388671875 13.3388671875 13.3388671875 13.3388671875 13.3388671875 13.3388671875
14.52734375 14.52734375 14.52734375 14.52734375 14.52734375 14.52734375 14.52734375 14.52734375 14.52734375 14.52734375
15.4287109375 15.4287109375 15.4287109375 15.4287109375 15.4287109375 15.4287109375 15.4287109375 15.4287109375 15.4287109375 15.4287109375
14.796875 14.796875 14.796875 14.796875 14.796875 14.796875 14.796875 14.796875 14.796875 14.796875
15.6591796875 15.6591796875 15.6591796875 15.6591796875 15.6591796875 15.6591796875 15.6591796875 15.6591796875 15.6591796875 15.6591796875
15.0341796875 15.0341796875 15.0341796875 15.0341796875 15.0341796875 15.0341796875 15.0341796875 15.0341796875 15.0341796875 15.0341796875
16.1357421875 16.1357421875 16.1357421875 16.1357421875 16.1357421875 16.1357421875 16.1357421875 16.1357421875 16.1357421875 16.1357421875
17.2373046875 17.2373046875 17.2373046875 17.2373046875 17.2373046875 17.2373046875 17.2373046875 17.2373046875 17.2373046875 17.2373046875
15.66796875 15.66796875 15.66796875 15.66796875 15.66796875 15.66796875 15.66796875 15.66796875 15.66796875 15.66796875
13.6630859375 13.6630859375 13.6630859375 13.6630859375 13.6630859375 13.6630859375 13.6630859375 13.6630859375 13.6630859375 13.6630859375
14.7841796875 14.7841796875 14.7841796875 14.7841796875 14.7841796875 14.7841796875 14.7841796875 14.7841796875 14.7841796875 14.7841796875
15.8857421875 15.8857421875 15.8857421875 15.8857421875 15.8857421875 15.8857421875 15.8857421875 15.8857421875 15.8857421875 15.8857421875
15.0693359375 15.0693359375 15.0693359375 15.0693359375 15.0693359375 15.0693359375 15.0693359375 15.0693359375 15.0693359375 15.0693359375
13.9921875 13.9921875 13.9921875 13.9921875 13.9921875 13.9921875 13.9921875 13.9921875 13.9921875 13.9921875
14.86328125 14.86328125 14.86328125 14.86328125 14.86328125 14.86328125 14.86328125 14.86328125 14.86328125 14.86328125
15.7646484375 15.7646484375 15.7646484375 15.7646484375 15.7646484375 15.7646484375 15.7646484375 15.7646484375 15.7646484375 15.7646484375
14.8701171875 14.8701171875 14.8701171875 14.8701171875 14.8701171875 14.8701171875 14.8701171875 14.8701171875 14.8701171875 14.8701171875
13.962890625 13.962890625 13.962890625 13.962890625 13.962890625 13.962890625 13.962890625 13.962890625 13.962890625 13.962890625
15.025390625 15.025390625 15.025390625 15.025390625 15.025390625 15.025390625 15.025390625 15.025390625 15.025390625 15.025390625
16.087890625 16.087890625 16.087890625 16.087890625 16.087890625 16.087890625 16.087890625 16.087890625 16.087890625 16.087890625
15.486328125 15.486328125 15.486328125 15.486328125 15.486328125 15.486328125 15.486328125 15.486328125 15.486328125 15.486328125
13.794921875 13.794921875 13.794921875 13.794921875 13.794921875 13.794921875 13.794921875 13.794921875 13.794921875 13.794921875
14.857421875 14.857421875 14.857421875 14.857421875 14.857421875 14.857421875 14.857421875 14.857421875 14.857421875 14.857421875
15.919921875 15.919921875 15.919921875 15.919921875 15.919921875 15.919921875 15.919921875 15.919921875 15.919921875 15.919921875
15.08203125 15.08203125 15.08203125 15.08203125 15.08203125 15.08203125 15.08203125 15.08203125 15.08203125 15.08203125
13.6240234375 13.6240234375 13.6240234375 13.6240234375 13.6240234375 13.6240234375 13.6240234375 13.6240234375 13.6240234375 13.6240234375
14.7451171875 14.7451171875 14.7451171875 14.7451171875 14.7451171875 14.7451171875 14.7451171875 14.7451171875 14.7451171875 14.7451171875
15.8466796875 15.8466796875 15.8466796875 15.8466796875 15.8466796875 15.8466796875 15.8466796875 15.8466796875 15.8466796875 15.8466796875
14.796875 14.796875 14.796875 14.796875 14.796875 14.796875 14.796875 14.796875 14.796875 14.796875
13.7138671875 13.7138671875 13.7138671875 13.7138671875 13.7138671875 13.7138671875 13.7138671875 13.7138671875 13.7138671875 13.7138671875
14.8544921875 14.8544921875 14.8544921875 14.8544921875 14.8544921875 14.8544921875 14.8544921875 14.8544921875 14.8544921875 14.8544921875
15.9560546875 15.9560546875 15.9560546875 15.9560546875 15.9560546875 15.9560546875 15.9560546875 15.9560546875 15.9560546875 15.9560546875
14.7529296875 14.7529296875 14.7529296875 14.7529296875 14.7529296875 14.7529296875 14.7529296875 14.7529296875 14.7529296875 14.7529296875
13.9921875 13.9921875 13.9921875 13.9921875 13.9921875 13.9921875 13.9921875 13.9921875 13.9921875 13.9921875
14.86328125 14.86328125 14.86328125 14.86328125 14.86328125 14.86328125 14.86328125 14.86328125 14.86328125 14.86328125
15.7646484375 15.7646484375 15.7646484375 15.7646484375 15.7646484375 15.7646484375 15.7646484375 15.7646484375 15.7646484375 15.7646484375
15.1689453125 15.1689453125 15.1689453125 15.1689453125 15.1689453125 15.1689453125 15.1689453125 15.1689453125 15.1689453125 15.1689453125
13.962890625 13.962890625 13.962890625 13.962890625 13.962890625 13.962890625 13.962890625 13.962890625 13.962890625 13.962890625
15.025390625 15.025390625 15.025390625 15.025390625 15.025390625 15.025390625 15.025390625 15.025390625 15.025390625 15.025390625
16.087890625 16.087890625 16.087890625 16.087890625 16.087890625 16.087890625 16.087890625 16.087890625 16.087890625 16.087890625
15.15625 15.15625 15.15625 15.15625 15.15625 15.15625 15.15625 15.15625 15.15625 15.15625
13.3388671875 13.3388671875 13.3388671875 13.3388671875 13.3388671875 13.3388671875 13.3388671875 13.3388671875 13.3388671875 13.3388671875
14.52734375 14.52734375 14.52734375 14.52734375 14.52734375 14.52734375 14.52734375 14.52734375 14.52734375 14.52734375
15.4287109375 15.4287109375 15.4287109375 15.4287109375 15.4287109375 15.4287109375 15.4287109375 15.4287109375 15.4287109375 15.4287109375
14.796875 14.796875 14.796875 14.796875 14.796875 14.796875 14.796875 14.796875 14.796875 14.796875
15.6591796875 15.6591796875 15.6591796875 15.6591796875 15.6591796875 15.6591796875 15.6591796875 15.6591796875 15.6591796875 15.6591796875
15.0341796875 15.0341796875 15.0341796875 15.0341796875 15.0341796875 15.0341796875 15.0341796875 15.0341796875 15.0341796875 15.0341796875
16.1357421875 16.1357421875 16.1357421875 16.1357421875 16.1357421875 16.1357421875 16.1357421875 16.1357421875 16.1357421875 16.1357421875
17.2373046875 17.2373046875 17.2373046875 17.2373046875 17.2373046875 17.2373046875 17.2373046875 17.2373046875 17.2373046875 17.2373046875
15.66796875 15.66796875 15.66796875 15.66796875 15.66796875 15.66796875 15.66796875 15.66796875 15.66796875 15.66796875
13.6630859375 13.6630859375 13.6630859375 13.6630859375 13.6630859375 13.6630859375 13.6630859375 13.6630859375 13.6630859375 13.6630859375
14.7841796875 14.7841796875 14.7841796875 14.7841796875 14.7841796875 14.7841796875 14.7841796875 14.7841796875 14.7841796875 14.7841796875
15.8857421875 15.8857421875 15.8857421875 15.8857421875 15.8857421875 15.8857421875 15.8857421875 15.8857421875 15.8857421875 15.8857421875
15.0693359375 15.0693359375 15.0693359375 15.0693359375 15.0693359375 15.0693359375 15.0693359375 15.0693359375 15.0693359375 15.0693359375
13.9921875 13.9921875 13.9921875 13.9921875 13.9921875 13.9921875 13.9921875 13.9921875 13.9921875 13.9921875
14.86328125 14.86328125 14.86328125 14.86328125 14.86328125 14.86328125 14.86328125 14.86328125 14.86328125 14.86328125
15.7646484375 15.7646484375 15.7646484375 15.7646484375 15.7646484375 15.7646484375 15.7646484375 15.7646484375 15.7646484375 15.7646484375
14.8701171875 14.8701171875 14.8701171875 14.8701171875 14.8701171875 14.8701171875 14.8701171875 14.8701171875 14.8701171875 14.8701171875
13.962890625 13.962890625 13.962890625 13.962890625 13.962890625 13.962890625 13.962890625 13.962890625 13.962890625 13.962890625
15.025390625 15.025390625 15.025390625 15.025390625 15.025390625 15.025390625 15.025390625 15.025390625 15.025390625 15.025390625
16.087890625 16.087890625 16.087890625 16.087890625 16.087890625 16.087890625 16.087890625 16.087890625 16.087890625 16.087890625
15.486328125 15.486328125 15.486328125 15.486328125 15.486328125 15.486328125 15.486328125 15.486328125 15.486328125 15.486328125
13.794921875 13.794921875 13.794921875 13.794921875 13.794921875 13.794921875 13.794921875 13.794921875 13.794921875 13.794921875
14.857421875 14.857421875 14.857421875 14.857421875 14.857421875 14.857421875 14.857421875 14.857421875 14.857421875 14.857421875
15.919921875 15.919921875 15.919921875 15.919921875 15.919921875 15.919921875 15.919921875 15.919921875 15.919921875 15.919921875
15.08203125 15.08203125 15.08203125 15.08203125 15.08203125 15.08203125 15.08203125 15.08203125 15.08203125 15.08203125
13.6240234375 13.6240234375 13.6240234375 13.6240234375 13.6240234375 13.6240234375 13.6240234375 13.6240234375 13.6240234375 13.6240234375
14.7451171875 14.7451171875 14.7451171875 14.7451171875 14.7451171875 14.7451171875 14.7451171875 14.7451171875 14.7451171875 14.7451171875
15.8466796875 15.8466796875 15.8466796875 15.8466796875 15.8466796875 15.8466796875 15.8466796875 15.8466796875 15.8466796875 15.8466796875
14.796875 14.796875 14.796875 14.796875 14.796875 14.796875 14.796875 14.796875 14.796875 14.796875
13.7138671875 13.7138671875 13.7138671875 13.7138671875 13.7138671875 13.7138671875 13.7138671875 13.7138671875 13.7138671875 13.7138671875
14.8544921875 14.8544921875 14.8544921875 14.8544921875 14.8544921875 14.8544921875 14.8544921875 14.8544921875 14.8544921875 14.8544921875
15.9560546875 15.9560546875 15.9560546875 15.9560546875 15.9560546875 15.9560546875 15.9560546875 15.9560546875 15.9560546875 15.9560546875
14.7529296875 14.7529296875 14.7529296875 14.7529296875 14.7529296875 14.7529296875 14.7529296875 14.7529296875 14.7529296875 14.7529296875
13.9921875 13.9921875 13.9921875 13.9921875 13.9921875 13.9921875 13.9921875 13.9921875 13.9921875 13.9921875
14.86328125 14.86328125 14.86328125 14.86328125 14.86328125 14.86328125 14.86328125 14.86328125 14.86328125 14.86328125
15.7646484375 15.7646484375 15.7646484375 15.7646484375 15.7646484375 15.7646484375 15.7646484375 15.7646484375 15.7646484375 15.7646484375
15.1689453125 15.1689453125 15.1689453125 15.1689453125 15.1689453125 15.1689453125 15.1689453125 15.1689453125 15.1689453125 15.1689453125
13.962890625 13.962890625 13.962890625 13.962890625 13.962890625 13.962890625 13.962890625 13.962890625 13.962890625 13.962890625
15.025390625 15.025390625 15.025390625 15.025390625 15.025390625 15.025390625 15.025390625 15.025390625 15.025390625 15.025390625
16.087890625 16.087890625 16.087890625 16.087890625 16.087890625 16.087890625 16.087890625 16.087890625 16.087890625 16.087890625
15.15625 15.15625 15.15625 15.15625 15.15625 15.15625 15.15625 15.15625 15.15625 15.15625
13.3388671875 13.3388671875 13.3388671875 13.3388671875 13.3388671875 13.3388671875 13.3388671875 13.3388671875 13.3388671875 13.3388671875
14.52734375 14.52734375 14.52734375 14.52734375 14.52734375 14.52734375 14.52734375 14.52734375 14.52734375 14.52734375
15.4287109375 15.4287109375 15.4287109375 15.4287109375 15.4287109375 15.4287109375 15.4287109375 15.4287109375 15.4287109375 15.4287109375
14.796875 14.796875 14.796875 14.796875 14.796875 14.796875 14.796875 14.796875 14.796875 14.796875
15.6591796875 15.6591796875 15.6591796875 15.6591796875 15.6591796875 15.6591796875 15.6591796875 15.6591796875 15.6591796875 15.6591796875
15.0341796875 15.0341796875 15.0341796875 15.0341796875 15.0341796875 15.0341796875 15.0341796875 15.0341796875 15.0341796875 15.0341796875
16.1357421875 16.1357421875 16.1357421875 16.1357421875 16.1357421875 16.1357421875 16.1357421875 16.1357421875 16.1357421875 16.1357421875
17.2373046875 17.2373046875 17.2373046875 17.2373046875 17.2373046875 17.2373046875 17.2373046875 17.2373046875 17.2373046875 17.2373046875
15.66796875 15.66796875 15.66796875 15.66796875 15.66796875 15.66796875 15.66796875 15.66796875 15.66796875 15.66796875
13.6630859375 13.6630859375 13.6630859375 13.6630859375 13.6630859375 13.6630859375 13.6630859375 13.6630859375 13.6630859375 13.6630859375
14.7841796875 14.7841796875 14.7841796875 14.7841796875 14.7841796875 14.7841796875 14.7841796875 14.7841796875 14.7841796875 14.7841796875
15.8857421875 15.8857421875 15.8857421875 15.8857421875 15.8857421875 15.8857421875 15.8857421875 15.8857421875 15.8857421875 15.8857421875
15.0693359375 15.0693359375 15.0693359375 15.0693359375 15.0693359375 15.0693359375 15.0693359375 15.0693359375 15.0693359375 15.0693359375
13.9921875 13.9921875 13.9921875 13.9921875 13.9921875 13.9921875 13.9921875 13.9921875 13.9921875 13.9921875
14.86328125 14.86328125 14.86328125 14.86328125 14.86328125 14.86328125 14.86328125 14.86328125 14.86328125 14.86328125
15.7646484375 15.7646484375 15.7646484375 15.7646484375 15.7646484375 15.7646484375 15.7646484375 15.7646484375 15.7646484375 15.7646484375
14.8701171875 14.8701171875 14.8701171875 14.8701171875 14.8701171875 14.8701171875 14.8701171875 14.8701171875 14.8701171875 14.8701171875
13.962890625 13.962890625 13.962890625 13.962890625 13.962890625 13.962890625 13.962890625 13.962890625 13.962890625 13.962890625
15.025390625 15.025390625 15.025390625 15.025390625 15.025390625 15.025390625 15.025390625 15.025390625 15.025390625 15.025390625
16.087890625 16.087890625 16.087890625 16.087890625 16.087890625 16.087890625 16.087890625 16.087890625 16.087890625 16.087890625
15.486328125 15.486328125 15.486328125 15.486328125 15.486328125 15.486328125 15.486328125 15.486328125 15.486328125 15.486328125
13.794921875 13.794921875 13.794921875 13.794921875 13.794921875 13.794921875 13.794921875 13.794921875 13.794921875 13.794921875
14.857421875 14.857421875 14.857421875 14.857421875 14.857421875 14.857421875 14.857421875 14.857421875 14.857421875 14.857421875
15.919921875 15.919921875 15.919921875 15.919921875 15.919921875 15.919921875 15.919921875 15.919921875 15.919921875 15.919921875
15.08203125 15.08203125 15.08203125 15.08203125 15.08203125 15.08203125 15.08203125 15.08203125 15.08203125 15.08203125
13.6240234375 13.6240234375 13.6240234375 13.6240234375 13.6240234375 13.6240234375 13.6240234375 13.6240234375 13.6240234375 13.6240234375
14.7451171875 14.7451171875 14.7451171875 14.7451171875 14.7451171875 14.7451171875 14.7451171875 14.7451171875 14.7451171875 14.7451171875
15.8466796875 15.8466796875 15.8466796875 15.8466796875 15.8466796875 15.8466796875 15.8466796875 15.8466796875 15.8466796875 15.8466796875
14.796875 14.796875 14.796875 14.796875 14.796875 14.796875 14.796875 14.796875 14.796875 14.796875
13.7138671875 13.7138671875 13.7138671875 13.7138671875 13.7138671875 13.7138671875 13.7138671875 13.7138671875 13.7138671875 13.7138671875
14.8544921875 14.8544921875 14.8544921875 14.8544921875 14.8544921875 14.8544921875 14.8544921875 14.8544921875 14.8544921875 14.8544921875
15.9560546875 15.9560546875 15.9560546875 15.9560546875 15.9560546875 15.9560546875 15.9560546875 15.9560546875 15.9560546875 15.9560546875
14.7529296875 14.7529296875 14.7529296875 14.7529296875 14.7529296875 14.7529296875 14.7529296875 14.7529296875 14.7529296875 14.7529296875
13.9921875 13.9921875 13.9921875 13.9921875 13.9921875 13.9921875 13.9921875 13.9921875 13.9921875 13.9921875
14.86328125 14.86328125 14.86328125 14.86328125 14.86328125 14.86328125 14.86328125 14.86328125 14.86328125 14.86328125
15.7646484375 15.7646484375 15.7646484375 15.7646484375 15.7646484375 15.7646484375 15.7646484375 15.7646484375 15.7646484375 15.7646484375
15.1689453125 15.1689453125 15.1689453125 15.1689453125 15.1689453125 15.1689453125 15.1689453125 15.1689453125 15.1689453125 15.1689453125
13.962890625 13.962890625 13.962890625 13.962890625 13.962890625 13.962890625 13.962890625 13.962890625 13.962890625 13.962890625
15.025390625 15.025390625 15.025390625 15.025390625 15.025390625 15.025390625 15.025390625 15.025390625 15.025390625 15.025390625
16.087890625 16.087890625 16.087890625 16.087890625 16.087890625 16.087890625 16.087890625 16.087890625 16.087890625 16.087890625
15.15625 15.15625 15.15625 15.15625 15.15625 15.15625 15.15625 15.15625 15.15625 15.15625
13.3388671875 13.3388671875 13.3388671875 13.3388671875 13.3388671875 13.3388671875 13.3388671875 13.3388671875 13.3388671875 13.3388671875
14.52734375 14.52734375 14.52734375 14.52734375 14.52734375 14.52734375 14.52734375 14.52734375 14.52734375 14.52734375
15.4287109375 15.4287109375 15.4287109375 15.4287109375 15.4287109375 15.4287109375 15.4287109375 15.4287109375 15.4287109375 15.4287109375
