11.568359375 11.599609375 11.599609375 11.623046875 11.623046875 11.623046875 11.654296875 11.654296875 11.654296875 11.654296875
12.73046875 12.73046875 12.73046875 12.73046875 12.73046875 12.73046875 12.73046875 12.73046875 12.73046875 12.73046875
12.83984375 12.83984375 12.83984375 12.83984375 12.83984375 12.83984375 12.83984375 12.83984375 12.83984375 12.83984375
12.83984375 12.83984375 12.83984375 12.83984375 12.83984375 12.83984375 12.83984375 12.83984375 12.83984375 12.83984375
12.83984375 12.83984375 12.83984375 12.83984375 12.83984375 12.83984375 12.83984375 12.83984375 12.83984375 12.83984375
13.28125 13.28125 13.28125 13.28125 13.28125 13.28125 13.28125 13.28125 13.28125 13.28125
13.2109375 13.2109375 13.2109375 13.2109375 13.2109375 13.2109375 13.2109375 13.2109375 13.2109375 13.2109375
12.90234375 12.90234375 12.90234375 12.90234375 12.90234375 12.90234375 12.90234375 12.90234375 12.90234375 12.90234375
12.6435546875 12.6435546875 12.6435546875 12.6435546875 12.6435546875 12.6435546875 12.6435546875 12.6435546875 12.6435546875 12.6435546875
13.3037109375 13.3037109375 13.3037109375 13.3037109375 13.3037109375 13.3037109375 13.3037109375 13.3037109375 13.3037109375 13.3037109375
12.4638671875 12.4638671875 12.4638671875 12.4638671875 12.4638671875 12.4638671875 12.4638671875 12.4638671875 12.4638671875 12.4638671875
13.068359375 13.068359375 13.068359375 13.068359375 13.068359375 13.068359375 13.068359375 13.068359375 13.068359375 13.068359375
12.701171875 12.701171875 12.701171875 12.701171875 12.701171875 12.701171875 12.701171875 12.701171875 12.701171875 12.701171875
13.279296875 13.279296875 13.279296875 13.279296875 13.279296875 13.279296875 13.279296875 13.279296875 13.279296875 13.279296875
12.5419921875 12.5419921875 12.5419921875 12.5419921875 12.5419921875 12.5419921875 12.5419921875 12.5419921875 12.5419921875 12.5419921875
12.4638671875 12.4638671875 12.4638671875 12.4638671875 12.4638671875 12.4638671875 12.4638671875 12.4638671875 12.4638671875 12.4638671875
12.8779296875 12.8779296875 12.8779296875 12.8779296875 12.8779296875 12.8779296875 12.8779296875 12.8779296875 12.8779296875 12.8779296875
12.8779296875 12.8779296875 12.8779296875 12.8779296875 12.8779296875 12.8779296875 12.8779296875 12.8779296875 12.8779296875 12.8779296875
13.5009765625 13.5009765625 13.5009765625 13.5009765625 13.5009765625 13.5009765625 13.5009765625 13.5009765625 13.5009765625 13.5009765625
13.33203125 13.33203125 13.33203125 13.33203125 13.33203125 13.33203125 13.33203125 13.33203125 13.33203125 13.33203125
12.9921875 12.9921875 12.9921875 12.9921875 12.9921875 12.9921875 12.9921875 12.9921875 12.9921875 12.9921875
12.80078125 12.80078125 12.80078125 12.80078125 12.80078125 12.80078125 12.80078125 12.80078125 12.80078125 12.80078125
12.7998046875 12.7998046875 12.7998046875 12.7998046875 12.7998046875 12.7998046875 12.7998046875 12.7998046875 12.7998046875 12.7998046875
13.017578125 13.017578125 13.017578125 13.017578125 13.017578125 13.017578125 13.017578125 13.017578125 13.017578125 13.017578125
12.8388671875 12.8388671875 12.8388671875 12.8388671875 12.8388671875 12.8388671875 12.8388671875 12.8388671875 12.8388671875 12.8388671875
12.7021484375 12.7021484375 12.7021484375 12.7021484375 12.7021484375 12.7021484375 12.7021484375 12.7021484375 12.7021484375 12.7021484375
12.59765625 12.59765625 12.59765625 12.59765625 12.59765625 12.59765625 12.59765625 12.59765625 12.59765625 12.59765625
12.953125 12.953125 12.953125 12.953125 12.953125 12.953125 12.953125 12.953125 12.953125 12.953125
12.9775390625 12.9775390625 12.9775390625 12.9775390625 12.9775390625 12.9775390625 12.9775390625 12.9775390625 12.9775390625 12.9775390625
12.91796875 12.91796875 12.91796875 12.91796875 12.91796875 12.91796875 12.91796875 12.91796875 12.91796875 12.91796875
12.83984375 12.83984375 12.83984375 12.83984375 12.83984375 12.83984375 12.83984375 12.83984375 12.83984375 12.83984375
12.83984375 12.83984375 12.83984375 12.83984375 12.83984375 12.83984375 12.83984375 12.83984375 12.83984375 12.83984375
12.83984375 12.83984375 12.83984375 12.83984375 12.83984375 12.83984375 12.83984375 12.83984375 12.83984375 12.83984375
13.28125 13.28125 13.28125 13.28125 13.28125 13.28125 13.28125 13.28125 13.28125 13.28125
13.2109375 13.2109375 13.2109375 13.2109375 13.2109375 13.2109375 13.2109375 13.2109375 13.2109375 13.2109375
12.90234375 12.90234375 12.90234375 12.90234375 12.90234375 12.90234375 12.90234375 12.90234375 12.90234375 12.90234375
12.6435546875 12.6435546875 12.6435546875 12.6435546875 12.6435546875 12.6435546875 12.6435546875 12.6435546875 12.6435546875 12.6435546875
13.3037109375 13.3037109375 13.3037109375 13.3037109375 13.3037109375 13.3037109375 13.3037109375 13.3037109375 13.3037109375 13.3037109375
12.4638671875 12.4638671875 12.4638671875 12.4638671875 12.4638671875 12.4638671875 12.4638671875 12.4638671875 12.4638671875 12.4638671875
13.068359375 13.068359375 13.068359375 13.068359375 13.068359375 13.068359375 13.068359375 13.068359375 13.068359375 13.068359375
12.701171875 12.701171875 12.701171875 12.701171875 12.701171875 12.701171875 12.701171875 12.701171875 12.701171875 12.701171875
13.279296875 13.279296875 13.279296875 13.279296875 13.279296875 13.279296875 13.279296875 13.279296875 13.279296875 13.279296875
12.5419921875 12.5419921875 12.5419921875 12.5419921875 12.5419921875 12.5419921875 12.5419921875 12.5419921875 12.5419921875 12.5419921875
12.4638671875 12.4638671875 12.4638671875 12.4638671875 12.4638671875 12.4638671875 12.4638671875 12.4638671875 12.4638671875 12.4638671875
12.8779296875 12.8779296875 12.8779296875 12.8779296875 12.8779296875 12.8779296875 12.8779296875 12.8779296875 12.8779296875 12.8779296875
12.8779296875 12.8779296875 12.8779296875 12.8779296875 12.8779296875 12.8779296875 12.8779296875 12.8779296875 12.8779296875 12.8779296875
13.5009765625 13.5009765625 13.5009765625 13.5009765625 13.5009765625 13.5009765625 13.5009765625 13.5009765625 13.5009765625 13.5009765625
13.33203125 13.33203125 13.33203125 13.33203125 13.33203125 13.33203125 13.33203125 13.33203125 13.33203125 13.33203125
12.9921875 12.9921875 12.9921875 12.9921875 12.9921875 12.9921875 12.9921875 12.9921875 12.9921875 12.9921875
12.80078125 12.80078125 12.80078125 12.80078125 12.80078125 12.80078125 12.80078125 12.80078125 12.80078125 12.80078125
12.7998046875 12.7998046875 12.7998046875 12.7998046875 12.7998046875 12.7998046875 12.7998046875 12.7998046875 12.7998046875 12.7998046875
13.017578125 13.017578125 13.017578125 13.017578125 13.017578125 13.017578125 13.017578125 13.017578125 13.017578125 13.017578125
12.8388671875 12.8388671875 12.8388671875 12.8388671875 12.8388671875 12.8388671875 12.8388671875 12.8388671875 12.8388671875 12.8388671875
12.7021484375 12.7021484375 12.7021484375 12.7021484375 12.7021484375 12.7021484375 12.7021484375 12.7021484375 12.7021484375 12.7021484375
12.59765625 12.59765625 12.59765625 12.59765625 12.59765625 12.59765625 12.59765625 12.59765625 12.59765625 12.59765625
12.953125 12.953125 12.953125 12.953125 12.953125 12.953125 12.953125 12.953125 12.953125 12.953125
12.9775390625 12.9775390625 12.9775390625 12.9775390625 12.9775390625 12.9775390625 12.9775390625 12.9775390625 12.9775390625 12.9775390625
12.91796875 12.91796875 12.91796875 12.91796875 12.91796875 12.91796875 12.91796875 12.91796875 12.91796875 12.91796875
12.83984375 12.83984375 12.83984375 12.83984375 12.83984375 12.83984375 12.83984375 12.83984375 12.83984375 12.83984375
12.83984375 12.83984375 12.83984375 12.83984375 12.83984375 12.83984375 12.83984375 12.83984375 12.83984375 12.83984375
12.83984375 12.83984375 12.83984375 12.83984375 12.83984375 12.83984375 12.83984375 12.83984375 12.83984375 12.83984375
13.28125 13.28125 13.28125 13.28125 13.28125 13.28125 13.28125 13.28125 13.28125 13.28125
13.2109375 13.2109375 13.2109375 13.2109375 13.2109375 13.2109375 13.2109375 13.2109375 13.2109375 13.2109375
12.90234375 12.90234375 12.90234375 12.90234375 12.90234375 12.90234375 12.90234375 12.90234375 12.90234375 12.90234375
12.6435546875 12.6435546875 12.6435546875 12.6435546875 12.6435546875 12.6435546875 12.6435546875 12.6435546875 12.6435546875 12.6435546875
13.3037109375 13.3037109375 13.3037109375 13.3037109375 13.3037109375 13.3037109375 13.3037109375 13.3037109375 13.3037109375 13.3037109375
12.4638671875 12.4638671875 12.4638671875 12.4638671875 12.4638671875 12.4638671875 12.4638671875 12.4638671875 12.4638671875 12.4638671875
13.068359375 13.068359375 13.068359375 13.068359375 13.068359375 13.068359375 13.068359375 13.068359375 13.068359375 13.068359375
12.701171875 12.701171875 12.701171875 12.701171875 12.701171875 12.701171875 12.701171875 12.701171875 12.701171875 12.701171875
13.279296875 13.279296875 13.279296875 13.279296875 13.279296875 13.279296875 13.279296875 13.279296875 13.279296875 13.279296875
12.5419921875 12.5419921875 12.5419921875 12.5419921875 12.5419921875 12.5419921875 12.5419921875 12.5419921875 12.5419921875 12.5419921875
12.4638671875 12.4638671875 12.4638671875 12.4638671875 12.4638671875 12.4638671875 12.4638671875 12.4638671875 12.4638671875 12.4638671875
12.8779296875 12.8779296875 12.8779296875 12.8779296875 12.8779296875 12.8779296875 12.8779296875 12.8779296875 12.8779296875 12.8779296875
12.8779296875 12.8779296875 12.8779296875 12.8779296875 12.8779296875 12.8779296875 12.8779296875 12.8779296875 12.8779296875 12.8779296875
13.5009765625 13.5009765625 13.5009765625 13.5009765625 13.5009765625 13.5009765625 13.5009765625 13.5009765625 13.5009765625 13.5009765625
13.33203125 13.33203125 13.33203125 13.33203125 13.33203125 13.33203125 13.33203125 13.33203125 13.33203125 13.33203125
12.9921875 12.9921875 12.9921875 12.9921875 12.9921875 12.9921875 12.9921875 12.9921875 12.9921875 12.9921875
12.80078125 12.80078125 12.80078125 12.80078125 12.80078125 12.80078125 12.80078125 12.80078125 12.80078125 12.80078125
12.7998046875 12.7998046875 12.7998046875 12.7998046875 12.7998046875 12.7998046875 12.7998046875 12.7998046875 12.7998046875 12.7998046875
13.017578125 13.017578125 13.017578125 13.017578125 13.017578125 13.017578125 13.017578125 13.017578125 13.017578125 13.017578125
12.8388671875 12.8388671875 12.8388671875 12.8388671875 12.8388671875 12.8388671875 12.8388671875 12.8388671875 12.8388671875 12.8388671875
12.7021484375 12.7021484375 12.7021484375 12.7021484375 12.7021484375 12.7021484375 12.7021484375 12.7021484375 12.7021484375 12.7021484375
12.59765625 12.59765625 12.59765625 12.59765625 12.59765625 12.59765625 12.59765625 12.59765625 12.59765625 12.59765625
12.953125 12.953125 12.953125 12.953125 12.953125 12.953125 12.953125 12.953125 12.953125 12.953125
12.9775390625 12.9775390625 12.9775390625 12.9775390625 12.9775390625 12.9775390625 12.9775390625 12.9775390625 12.9775390625 12.9775390625
12.91796875 12.91796875 12.91796875 12.91796875 12.91796875 12.91796875 12.91796875 12.91796875 12.91796875 12.91796875
12.83984375 12.83984375 12.83984375 12.83984375 12.83984375 12.83984375 12.83984375 12.83984375 12.83984375 12.83984375
12.83984375 12.83984375 12.83984375 12.83984375 12.83984375 12.83984375 12.83984375 12.83984375 12.83984375 12.83984375
12.83984375 12.83984375 12.83984375 12.83984375 12.83984375 12.83984375 12.83984375 12.83984375 12.83984375 12.83984375
13.28125 13.28125 13.28125 13.28125 13.28125 13.28125 13.28125 13.28125 13.28125 13.28125
13.2109375 13.2109375 13.2109375 13.2109375 13.2109375 13.2109375 13.2109375 13.2109375 13.2109375 13.2109375
12.90234375 12.90234375 12.90234375 12.90234375 12.90234375 12.90234375 12.90234375 12.90234375 12.90234375 12.90234375
12.6435546875 12.6435546875 12.6435546875 12.6435546875 12.6435546875 12.6435546875 12.6435546875 12.6435546875 12.6435546875 12.6435546875
13.3037109375 13.3037109375 13.3037109375 13.3037109375 13.3037109375 13.3037109375 13.3037109375 13.3037109375 13.3037109375 13.3037109375
12.4638671875 12.4638671875 12.4638671875 12.4638671875 12.4638671875 12.4638671875 12.4638671875 12.4638671875 12.4638671875 12.4638671875
13.068359375 13.068359375 13.068359375 13.068359375 13.068359375 13.068359375 13.068359375 13.068359375 13.068359375 13.068359375
12.701171875 12.701171875 12.701171875 12.701171875 12.701171875 12.701171875 12.701171875 12.701171875 12.701171875 12.701171875
13.279296875 13.279296875 13.279296875 13.279296875 13.279296875 13.279296875 13.279296875 13.279296875 13.279296875 13.279296875
12.5419921875 12.5419921875 12.5419921875 12.5419921875 12.5419921875 12.5419921875 12.5419921875 12.5419921875 12.5419921875 12.5419921875
12.4638671875 12.4638671875 12.4638671875 12.4638671875 12.4638671875 12.4638671875 12.4638671875 12.4638671875 12.4638671875 12.4638671875
12.8779296875 12.8779296875 12.8779296875 12.8779296875 12.8779296875 12.8779296875 12.8779296875 12.8779296875 12.8779296875 12.8779296875
12.8779296875 12.8779296875 12.8779296875 12.8779296875 12.8779296875 12.8779296875 12.8779296875 12.8779296875 12.8779296875 12.8779296875
13.5009765625 13.5009765625 13.5009765625 13.5009765625 13.5009765625 13.5009765625 13.5009765625 13.5009765625 13.5009765625 13.5009765625
13.33203125 13.33203125 13.33203125 13.33203125 13.33203125 13.33203125 13.33203125 13.33203125 13.33203125 13.33203125
12.9921875 12.9921875 12.9921875 12.9921875 12.9921875 12.9921875 12.9921875 12.9921875 12.9921875 12.9921875
12.80078125 12.80078125 12.80078125 12.80078125 12.80078125 12.80078125 12.80078125 12.80078125 12.80078125 12.80078125
12.7998046875 12.7998046875 12.7998046875 12.7998046875 12.7998046875 12.7998046875 12.7998046875 12.7998046875 12.7998046875 12.7998046875
13.017578125 13.017578125 13.017578125 13.017578125 13.017578125 13.017578125 13.017578125 13.017578125 13.017578125 13.017578125
12.8388671875 12.8388671875 12.8388671875 12.8388671875 12.8388671875 12.8388671875 12.8388671875 12.8388671875 12.8388671875 12.8388671875
12.7021484375 12.7021484375 12.7021484375 12.7021484375 12.7021484375 12.7021484375 12.7021484375 12.7021484375 12.7021484375 12.7021484375
12.59765625 12.59765625 12.59765625 12.59765625 12.59765625 12.59765625 12.59765625 12.59765625 12.59765625 12.59765625
12.953125 12.953125 12.953125 12.953125 12.953125 12.953125 12.953125 12.953125 12.953125 12.953125
12.9775390625 12.9775390625 12.9775390625 12.9775390625 12.9775390625 12.9775390625 12.9775390625 12.9775390625 12.9775390625 12.9775390625
12.91796875 12.91796875 12.91796875 12.91796875 12.91796875 12.91796875 12.91796875 12.91796875 12.91796875 12.91796875
12.83984375 12.83984375 12.83984375 12.83984375 12.83984375 12.83984375 12.83984375 12.83984375 12.83984375 12.83984375
12.83984375 12.83984375 12.83984375 12.83984375 12.83984375 12.83984375 12.83984375 12.83984375 12.83984375 12.83984375
12.83984375 12.83984375 12.83984375 12.83984375 12.83984375 12.83984375 12.83984375 12.83984375 12.83984375 12.83984375
13.28125 13.28125 13.28125 13.28125 13.28125 13.28125 13.28125 13.28125 13.28125 13.28125
13.2109375 13.2109375 13.2109375 13.2109375 13.2109375 13.2109375 13.2109375 13.2109375 13.2109375 13.2109375
12.90234375 12.90234375 12.90234375 12.90234375 12.90234375 12.90234375 12.90234375 12.90234375 12.90234375 12.90234375
12.6435546875 12.6435546875 12.6435546875 12.6435546875 12.6435546875 12.6435546875 12.6435546875 12.6435546875 12.6435546875 12.6435546875
13.3037109375 13.3037109375 13.3037109375 13.3037109375 13.3037109375 13.3037109375 13.3037109375 13.3037109375 13.3037109375 13.3037109375
12.4638671875 12.4638671875 12.4638671875 12.4638671875 12.4638671875 12.4638671875 12.4638671875 12.4638671875 12.4638671875 12.4638671875
13.068359375 13.068359375 13.068359375 13.068359375 13.068359375 13.068359375 13.068359375 13.068359375 13.068359375 13.068359375
12.701171875 12.701171875 12.701171875 12.701171875 12.701171875 12.701171875 12.701171875 12.701171875 12.701171875 12.701171875
13.279296875 13.279296875 13.279296875 13.279296875 13.279296875 13.279296875 13.279296875 13.279296875 13.279296875 13.279296875
12.5419921875 12.5419921875 12.5419921875 12.5419921875 12.5419921875 12.5419921875 12.5419921875 12.5419921875 12.5419921875 12.5419921875
12.4638671875 12.4638671875 12.4638671875 12.4638671875 12.4638671875 12.4638671875 12.4638671875 12.4638671875 12.4638671875 12.4638671875
12.8779296875 12.8779296875 12.8779296875 12.8779296875 12.8779296875 12.8779296875 12.8779296875 12.8779296875 12.8779296875 12.8779296875
12.8779296875 12.8779296875 12.8779296875 12.8779296875 12.8779296875 12.8779296875 12.8779296875 12.8779296875 12.8779296875 12.8779296875
13.5009765625 13.5009765625 13.5009765625 13.5009765625 13.5009765625 13.5009765625 13.5009765625 13.5009765625 13.5009765625 13.5009765625
13.33203125 13.33203125 13.33203125 13.33203125 13.33203125 13.33203125 13.33203125 13.33203125 13.33203125 13.33203125
12.9921875 12.9921875 12.9921875 12.9921875 12.9921875 12.9921875 12.9921875 12.9921875 12.9921875 12.9921875
12.80078125 12.80078125 12.80078125 12.80078125 12.80078125 12.80078125 12.80078125 12.80078125 12.80078125 12.80078125
12.7998046875 12.7998046875 12.7998046875 12.7998046875 12.7998046875 12.7998046875 12.7998046875 12.7998046875 12.7998046875 12.7998046875
13.017578125 13.017578125 13.017578125 13.017578125 13.017578125 13.017578125 13.017578125 13.017578125 13.017578125 13.017578125
12.8388671875 12.8388671875 12.8388671875 12.8388671875 12.8388671875 12.8388671875 12.8388671875 12.8388671875 12.8388671875 12.8388671875
12.7021484375 12.7021484375 12.7021484375 12.7021484375 12.7021484375 12.7021484375 12.7021484375 12.7021484375 12.7021484375 12.7021484375
12.59765625 12.59765625 12.59765625 12.59765625 12.59765625 12.59765625 12.59765625 12.59765625 12.59765625 12.59765625
12.953125 12.953125 12.953125 12.953125 12.953125 12.953125 12.953125 12.953125 12.953125 12.953125
12.9775390625 12.9775390625 12.9775390625 12.9775390625 12.9775390625 12.9775390625 12.9775390625 12.9775390625 12.9775390625 12.9775390625
12.91796875 12.91796875 12.91796875 12.91796875 12.91796875 12.91796875 12.91796875 12.91796875 12.91796875 12.91796875
12.83984375 12.83984375 12.83984375 12.83984375 12.83984375 12.83984375 12.83984375 12.83984375 12.83984375 12.83984375
12.83984375 12.83984375 12.83984375 12.83984375 12.83984375 12.83984375 12.83984375 12.83984375 12.83984375 12.83984375
12.83984375 12.83984375 12.83984375 12.83984375 12.83984375 12.83984375 12.83984375 12.83984375 12.83984375 12.83984375
13.28125 13.28125 13.28125 13.28125 13.28125 13.28125 13.28125 13.28125 13.28125 13.28125
13.2109375 13.2109375 13.2109375 13.2109375 13.2109375 13.2109375 13.2109375 13.2109375 13.2109375 13.2109375
12.90234375 12.90234375 12.90234375 12.90234375 12.90234375 12.90234375 12.90234375 12.90234375 12.90234375 12.90234375
12.6435546875 12.6435546875 12.6435546875 12.6435546875 12.6435546875 12.6435546875 12.6435546875 12.6435546875 12.6435546875 12.6435546875
13.3037109375 13.3037109375 13.3037109375 13.3037109375 13.3037109375 13.3037109375 13.3037109375 13.3037109375 13.3037109375 13.3037109375
12.4638671875 12.4638671875 12.4638671875 12.4638671875 12.4638671875 12.4638671875 12.4638671875 12.4638671875 12.4638671875 12.4638671875
13.068359375 13.068359375 13.068359375 13.068359375 13.068359375 13.068359375 13.068359375 13.068359375 13.068359375 13.068359375
12.701171875 12.701171875 12.701171875 12.701171875 12.701171875 12.701171875 12.701171875 12.701171875 12.701171875 12.701171875
13.279296875 13.279296875 13.279296875 13.279296875 13.279296875 13.279296875 13.279296875 13.279296875 13.279296875 13.279296875
12.5419921875 12.5419921875 12.5419921875 12.5419921875 12.5419921875 12.5419921875 12.5419921875 12.5419921875 12.5419921875 12.5419921875
12.4638671875 12.4638671875 12.4638671875 12.4638671875 12.4638671875 12.4638671875 12.4638671875 12.4638671875 12.4638671875 12.4638671875
12.8779296875 12.8779296875 12.8779296875 12.8779296875 12.8779296875 12.8779296875 12.8779296875 12.8779296875 12.8779296875 12.8779296875
12.8779296875 12.8779296875 12.8779296875 12.8779296875 12.8779296875 12.8779296875 12.8779296875 12.8779296875 12.8779296875 12.8779296875
13.5009765625 13.5009765625 13.5009765625 13.5009765625 13.5009765625 13.5009765625 13.5009765625 13.5009765625 13.5009765625 13.5009765625
13.33203125 13.33203125 13.33203125 13.33203125 13.33203125 13.33203125 13.33203125 13.33203125 13.33203125 13.33203125
12.9921875 12.9921875 12.9921875 12.9921875 12.9921875 12.9921875 12.9921875 12.9921875 12.9921875 12.9921875
12.80078125 12.80078125 12.80078125 12.80078125 12.80078125 12.80078125 12.80078125 12.80078125 12.80078125 12.80078125
12.7998046875 12.7998046875 12.7998046875 12.7998046875 12.7998046875 12.7998046875 12.7998046875 12.7998046875 12.7998046875 12.7998046875
13.017578125 13.017578125 13.017578125 13.017578125 13.017578125 13.017578125 13.017578125 13.017578125 13.017578125 13.017578125
12.8388671875 12.8388671875 12.8388671875 12.8388671875 12.8388671875 12.8388671875 12.8388671875 12.8388671875 12.8388671875 12.8388671875
12.7021484375 12.7021484375 12.7021484375 12.7021484375 12.7021484375 12.7021484375 12.7021484375 12.7021484375 12.7021484375 12.7021484375
12.59765625 12.59765625 12.59765625 12.59765625 12.59765625 12.59765625 12.59765625 12.59765625 12.59765625 12.59765625
12.953125 12.953125 12.953125 12.953125 12.953125 12.953125 12.953125 12.953125 12.953125 12.953125
12.9775390625 12.9775390625 12.9775390625 12.9775390625 12.9775390625 12.9775390625 12.9775390625 12.9775390625 12.9775390625 12.9775390625
12.91796875 12.91796875 12.91796875 12.91796875 12.91796875 12.91796875 12.91796875 12.91796875 12.91796875 12.91796875
12.83984375 12.83984375 12.83984375 12.83984375 12.83984375 12.83984375 12.83984375 12.83984375 12.83984375 12.83984375
12.83984375 12.83984375 12.83984375 12.83984375 12.83984375 12.83984375 12.83984375 12.83984375 12.83984375 12.83984375
12.83984375 12.83984375 12.83984375 12.83984375 12.83984375 12.83984375 12.83984375 12.83984375 12.83984375 12.83984375
13.28125 13.28125 13.28125 13.28125 13.28125 13.28125 13.28125 13.28125 13.28125 13.28125
13.2109375 13.2109375 13.2109375 13.2109375 13.2109375 13.2109375 13.2109375 13.2109375 13.2109375 13.2109375
12.90234375 12.90234375 12.90234375 12.90234375 12.90234375 12.90234375 12.90234375 12.90234375 12.90234375 12.90234375
12.6435546875 12.6435546875 12.6435546875 12.6435546875 12.6435546875 12.6435546875 12.6435546875 12.6435546875 12.6435546875 12.6435546875
13.3037109375 13.3037109375 13.3037109375 13.3037109375 13.3037109375 13.3037109375 13.3037109375 13.3037109375 13.3037109375 13.3037109375
12.4638671875 12.4638671875 12.4638671875 12.4638671875 12.4638671875 12.4638671875 12.4638671875 12.4638671875 12.4638671875 12.4638671875
13.068359375 13.068359375 13.068359375 13.068359375 13.068359375 13.068359375 13.068359375 13.068359375 13.068359375 13.068359375
12.701171875 12.701171875 12.701171875 12.701171875 12.701171875 12.701171875 12.701171875 12.701171875 12.701171875 12.701171875
13.279296875 13.279296875 13.279296875 13.279296875 13.279296875 13.279296875 13.279296875 13.279296875 13.279296875 13.279296875
12.5419921875 12.5419921875 12.5419921875 12.5419921875 12.5419921875 12.5419921875 12.5419921875 12.5419921875 12.5419921875 12.5419921875
12.4638671875 12.4638671875 12.4638671875 12.4638671875 12.4638671875 12.4638671875 12.4638671875 12.4638671875 12.4638671875 12.4638671875
12.8779296875 12.8779296875 12.8779296875 12.8779296875 12.8779296875 12.8779296875 12.8779296875 12.8779296875 12.8779296875 12.8779296875
12.8779296875 12.8779296875 12.8779296875 12.8779296875 12.8779296875 12.8779296875 12.8779296875 12.8779296875 12.8779296875 12.8779296875
13.5009765625 13.5009765625 13.5009765625 13.5009765625 13.5009765625 13.5009765625 13.5009765625 13.5009765625 13.5009765625 13.5009765625
13.33203125 13.33203125 13.33203125 13.33203125 13.33203125 13.33203125 13.33203125 13.33203125 13.33203125 13.33203125
12.9921875 12.9921875 12.9921875 12.9921875 12.9921875 12.9921875 12.9921875 12.9921875 12.9921875 12.9921875
12.80078125 12.80078125 12.80078125 12.80078125 12.80078125 12.80078125 12.80078125 12.80078125 12.80078125 12.80078125
12.7998046875 12.7998046875 12.7998046875 12.7998046875 12.7998046875 12.7998046875 12.7998046875 12.7998046875 12.7998046875 12.7998046875
13.017578125 13.017578125 13.017578125 13.017578125 13.017578125 13.017578125 13.017578125 13.017578125 13.017578125 13.017578125
12.8388671875 12.8388671875 12.8388671875 12.8388671875 12.8388671875 12.8388671875 12.8388671875 12.8388671875 12.8388671875 12.8388671875
12.7021484375 12.7021484375 12.7021484375 12.7021484375 12.7021484375 12.7021484375 12.7021484375 12.7021484375 12.7021484375 12.7021484375
12.59765625 12.59765625 12.59765625 12.59765625 12.59765625 12.59765625 12.59765625 12.59765625 12.59765625 12.59765625
12.953125 12.953125 12.953125 12.953125 12.953125 12.953125 12.953125 12.953125 12.953125 12.953125
12.9775390625 12.9775390625 12.9775390625 12.9775390625 12.9775390625 12.9775390625 12.9775390625 12.9775390625 12.9775390625 12.9775390625
12.91796875 12.91796875 12.91796875 12.91796875 12.91796875 12.91796875 12.91796875 12.91796875 12.91796875 12.91796875
12.83984375 12.83984375 12.83984375 12.83984375 12.83984375 12.83984375 12.83984375 12.83984375 12.83984375 12.83984375
12.83984375 12.83984375 12.83984375 12.83984375 12.83984375 12.83984375 12.83984375 12.83984375 12.83984375 12.83984375
12.83984375 12.83984375 12.83984375 12.83984375 12.83984375 12.83984375 12.83984375 12.83984375 12.83984375 12.83984375
13.28125 13.28125 13.28125 13.28125 13.28125 13.28125 13.28125 13.28125 13.28125 13.28125
13.2109375 13.2109375 13.2109375 13.2109375 13.2109375 13.2109375 13.2109375 13.2109375 13.2109375 13.2109375
12.90234375 12.90234375 12.90234375 12.90234375 12.90234375 12.90234375 12.90234375 12.90234375 12.90234375 12.90234375
12.6435546875 12.6435546875 12.6435546875 12.6435546875 12.6435546875 12.6435546875 12.6435546875 12.6435546875 12.6435546875 12.6435546875
13.3037109375 13.3037109375 13.3037109375 13.3037109375 13.3037109375 13.3037109375 13.3037109375 13.3037109375 13.3037109375 13.3037109375
12.4638671875 12.4638671875 12.4638671875 12.4638671875 12.4638671875 12.4638671875 12.4638671875 12.4638671875 12.4638671875 12.4638671875
13.068359375 13.068359375 13.068359375 13.068359375 13.068359375 13.068359375 13.068359375 13.068359375 13.068359375 13.068359375
12.701171875 12.701171875 12.701171875 12.701171875 12.701171875 12.701171875 12.701171875 12.701171875 12.701171875 12.701171875
13.279296875 13.279296875 13.279296875 13.279296875 13.279296875 13.279296875 13.279296875 13.279296875 13.279296875 13.279296875
12.5419921875 12.5419921875 12.5419921875 12.5419921875 12.5419921875 12.5419921875 12.5419921875 12.5419921875 12.5419921875 12.5419921875
12.4638671875 12.4638671875 12.4638671875 12.4638671875 12.4638671875 12.4638671875 12.4638671875 12.4638671875 12.4638671875 12.4638671875
12.8779296875 12.8779296875 12.8779296875 12.8779296875 12.8779296875 12.8779296875 12.8779296875 12.8779296875 12.8779296875 12.8779296875
12.8779296875 12.8779296875 12.8779296875 12.8779296875 12.8779296875 12.8779296875 12.8779296875 12.8779296875 12.8779296875 12.8779296875
13.5009765625 13.5009765625 13.5009765625 13.5009765625 13.5009765625 13.5009765625 13.5009765625 13.5009765625 13.5009765625 13.5009765625
13.33203125 13.33203125 13.33203125 13.33203125 13.33203125 13.33203125 13.33203125 13.33203125 13.33203125 13.33203125
12.9921875 12.9921875 12.9921875 12.9921875 12.9921875 12.9921875 12.9921875 12.9921875 12.9921875 12.9921875
12.80078125 12.80078125 12.80078125 12.80078125 12.80078125 12.80078125 12.80078125 12.80078125 12.80078125 12.80078125
12.7998046875 12.7998046875 12.7998046875 12.7998046875 12.7998046875 12.7998046875 12.7998046875 12.7998046875 12.7998046875 12.7998046875
13.017578125 13.017578125 13.017578125 13.017578125 13.017578125 13.017578125 13.017578125 13.017578125 13.017578125 13.017578125
12.8388671875 12.8388671875 12.8388671875 12.8388671875 12.8388671875 12.8388671875 12.8388671875 12.8388671875 12.8388671875 12.8388671875
12.7021484375 12.7021484375 12.7021484375 12.7021484375 12.7021484375 12.7021484375 12.7021484375 12.7021484375 12.7021484375 12.7021484375
12.59765625 12.59765625 12.59765625 12.59765625 12.59765625 12.59765625 12.59765625 12.59765625 12.59765625 12.59765625
12.953125 12.953125 12.953125 12.953125 12.953125 12.953125 12.953125 12.953125 12.953125 12.953125
12.9775390625 12.9775390625 12.9775390625 12.9775390625 12.9775390625 12.9775390625 12.9775390625 12.9775390625 12.9775390625 12.9775390625
12.91796875 12.91796875 12.91796875 12.91796875 12.91796875 12.91796875 12.91796875 12.91796875 12.91796875 12.91796875
12.83984375 12.83984375 12.83984375 12.83984375 12.83984375 12.83984375 12.83984375 12.83984375 12.83984375 12.83984375
12.83984375 12.83984375 12.83984375 12.83984375 12.83984375 12.83984375 12.83984375 12.83984375 12.83984375 12.83984375
12.83984375 12.83984375 12.83984375 12.83984375 12.83984375 12.83984375 12.83984375 12.83984375 12.83984375 12.83984375
13.28125 13.28125 13.28125 13.28125 13.28125 13.28125 13.28125 13.28125 13.28125 13.28125
13.2109375 13.2109375 13.2109375 13.2109375 13.2109375 13.2109375 13.2109375 13.2109375 13.2109375 13.2109375
12.90234375 12.90234375 12.90234375 12.90234375 12.90234375 12.90234375 12.90234375 12.90234375 12.90234375 12.90234375
12.6435546875 12.6435546875 12.6435546875 12.6435546875 12.6435546875 12.6435546875 12.6435546875 12.6435546875 12.6435546875 12.6435546875
13.3037109375 13.3037109375 13.3037109375 13.3037109375 13.3037109375 13.3037109375 13.3037109375 13.3037109375 13.3037109375 13.3037109375
12.4638671875 12.4638671875 12.4638671875 12.4638671875 12.4638671875 12.4638671875 12.4638671875 12.4638671875 12.4638671875 12.4638671875
13.068359375 13.068359375 13.068359375 13.068359375 13.068359375 13.068359375 13.068359375 13.068359375 13.068359375 13.068359375
12.701171875 12.701171875 12.701171875 12.701171875 12.701171875 12.701171875 12.701171875 12.701171875 12.701171875 12.701171875
13.279296875 13.279296875 13.279296875 13.279296875 13.279296875 13.279296875 13.279296875 13.279296875 13.279296875 13.279296875
12.5419921875 12.5419921875 12.5419921875 12.5419921875 12.5419921875 12.5419921875 12.5419921875 12.5419921875 12.5419921875 12.5419921875
12.4638671875 12.4638671875 12.4638671875 12.4638671875 12.4638671875 12.4638671875 12.4638671875 12.4638671875 12.4638671875 12.4638671875
12.8779296875 12.8779296875 12.8779296875 12.8779296875 12.8779296875 12.8779296875 12.8779296875 12.8779296875 12.8779296875 12.8779296875
12.8779296875 12.8779296875 12.8779296875 12.8779296875 12.8779296875 12.8779296875 12.8779296875 12.8779296875 12.8779296875 12.8779296875
13.5009765625 13.5009765625 13.5009765625 13.5009765625 13.5009765625 13.5009765625 13.5009765625 13.5009765625 13.5009765625 13.5009765625
13.33203125 13.33203125 13.33203125 13.33203125 13.33203125 13.33203125 13.33203125 13.33203125 13.33203125 13.33203125
12.9921875 12.9921875 12.9921875 12.9921875 12.9921875 12.9921875 12.9921875 12.9921875 12.9921875 12.9921875
12.80078125 12.80078125 12.80078125 12.80078125 12.80078125 12.80078125 12.80078125 12.80078125 12.80078125 12.80078125
12.7998046875 12.7998046875 12.7998046875 12.7998046875 12.7998046875 12.7998046875 12.7998046875 12.7998046875 12.7998046875 12.7998046875
13.017578125 13.017578125 13.017578125 13.017578125 13.017578125 13.017578125 13.017578125 13.017578125 13.017578125 13.017578125
12.8388671875 12.8388671875 12.8388671875 12.8388671875 12.8388671875 12.8388671875 12.8388671875 12.8388671875 12.8388671875 12.8388671875
12.7021484375 12.7021484375 12.7021484375 12.7021484375 12.7021484375 12.7021484375 12.7021484375 12.7021484375 12.7021484375 12.7021484375
12.59765625 12.59765625 12.59765625 12.59765625 12.59765625 12.59765625 12.59765625 12.59765625 12.59765625 12.59765625
12.953125 12.953125 12.953125 12.953125 12.953125 12.953125 12.953125 12.953125 12.953125 12.953125
12.9775390625 12.9775390625 12.9775390625 12.9775390625 12.9775390625 12.9775390625 12.9775390625 12.9775390625 12.9775390625 12.9775390625
12.91796875 12.91796875 12.91796875 12.91796875 12.91796875 12.91796875 12.91796875 12.91796875 12.91796875 12.91796875
12.83984375 12.83984375 12.83984375 12.83984375 12.83984375 12.83984375 12.83984375 12.83984375 12.83984375 12.83984375
12.83984375 12.83984375 12.83984375 12.83984375 12.83984375 12.83984375 12.83984375 12.83984375 12.83984375 12.83984375
12.83984375 12.83984375 12.83984375 12.83984375 12.83984375 12.83984375 12.83984375 12.83984375 12.83984375 12.83984375
13.28125 13.28125 13.28125 13.28125 13.28125 13.28125 13.28125 13.28125 13.28125 13.28125
13.2109375 13.2109375 13.2109375 13.2109375 13.2109375 13.2109375 13.2109375 13.2109375 13.2109375 13.2109375
12.90234375 12.90234375 12.90234375 12.90234375 12.90234375 12.90234375 12.90234375 12.90234375 12.90234375 12.90234375
12.6435546875 12.6435546875 12.6435546875 12.6435546875 12.6435546875 12.6435546875 12.6435546875 12.6435546875 12.6435546875 12.6435546875
13.3037109375 13.3037109375 13.3037109375 13.3037109375 13.3037109375 13.3037109375 13.3037109375 13.3037109375 13.3037109375 13.3037109375
12.4638671875 12.4638671875 12.4638671875 12.4638671875 12.4638671875 12.4638671875 12.4638671875 12.4638671875 12.4638671875 12.4638671875
13.068359375 13.068359375 13.068359375 13.068359375 13.068359375 13.068359375 13.068359375 13.068359375 13.068359375 13.068359375
12.701171875 12.701171875 12.701171875 12.701171875 12.701171875 12.701171875 12.701171875 12.701171875 12.701171875 12.701171875
13.279296875 13.279296875 13.279296875 13.279296875 13.279296875 13.279296875 13.279296875 13.279296875 13.279296875 13.279296875
12.5419921875 12.5419921875 12.5419921875 12.5419921875 12.5419921875 12.5419921875 12.5419921875 12.5419921875 12.5419921875 12.5419921875
12.4638671875 12.4638671875 12.4638671875 12.4638671875 12.4638671875 12.4638671875 12.4638671875 12.4638671875 12.4638671875 12.4638671875
12.8779296875 12.8779296875 12.8779296875 12.8779296875 12.8779296875 12.8779296875 12.8779296875 12.8779296875 12.8779296875 12.8779296875
12.8779296875 12.8779296875 12.8779296875 12.8779296875 12.8779296875 12.8779296875 12.8779296875 12.8779296875 12.8779296875 12.8779296875
13.5009765625 13.5009765625 13.5009765625 13.5009765625 13.5009765625 13.5009765625 13.5009765625 13.5009765625 13.5009765625 13.5009765625
13.33203125 13.33203125 13.33203125 13.33203125 13.33203125 13.33203125 13.33203125 13.33203125 13.33203125 13.33203125
12.9921875 12.9921875 12.9921875 12.9921875 12.9921875 12.9921875 12.9921875 12.9921875 12.9921875 12.9921875
12.80078125 12.80078125 12.80078125 12.80078125 12.80078125 12.80078125 12.80078125 12.80078125 12.80078125 12.80078125
12.7998046875 12.7998046875 12.7998046875 12.7998046875 12.7998046875 12.7998046875 12.7998046875 12.7998046875 12.7998046875 12.7998046875
13.017578125 13.017578125 13.017578125 13.017578125 13.017578125 13.017578125 13.017578125 13.017578125 13.017578125 13.017578125
12.8388671875 12.8388671875 12.8388671875 12.8388671875 12.8388671875 12.8388671875 12.8388671875 12.8388671875 12.8388671875 12.8388671875
12.7021484375 12.7021484375 12.7021484375 12.7021484375 12.7021484375 12.7021484375 12.7021484375 12.7021484375 12.7021484375 12.7021484375
12.59765625 12.59765625 12.59765625 12.59765625 12.59765625 12.59765625 12.59765625 12.59765625 12.59765625 12.59765625
12.953125 12.953125 12.953125 12.953125 12.953125 12.953125 12.953125 12.953125 12.953125 12.953125
12.9775390625 12.9775390625 12.9775390625 12.9775390625 12.9775390625 12.9775390625 12.9775390625 12.9775390625 12.9775390625 12.9775390625
12.91796875 12.91796875 12.91796875 12.91796875 12.91796875 12.91796875 12.91796875 12.91796875 12.91796875 12.91796875
12.83984375 12.83984375 12.83984375 12.83984375 12.83984375 12.83984375 12.83984375 12.83984375 12.83984375 12.83984375
12.83984375 12.83984375 12.83984375 12.83984375 12.83984375 12.83984375 12.83984375 12.83984375 12.83984375 12.83984375
12.83984375 12.83984375 12.83984375 12.83984375 12.83984375 12.83984375 12.83984375 12.83984375 12.83984375 12.83984375
13.28125 13.28125 13.28125 13.28125 13.28125 13.28125 13.28125 13.28125 13.28125 13.28125
13.2109375 13.2109375 13.2109375 13.2109375 13.2109375 13.2109375 13.2109375 13.2109375 13.2109375 13.2109375
12.90234375 12.90234375 12.90234375 12.90234375 12.90234375 12.90234375 12.90234375 12.90234375 12.90234375 12.90234375
12.6435546875 12.6435546875 12.6435546875 12.6435546875 12.6435546875 12.6435546875 12.6435546875 12.6435546875 12.6435546875 12.6435546875
13.3037109375 13.3037109375 13.3037109375 13.3037109375 13.3037109375 13.3037109375 13.3037109375 13.3037109375 13.3037109375 13.3037109375
12.4638671875 12.4638671875 12.4638671875 12.4638671875 12.4638671875 12.4638671875 12.4638671875 12.4638671875 12.4638671875 12.4638671875
13.068359375 13.068359375 13.068359375 13.068359375 13.068359375 13.068359375 13.068359375 13.068359375 13.068359375 13.068359375
12.701171875 12.701171875 12.701171875 12.701171875 12.701171875 12.701171875 12.701171875 12.701171875 12.701171875 12.701171875
13.279296875 13.279296875 13.279296875 13.279296875 13.279296875 13.279296875 13.279296875 13.279296875 13.279296875 13.279296875
12.5419921875 12.5419921875 12.5419921875 12.5419921875 12.5419921875 12.5419921875 12.5419921875 12.5419921875 12.5419921875 12.5419921875
12.4638671875 12.4638671875 12.4638671875 12.4638671875 12.4638671875 12.4638671875 12.4638671875 12.4638671875 12.4638671875 12.4638671875
12.8779296875 12.8779296875 12.8779296875 12.8779296875 12.8779296875 12.8779296875 12.8779296875 12.8779296875 12.8779296875 12.8779296875
12.8779296875 12.8779296875 12.8779296875 12.8779296875 12.8779296875 12.8779296875 12.8779296875 12.8779296875 12.8779296875 12.8779296875
13.5009765625 13.5009765625 13.5009765625 13.5009765625 13.5009765625 13.5009765625 13.5009765625 13.5009765625 13.5009765625 13.5009765625
13.33203125 13.33203125 13.33203125 13.33203125 13.33203125 13.33203125 13.33203125 13.33203125 13.33203125 13.33203125
