36.8740234375 36.9990234375 36.9990234375 37.0224609375 37.0224609375 37.0224609375 37.0537109375 37.0537109375 37.0537109375
38.2265625 38.2265625 38.2265625 38.2265625 38.2265625 38.2265625 38.2265625 38.2265625
39.033203125 39.033203125 39.033203125 39.033203125 39.033203125 39.033203125 39.033203125 39.033203125
39.5380859375 40.03515625 40.03515625 40.03515625 40.03515625 40.03515625 40.03515625 40.03515625 40.03515625
40.17578125 40.6630859375 40.6630859375 40.6630859375 40.6630859375 40.6630859375 40.6630859375 40.6630859375 40.6630859375
41.1845703125 41.1845703125 41.1845703125 41.1845703125 41.1845703125 41.1845703125 41.1845703125 41.1845703125
39.154296875 39.7119140625 39.7119140625 39.7119140625 39.7119140625 39.7119140625 39.7119140625 39.7119140625 39.7119140625
40.2666015625 40.7958984375 40.7958984375 40.7958984375 40.7958984375 40.7958984375 40.7958984375 40.7958984375 40.7958984375
41.8720703125 41.8720703125 41.8720703125 41.8720703125 41.8720703125 41.8720703125 41.8720703125 41.8720703125 41.8720703125
42.91796875 42.91796875 42.91796875 42.91796875 42.91796875 42.91796875 42.91796875 42.91796875 42.91796875
43.19921875 43.19921875 43.19921875 43.19921875 43.19921875 43.19921875 43.19921875 43.19921875
39.6025390625 39.6025390625 39.6025390625 39.6025390625 39.6025390625 39.6025390625 39.6025390625 39.6025390625 39.6025390625
40.677734375 40.677734375 40.677734375 40.677734375 40.677734375 40.677734375 40.677734375 40.677734375 40.677734375
41.6962890625 41.6962890625 41.6962890625 41.6962890625 41.6962890625 41.6962890625 41.6962890625 41.6962890625
42.701171875 42.701171875 42.701171875 42.701171875 42.701171875 42.701171875 42.701171875 42.701171875 42.701171875
43.7197265625 43.7197265625 43.7197265625 43.7197265625 43.7197265625 43.7197265625 43.7197265625 43.7197265625 43.7197265625
43.6708984375 43.6708984375 43.6708984375 43.6708984375 43.6708984375 43.6708984375 43.6708984375 43.6708984375
39.705078125 39.705078125 39.705078125 39.705078125 39.705078125 39.705078125 39.705078125 39.705078125 39.705078125
40.728515625 40.728515625 40.728515625 40.728515625 40.728515625 40.728515625 40.728515625 40.728515625 40.728515625
41.7470703125 41.7470703125 41.7470703125 41.7470703125 41.7470703125 41.7470703125 41.7470703125 41.7470703125
42.751953125 42.751953125 42.751953125 42.751953125 42.751953125 42.751953125 42.751953125 42.751953125 42.751953125
43.044921875 43.044921875 43.044921875 43.044921875 43.044921875 43.044921875 43.044921875 43.044921875 43.044921875
39.5068359375 39.5068359375 39.5068359375 39.5068359375 39.5068359375 39.5068359375 39.5068359375 39.5068359375
40.51171875 40.51171875 40.51171875 40.51171875 40.51171875 40.51171875 40.51171875 40.51171875 40.51171875
41.5029296875 41.5029296875 41.5029296875 41.5029296875 41.5029296875 41.5029296875 41.5029296875 41.5029296875 41.5029296875
42.5576171875 42.5576171875 42.5576171875 42.5576171875 42.5576171875 42.5576171875 42.5576171875 42.5576171875
43.5625 43.5625 43.5625 43.5625 43.5625 43.5625 43.5625 43.5625 43.5625
42.212890625 42.212890625 42.212890625 42.212890625 42.212890625 42.212890625 42.212890625 42.212890625 42.212890625
39.107421875 39.107421875 39.107421875 39.107421875 39.107421875 39.107421875 39.107421875 39.107421875
39.6123046875 40.109375 40.109375 40.109375 40.109375 40.109375 40.109375 40.109375 40.109375 40.109375
41.1796875 41.1796875 41.1796875 41.1796875 41.1796875 41.1796875 41.1796875 41.1796875 41.1796875
42.14453125 42.14453125 42.14453125 42.14453125 42.14453125 42.14453125 42.14453125 42.14453125
43.1015625 43.1015625 43.1015625 43.1015625 43.1015625 43.1015625 43.1015625 43.1015625 43.1015625
43.1748046875 43.1748046875 43.1748046875 43.1748046875 43.1748046875 43.1748046875 43.1748046875 43.1748046875 43.1748046875
39.3740234375 39.3740234375 39.3740234375 39.3740234375 39.3740234375 39.3740234375 39.3740234375 39.3740234375
40.37890625 40.37890625 40.37890625 40.37890625 40.37890625 40.37890625 40.37890625 40.37890625 40.37890625
41.3701171875 41.3701171875 41.3701171875 41.3701171875 41.3701171875 41.3701171875 41.3701171875 41.3701171875 41.3701171875
42.416015625 42.416015625 42.416015625 42.416015625 42.416015625 42.416015625 42.416015625 42.416015625
43.3974609375 43.3974609375 43.3974609375 43.3974609375 43.3974609375 43.3974609375 43.3974609375 43.3974609375 43.3974609375
43.3388671875 43.3388671875 43.3388671875 43.3388671875 43.3388671875 43.3388671875 43.3388671875 43.3388671875 43.3388671875
39.8515625 39.8515625 39.8515625 39.8515625 39.8515625 39.8515625 39.8515625 39.8515625
40.658203125 40.658203125 40.658203125 40.658203125 40.658203125 40.658203125 40.658203125 40.658203125 40.658203125
41.6767578125 41.6767578125 41.6767578125 41.6767578125 41.6767578125 41.6767578125 41.6767578125 41.6767578125 41.6767578125
42.72265625 42.72265625 42.72265625 42.72265625 42.72265625 42.72265625 42.72265625 42.72265625
43.7001953125 43.7001953125 43.7001953125 43.7001953125 43.7001953125 43.7001953125 43.7001953125 43.7001953125 43.7001953125
43.576171875 43.576171875 43.576171875 43.576171875 43.576171875 43.576171875 43.576171875 43.576171875 43.576171875
39.8076171875 39.8076171875 39.8076171875 39.8076171875 39.8076171875 39.8076171875 39.8076171875 39.8076171875
40.8125 40.8125 40.8125 40.8125 40.8125 40.8125 40.8125 40.8125 40.8125
41.5849609375 41.5849609375 41.5849609375 41.5849609375 41.5849609375 41.5849609375 41.5849609375 41.5849609375 41.5849609375
42.6396484375 42.6396484375 42.6396484375 42.6396484375 42.6396484375 42.6396484375 42.6396484375 42.6396484375
43.3583984375 43.3583984375 43.3583984375 43.3583984375 43.3583984375 43.3583984375 43.3583984375 43.3583984375 43.3583984375
39.076171875 39.076171875 39.076171875 39.076171875 39.076171875 39.076171875 39.076171875 39.076171875 39.076171875
40.166015625 40.166015625 40.166015625 40.166015625 40.166015625 40.166015625 40.166015625 40.166015625
41.16796875 41.16796875 41.16796875 41.16796875 41.16796875 41.16796875 41.16796875 41.16796875 41.16796875
42.1591796875 42.1591796875 42.1591796875 42.1591796875 42.1591796875 42.1591796875 42.1591796875 42.1591796875 42.1591796875
43.2138671875 43.2138671875 43.2138671875 43.2138671875 43.2138671875 43.2138671875 43.2138671875 43.2138671875
43.185546875 43.185546875 43.185546875 43.185546875 43.185546875 43.185546875 43.185546875 43.185546875 43.185546875
39.091796875 39.091796875 39.091796875 39.091796875 39.091796875 39.091796875 39.091796875 39.091796875 39.091796875
40.1103515625 40.1103515625 40.1103515625 40.1103515625 40.1103515625 40.1103515625 40.1103515625 40.1103515625
41.115234375 41.115234375 41.115234375 41.115234375 41.115234375 41.115234375 41.115234375 41.115234375 41.115234375
42.1337890625 42.1337890625 42.1337890625 42.1337890625 42.1337890625 42.1337890625 42.1337890625 42.1337890625 42.1337890625
43.1884765625 43.1884765625 43.1884765625 43.1884765625 43.1884765625 43.1884765625 43.1884765625 43.1884765625
43.5712890625 43.5712890625 43.5712890625 43.5712890625 43.5712890625 43.5712890625 43.5712890625 43.5712890625 43.5712890625
39.49609375 39.49609375 39.49609375 39.49609375 39.49609375 39.49609375 39.49609375 39.49609375 39.49609375
40.4873046875 40.4873046875 40.4873046875 40.4873046875 40.4873046875 40.4873046875 40.4873046875 40.4873046875
41.4921875 41.4921875 41.4921875 41.4921875 41.4921875 41.4921875 41.4921875 41.4921875 41.4921875
42.4775390625 42.4775390625 42.4775390625 42.4775390625 42.4775390625 42.4775390625 42.4775390625 42.4775390625 42.4775390625
42.9931640625 42.9931640625 42.9931640625 42.9931640625 42.9931640625 42.9931640625 42.9931640625 42.9931640625
39.224609375 39.224609375 39.224609375 39.224609375 39.224609375 39.224609375 39.224609375 39.224609375 39.224609375
40.248046875 40.248046875 40.248046875 40.248046875 40.248046875 40.248046875 40.248046875 40.248046875 40.248046875
41.2666015625 41.2666015625 41.2666015625 41.2666015625 41.2666015625 41.2666015625 41.2666015625 41.2666015625
42.271484375 42.271484375 42.271484375 42.271484375 42.271484375 42.271484375 42.271484375 42.271484375 42.271484375
43.2900390625 43.2900390625 43.2900390625 43.2900390625 43.2900390625 43.2900390625 43.2900390625 43.2900390625 43.2900390625
43.2509765625 43.2509765625 43.2509765625 43.2509765625 43.2509765625 43.2509765625 43.2509765625 43.2509765625
39.41015625 39.41015625 39.41015625 39.41015625 39.41015625 39.41015625 39.41015625 39.41015625 39.41015625
40.4013671875 40.4013671875 40.4013671875 40.4013671875 40.4013671875 40.4013671875 40.4013671875 40.4013671875 40.4013671875
41.4609375 41.4609375 41.4609375 41.4609375 41.4609375 41.4609375 41.4609375 41.4609375
42.267578125 42.267578125 42.267578125 42.267578125 42.267578125 42.267578125 42.267578125 42.267578125 42.267578125
43.2861328125 43.2861328125 43.2861328125 43.2861328125 43.2861328125 43.2861328125 43.2861328125 43.2861328125 43.2861328125
43.3388671875 43.3388671875 43.3388671875 43.3388671875 43.3388671875 43.3388671875 43.3388671875 43.3388671875
39.38671875 39.38671875 39.38671875 39.38671875 39.38671875 39.38671875 39.38671875 39.38671875 39.38671875
40.3779296875 40.3779296875 40.3779296875 40.3779296875 40.3779296875 40.3779296875 40.3779296875 40.3779296875 40.3779296875
41.4375 41.4375 41.4375 41.4375 41.4375 41.4375 41.4375 41.4375
42.1943359375 42.1943359375 42.1943359375 42.1943359375 42.1943359375 42.1943359375 42.1943359375 42.1943359375 42.1943359375
43.240234375 43.240234375 43.240234375 43.240234375 43.240234375 43.240234375 43.240234375 43.240234375 43.240234375
42.80078125 42.80078125 42.80078125 42.80078125 42.80078125 42.80078125 42.80078125 42.80078125
39.302734375 39.302734375 39.302734375 39.302734375 39.302734375 39.302734375 39.302734375 39.302734375 39.302734375
40.341796875 40.341796875 40.341796875 40.341796875 40.341796875 40.341796875 40.341796875 40.341796875 40.341796875
41.3603515625 41.3603515625 41.3603515625 41.3603515625 41.3603515625 41.3603515625 41.3603515625 41.3603515625
42.365234375 42.365234375 42.365234375 42.365234375 42.365234375 42.365234375 42.365234375 42.365234375 42.365234375
42.8662109375 42.8662109375 42.8662109375 42.8662109375 42.8662109375 42.8662109375 42.8662109375 42.8662109375 42.8662109375
39.05859375 39.05859375 39.05859375 39.05859375 39.05859375 39.05859375 39.05859375 39.05859375
40.0869140625 40.0869140625 40.0869140625 40.0869140625 40.0869140625 40.0869140625 40.0869140625 40.0869140625 40.0869140625
41.162109375 41.162109375 41.162109375 41.162109375 41.162109375 41.162109375 41.162109375 41.162109375 41.162109375 41.162109375
42.353515625 42.353515625 42.353515625 42.353515625 42.353515625 42.353515625 42.353515625 42.353515625
43.3349609375 43.3349609375 43.3349609375 43.3349609375 43.3349609375 43.3349609375 43.3349609375 43.3349609375 43.3349609375
43.244140625 43.244140625 43.244140625 43.244140625 43.244140625 43.244140625 43.244140625 43.244140625 43.244140625
39.43359375 39.43359375 39.43359375 39.43359375 39.43359375 39.43359375 39.43359375 39.43359375
40.4111328125 40.4111328125 40.4111328125 40.4111328125 40.4111328125 40.4111328125 40.4111328125 40.4111328125 40.4111328125
41.4658203125 41.4658203125 41.4658203125 41.4658203125 41.4658203125 41.4658203125 41.4658203125 41.4658203125 41.4658203125
42.51171875 42.51171875 42.51171875 42.51171875 42.51171875 42.51171875 42.51171875 42.51171875
43.46875 43.46875 43.46875 43.46875 43.46875 43.46875 43.46875 43.46875 43.46875
43.2470703125 43.2470703125 43.2470703125 43.2470703125 43.2470703125 43.2470703125 43.2470703125 43.2470703125 43.2470703125
39.2080078125 39.2080078125 39.2080078125 39.2080078125 39.2080078125 39.2080078125 39.2080078125 39.2080078125
40.212890625 40.212890625 40.212890625 40.212890625 40.212890625 40.212890625 40.212890625 40.212890625 40.212890625
41.2314453125 41.2314453125 41.2314453125 41.2314453125 41.2314453125 41.2314453125 41.2314453125 41.2314453125 41.2314453125
42.27734375 42.27734375 42.27734375 42.27734375 42.27734375 42.27734375 42.27734375 42.27734375
43.2548828125 43.2548828125 43.2548828125 43.2548828125 43.2548828125 43.2548828125 43.2548828125 43.2548828125 43.2548828125
43.626953125 43.626953125 43.626953125 43.626953125 43.626953125 43.626953125 43.626953125 43.626953125 43.626953125
39.8076171875 39.8076171875 39.8076171875 39.8076171875 39.8076171875 39.8076171875 39.8076171875 39.8076171875
40.8125 40.8125 40.8125 40.8125 40.8125 40.8125 40.8125 40.8125 40.8125
41.5849609375 41.5849609375 41.5849609375 41.5849609375 41.5849609375 41.5849609375 41.5849609375 41.5849609375 41.5849609375
42.6396484375 42.6396484375 42.6396484375 42.6396484375 42.6396484375 42.6396484375 42.6396484375 42.6396484375
43.2099609375 43.2099609375 43.2099609375 43.2099609375 43.2099609375 43.2099609375 43.2099609375 43.2099609375 43.2099609375
39.076171875 39.076171875 39.076171875 39.076171875 39.076171875 39.076171875 39.076171875 39.076171875 39.076171875
40.166015625 40.166015625 40.166015625 40.166015625 40.166015625 40.166015625 40.166015625 40.166015625
41.16796875 41.16796875 41.16796875 41.16796875 41.16796875 41.16796875 41.16796875 41.16796875 41.16796875
42.1591796875 42.1591796875 42.1591796875 42.1591796875 42.1591796875 42.1591796875 42.1591796875 42.1591796875 42.1591796875
43.2138671875 43.2138671875 43.2138671875 43.2138671875 43.2138671875 43.2138671875 43.2138671875 43.2138671875
43.15625 43.15625 43.15625 43.15625 43.15625 43.15625 43.15625 43.15625 43.15625
38.79296875 38.79296875 38.79296875 38.79296875 38.79296875 38.79296875 38.79296875 38.79296875 38.79296875
39.8466796875 39.8466796875 39.8466796875 39.8466796875 39.8466796875 39.8466796875 39.8466796875 39.8466796875
40.85546875 40.85546875 40.85546875 40.85546875 40.85546875 40.85546875 40.85546875 40.85546875 40.85546875
41.8466796875 41.8466796875 41.8466796875 41.8466796875 41.8466796875 41.8466796875 41.8466796875 41.8466796875 41.8466796875
42.90625 42.90625 42.90625 42.90625 42.90625 42.90625 42.90625 42.90625
42.3408203125 42.3408203125 42.3408203125 42.3408203125 42.3408203125 42.3408203125 42.3408203125 42.3408203125 42.3408203125
39.2021484375 39.2021484375 39.2021484375 39.2021484375 39.2021484375 39.2021484375 39.2021484375 39.2021484375 39.2021484375
40.248046875 40.248046875 40.248046875 40.248046875 40.248046875 40.248046875 40.248046875 40.248046875
41.25 41.25 41.25 41.25 41.25 41.25 41.25 41.25 41.25
41.9853515625 41.9853515625 41.9853515625 41.9853515625 41.9853515625 41.9853515625 41.9853515625 41.9853515625 41.9853515625
43.03125 43.03125 43.03125 43.03125 43.03125 43.03125 43.03125 43.03125
43.46875 43.46875 43.46875 43.46875 43.46875 43.46875 43.46875 43.46875 43.46875 43.46875
38.7607421875 38.7607421875 38.7607421875 38.7607421875 38.7607421875 38.7607421875 38.7607421875 38.7607421875 38.7607421875
39.9580078125 39.9580078125 39.9580078125 39.9580078125 39.9580078125 39.9580078125 39.9580078125 39.9580078125
40.962890625 40.962890625 40.962890625 40.962890625 40.962890625 40.962890625 40.962890625 40.962890625 40.962890625
41.9814453125 41.9814453125 41.9814453125 41.9814453125 41.9814453125 41.9814453125 41.9814453125 41.9814453125 41.9814453125
43.02734375 43.02734375 43.02734375 43.02734375 43.02734375 43.02734375 43.02734375 43.02734375
43.6044921875 43.6044921875 43.6044921875 43.6044921875 43.6044921875 43.6044921875 43.6044921875 43.6044921875 43.6044921875
39.412109375 39.412109375 39.412109375 39.412109375 39.412109375 39.412109375 39.412109375 39.412109375 39.412109375
40.4306640625 40.4306640625 40.4306640625 40.4306640625 40.4306640625 40.4306640625 40.4306640625 40.4306640625
41.435546875 41.435546875 41.435546875 41.435546875 41.435546875 41.435546875 41.435546875 41.435546875 41.435546875
42.4541015625 42.4541015625 42.4541015625 42.4541015625 42.4541015625 42.4541015625 42.4541015625 42.4541015625 42.4541015625
42.6943359375 42.6943359375 42.6943359375 42.6943359375 42.6943359375 42.6943359375 42.6943359375 42.6943359375
39.2587890625 39.2587890625 39.2587890625 39.2587890625 39.2587890625 39.2587890625 39.2587890625 39.2587890625 39.2587890625
40.318359375 40.318359375 40.318359375 40.318359375 40.318359375 40.318359375 40.318359375 40.318359375 40.318359375
41.3369140625 41.3369140625 41.3369140625 41.3369140625 41.3369140625 41.3369140625 41.3369140625 41.3369140625
42.341796875 42.341796875 42.341796875 42.341796875 42.341796875 42.341796875 42.341796875 42.341796875 42.341796875
43.3603515625 43.3603515625 43.3603515625 43.3603515625 43.3603515625 43.3603515625 43.3603515625 43.3603515625 43.3603515625
42.833984375 42.833984375 42.833984375 42.833984375 42.833984375 42.833984375 42.833984375 42.833984375
39.3994140625 39.3994140625 39.3994140625 39.3994140625 39.3994140625 39.3994140625 39.3994140625 39.3994140625 39.3994140625
40.466796875 40.466796875 40.466796875 40.466796875 40.466796875 40.466796875 40.466796875 40.466796875 40.466796875
41.4853515625 41.4853515625 41.4853515625 41.4853515625 41.4853515625 41.4853515625 41.4853515625 41.4853515625
42.490234375 42.490234375 42.490234375 42.490234375 42.490234375 42.490234375 42.490234375 42.490234375 42.490234375
43.5087890625 43.5087890625 43.5087890625 43.5087890625 43.5087890625 43.5087890625 43.5087890625 43.5087890625 43.5087890625
43.0185546875 43.0185546875 43.0185546875 43.0185546875 43.0185546875 43.0185546875 43.0185546875 43.0185546875
39.439453125 39.439453125 39.439453125 39.439453125 39.439453125 39.439453125 39.439453125 39.439453125 39.439453125
40.462890625 40.462890625 40.462890625 40.462890625 40.462890625 40.462890625 40.462890625 40.462890625 40.462890625
41.4814453125 41.4814453125 41.4814453125 41.4814453125 41.4814453125 41.4814453125 41.4814453125 41.4814453125
42.486328125 42.486328125 42.486328125 42.486328125 42.486328125 42.486328125 42.486328125 42.486328125 42.486328125
42.962890625 42.962890625 42.962890625 42.962890625 42.962890625 42.962890625 42.962890625 42.962890625 42.962890625
39.0927734375 39.0927734375 39.0927734375 39.0927734375 39.0927734375 39.0927734375 39.0927734375 39.0927734375
40.09765625 40.09765625 40.09765625 40.09765625 40.09765625 40.09765625 40.09765625 40.09765625 40.09765625 40.09765625
41.126953125 41.126953125 41.126953125 41.126953125 41.126953125 41.126953125 41.126953125 41.126953125 41.126953125
42.1455078125 42.1455078125 42.1455078125 42.1455078125 42.1455078125 42.1455078125 42.1455078125 42.1455078125
43.150390625 43.150390625 43.150390625 43.150390625 43.150390625 43.150390625 43.150390625 43.150390625 43.150390625
42.3876953125 42.90625 42.90625 42.90625 42.90625 42.90625 42.90625 42.90625 42.90625 42.90625
39.36328125 39.36328125 39.36328125 39.36328125 39.36328125 39.36328125 39.36328125 39.36328125
40.3212890625 40.3212890625 40.3212890625 40.3212890625 40.3212890625 40.3212890625 40.3212890625 40.3212890625 40.3212890625
40.8486328125 41.396484375 41.396484375 41.396484375 41.396484375 41.396484375 41.396484375 41.396484375 41.396484375 41.396484375
42.6220703125 42.6220703125 42.6220703125 42.6220703125 42.6220703125 42.6220703125 42.6220703125 42.6220703125 42.6220703125 42.6220703125
43.0615234375 43.0615234375 43.0615234375 43.0615234375 43.0615234375 43.0615234375 43.0615234375 43.0615234375 43.0615234375 43.0615234375
39.576171875 39.576171875 39.576171875 39.576171875 39.576171875 39.576171875 39.576171875 39.576171875 39.576171875
40.5947265625 40.5947265625 40.5947265625 40.5947265625 40.5947265625 40.5947265625 40.5947265625 40.5947265625
41.599609375 41.599609375 41.599609375 41.599609375 41.599609375 41.599609375 41.599609375 41.599609375 41.599609375 41.599609375
42.787109375 42.787109375 42.787109375 42.787109375 42.787109375 42.787109375 42.787109375 42.787109375 42.787109375
43.3046875 43.328125 43.328125 43.328125 43.328125 43.328125 43.328125 43.328125 43.328125
39.171875 39.171875 39.171875 39.171875 39.171875 39.171875 39.171875 39.171875 39.171875 39.171875
40.16796875 40.16796875 40.16796875 40.16796875 40.16796875 40.16796875 40.16796875 40.16796875 40.16796875
40.67578125 41.20703125 41.20703125 41.20703125 41.20703125 41.20703125 41.20703125 41.20703125 41.20703125
42.2255859375 42.2255859375 42.2255859375 42.2255859375 42.2255859375 42.2255859375 42.2255859375 42.2255859375 42.2255859375 42.2255859375
43.4833984375 43.4833984375 43.4833984375 43.4833984375 43.4833984375 43.4833984375 43.4833984375 43.4833984375 43.4833984375 43.4833984375
43.76171875 43.76171875 43.76171875 43.76171875 43.76171875 43.76171875 43.76171875 43.76171875
39.595703125 39.595703125 39.595703125 39.595703125 39.595703125 39.595703125 39.595703125 39.595703125 39.595703125 39.595703125
40.81640625 40.81640625 40.81640625 40.81640625 40.81640625 40.81640625 40.81640625 40.81640625 40.81640625 40.81640625
41.8427734375 41.8427734375 41.8427734375 41.8427734375 41.8427734375 41.8427734375 41.8427734375 41.8427734375
42.84765625 42.84765625 42.84765625 42.84765625 42.84765625 42.84765625 42.84765625 42.84765625 42.84765625 42.84765625
43.5234375 43.5234375 43.5234375 43.5234375 43.5234375 43.5234375 43.5234375 43.5234375 43.5234375 43.5234375
39.072265625 39.072265625 39.072265625 39.072265625 39.072265625 39.072265625 39.072265625 39.072265625
40.07421875 40.07421875 40.07421875 40.07421875 40.07421875 40.07421875 40.07421875 40.07421875 40.07421875 40.07421875
41.1103515625 41.1103515625 41.1103515625 41.1103515625 41.1103515625 41.1103515625 41.1103515625 41.1103515625 41.1103515625 41.1103515625
42.3564453125 42.3564453125 42.3564453125 42.3564453125 42.3564453125 42.3564453125 42.3564453125 42.3564453125
43.080078125 43.080078125 43.080078125 43.080078125 43.080078125 43.080078125 43.080078125 43.080078125 43.080078125 43.080078125
39.3291015625 39.3291015625 39.3291015625 39.3291015625 39.3291015625 39.3291015625 39.3291015625 39.3291015625 39.3291015625 39.3291015625
40.5654296875 40.5654296875 40.5654296875 40.5654296875 40.5654296875 40.5654296875 40.5654296875 40.5654296875
41.5703125 41.5703125 41.5703125 41.5703125 41.5703125 41.5703125 41.5703125 41.5703125 41.5703125 41.5703125
42.56640625 42.56640625 42.56640625 42.56640625 42.56640625 42.56640625 42.56640625 42.56640625 42.56640625 42.56640625
43.5927734375 43.5927734375 43.5927734375 43.5927734375 43.5927734375 43.5927734375 43.5927734375 43.5927734375
42.9814453125 42.9814453125 42.9814453125 42.9814453125 42.9814453125 42.9814453125 42.9814453125 42.9814453125 42.9814453125 42.9814453125
39.619140625 39.619140625 39.619140625 39.619140625 39.619140625 39.619140625 39.619140625 39.619140625 39.619140625 39.619140625
40.806640625 40.806640625 40.806640625 40.806640625 40.806640625 40.806640625 40.806640625 40.806640625
41.80859375 41.80859375 41.80859375 41.80859375 41.80859375 41.80859375 41.80859375 41.80859375 41.80859375 41.80859375
42.8349609375 42.8349609375 42.8349609375 42.8349609375 42.8349609375 42.8349609375 42.8349609375 42.8349609375 42.8349609375 42.8349609375
42.2744140625 42.2744140625 42.2744140625 42.2744140625 42.2744140625 42.2744140625 42.2744140625 42.2744140625
39.4462890625 39.4462890625 39.4462890625 39.4462890625 39.4462890625 39.4462890625 39.4462890625 39.4462890625 39.4462890625 39.4462890625
40.7001953125 40.7001953125 40.7001953125 40.7001953125 40.7001953125 40.7001953125 40.7001953125 40.7001953125 40.7001953125 40.7001953125
41.9267578125 41.9267578125 41.9267578125 41.9267578125 41.9267578125 41.9267578125 41.9267578125 41.9267578125
42.931640625 42.931640625 42.931640625 42.931640625 42.931640625 42.931640625 42.931640625 42.931640625 42.931640625 42.931640625
43.19140625 43.19140625 43.19140625 43.19140625 43.19140625 43.19140625 43.19140625 43.19140625 43.19140625 43.19140625
39.4736328125 39.4736328125 39.4736328125 39.4736328125 39.4736328125 39.4736328125 39.4736328125 39.4736328125
40.478515625 40.478515625 40.478515625 40.478515625 40.478515625 40.478515625 40.478515625 40.478515625 40.478515625 40.478515625
41.67578125 41.67578125 41.67578125 41.67578125 41.67578125 41.67578125 41.67578125 41.67578125 41.67578125 41.67578125
42.7021484375 42.7021484375 42.7021484375 42.7021484375 42.7021484375 42.7021484375 42.7021484375 42.7021484375
43.2412109375 43.2412109375 43.2412109375 43.2412109375 43.2412109375 43.2412109375 43.2412109375 43.2412109375 43.2412109375 43.2412109375
39.47265625 39.47265625 39.47265625 39.47265625 39.47265625 39.47265625 39.47265625 39.47265625 39.47265625 39.47265625
40.4990234375 40.4990234375 40.4990234375 40.4990234375 40.4990234375 40.4990234375 40.4990234375 40.4990234375
41.50390625 41.50390625 41.50390625 41.50390625 41.50390625 41.50390625 41.50390625 41.50390625 41.50390625 41.50390625
42.5302734375 42.5302734375 42.5302734375 42.5302734375 42.5302734375 42.5302734375 42.5302734375 42.5302734375 42.5302734375 42.5302734375
43.7568359375 43.7568359375 43.7568359375 43.7568359375 43.7568359375 43.7568359375 43.7568359375 43.7568359375
43.484375 43.484375 43.484375 43.484375 43.484375 43.484375 43.484375 43.484375 43.484375 43.484375
39.568359375 39.568359375 39.568359375 39.568359375 39.568359375 39.568359375 39.568359375 39.568359375 39.568359375 39.568359375
40.78515625 40.78515625 40.78515625 40.78515625 40.78515625 40.78515625 40.78515625 40.78515625
41.7421875 41.7421875 41.7421875 41.7421875 41.7421875 41.7421875 41.7421875 41.7421875 41.7421875 41.7421875
42.73828125 42.73828125 42.73828125 42.73828125 42.73828125 42.73828125 42.73828125 42.73828125 42.73828125 42.73828125
42.90625 42.90625 42.90625 42.90625 42.90625 42.90625 42.90625 42.90625
38.78515625 38.78515625 38.78515625 38.78515625 38.78515625 38.78515625 38.78515625 38.78515625 38.78515625 38.78515625
39.8837890625 39.8837890625 39.8837890625 39.8837890625 39.8837890625 39.8837890625 39.8837890625 39.8837890625 39.8837890625 39.8837890625
41.1298828125 41.1298828125 41.1298828125 41.1298828125 41.1298828125 41.1298828125 41.1298828125 41.1298828125
42.134765625 42.134765625 42.134765625 42.134765625 42.134765625 42.134765625 42.134765625 42.134765625 42.134765625 42.134765625
43.322265625 43.322265625 43.322265625 43.322265625 43.322265625 43.322265625 43.322265625 43.322265625 43.322265625 43.322265625
43.2841796875 43.2841796875 43.2841796875 43.2841796875 43.2841796875 43.2841796875 43.2841796875 43.2841796875
39.59375 39.59375 39.59375 39.59375 39.59375 39.59375 39.59375 39.59375 39.59375 39.59375
40.40234375 40.40234375 40.40234375 40.40234375 40.40234375 40.40234375 40.40234375 40.40234375 40.40234375 40.40234375
41.4365234375 41.4365234375 41.4365234375 41.4365234375 41.4365234375 41.4365234375 41.4365234375 41.4365234375
42.44140625 42.44140625 42.44140625 42.44140625 42.44140625 42.44140625 42.44140625 42.44140625 42.44140625 42.44140625
42.62890625 42.62890625 42.62890625 42.62890625 42.62890625 42.62890625 42.62890625 42.62890625 42.62890625 42.62890625
39.0419921875 39.0419921875 39.0419921875 39.0419921875 39.0419921875 39.0419921875 39.0419921875 39.0419921875
40.1162109375 40.1162109375 40.1162109375 40.1162109375 40.1162109375 40.1162109375 40.1162109375 40.1162109375 40.1162109375 40.1162109375
41.3701171875 41.3701171875 41.3701171875 41.3701171875 41.3701171875 41.3701171875 41.3701171875 41.3701171875 41.3701171875 41.3701171875
42.5966796875 42.5966796875 42.5966796875 42.5966796875 42.5966796875 42.5966796875 42.5966796875 42.5966796875
43.6015625 43.6015625 43.6015625 43.6015625 43.6015625 43.6015625 43.6015625 43.6015625 43.6015625 43.6015625
43.767578125 43.767578125 43.767578125 43.767578125 43.767578125 43.767578125 43.767578125 43.767578125 43.767578125 43.767578125
39.5859375 39.5859375 39.5859375 39.5859375 39.5859375 39.5859375 39.5859375 39.5859375
40.392578125 40.392578125 40.392578125 40.392578125 40.392578125 40.392578125 40.392578125 40.392578125 40.392578125 40.392578125
41.580078125 41.580078125 41.580078125 41.580078125 41.580078125 41.580078125 41.580078125 41.580078125 41.580078125 41.580078125
42.767578125 42.767578125 42.767578125 42.767578125 42.767578125 42.767578125 42.767578125 42.767578125
42.98828125 42.98828125 42.98828125 42.98828125 42.98828125 42.98828125 42.98828125 42.98828125 42.98828125 42.98828125
39.1044921875 39.1044921875 39.1044921875 39.1044921875 39.1044921875 39.1044921875 39.1044921875 39.1044921875 39.1044921875 39.1044921875
40.3505859375 40.3505859375 40.3505859375 40.3505859375 40.3505859375 40.3505859375 40.3505859375 40.3505859375
41.35546875 41.35546875 41.35546875 41.35546875 41.35546875 41.35546875 41.35546875 41.35546875 41.35546875 41.35546875
42.3818359375 42.3818359375 42.3818359375 42.3818359375 42.3818359375 42.3818359375 42.3818359375 42.3818359375 42.3818359375 42.3818359375
42.4443359375 42.4443359375 42.4443359375 42.4443359375 42.4443359375 42.4443359375 42.4443359375 42.4443359375
38.734375 38.734375 38.734375 38.734375 38.734375 38.734375 38.734375 38.734375 38.734375 38.734375
39.76953125 39.76953125 39.76953125 39.76953125 39.76953125 39.76953125 39.76953125 39.76953125 39.76953125 39.76953125
40.8154296875 40.8154296875 40.8154296875 40.8154296875 40.8154296875 40.8154296875 40.8154296875 40.8154296875
41.8203125 41.8203125 41.8203125 41.8203125 41.8203125 41.8203125 41.8203125 41.8203125 41.8203125 41.8203125
42.81640625 42.81640625 42.81640625 42.81640625 42.81640625 42.81640625 42.81640625 42.81640625 42.81640625 42.81640625
43.26171875 43.26171875 43.26171875 43.26171875 43.26171875 43.26171875 43.26171875 43.26171875
39.0380859375 39.0380859375 39.0380859375 39.0380859375 39.0380859375 39.0380859375 39.0380859375 39.0380859375 39.0380859375 39.0380859375
40.3076171875 40.3076171875 40.3076171875 40.3076171875 40.3076171875 40.3076171875 40.3076171875 40.3076171875 40.3076171875 40.3076171875
41.5341796875 41.5341796875 41.5341796875 41.5341796875 41.5341796875 41.5341796875 41.5341796875 41.5341796875
42.5390625 42.5390625 42.5390625 42.5390625 42.5390625 42.5390625 42.5390625 42.5390625 42.5390625 42.5390625
43.53515625 43.53515625 43.53515625 43.53515625 43.53515625 43.53515625 43.53515625 43.53515625 43.53515625 43.53515625
43.8271484375 43.8271484375 43.8271484375 43.8271484375 43.8271484375 43.8271484375 43.8271484375 43.8271484375
39.755859375 39.755859375 39.755859375 39.755859375 39.755859375 39.755859375 39.755859375 39.755859375 39.755859375 39.755859375
40.9609375 40.9609375 40.9609375 40.9609375 40.9609375 40.9609375 40.9609375 40.9609375 40.9609375 40.9609375
41.95703125 41.95703125 41.95703125 41.95703125 41.95703125 41.95703125 41.95703125 41.95703125
42.9345703125 42.9345703125 42.9345703125 42.9345703125 42.9345703125 42.9345703125 42.9345703125 42.9345703125 42.9345703125 42.9345703125
42.845703125 42.845703125 42.845703125 42.845703125 42.845703125 42.845703125 42.845703125 42.845703125 42.845703125 42.845703125
39.326171875 39.326171875 39.326171875 39.326171875 39.326171875 39.326171875 39.326171875 39.326171875
40.328125 40.328125 40.328125 40.328125 40.328125 40.328125 40.328125 40.328125 40.328125 40.328125
41.294921875 41.294921875 41.294921875 41.294921875 41.294921875 41.294921875 41.294921875 41.294921875 41.294921875 41.294921875
42.482421875 42.482421875 42.482421875 42.482421875 42.482421875 42.482421875 42.482421875 42.482421875
42.904296875 42.904296875 42.904296875 42.904296875 42.904296875 42.904296875 42.904296875 42.904296875 42.904296875 42.904296875
39.44140625 39.44140625 39.44140625 39.44140625 39.44140625 39.44140625 39.44140625 39.44140625 39.44140625 39.44140625
40.4677734375 40.4677734375 40.4677734375 40.4677734375 40.4677734375 40.4677734375 40.4677734375 40.4677734375
41.47265625 41.47265625 41.47265625 41.47265625 41.47265625 41.47265625 41.47265625 41.47265625 41.47265625 41.47265625
42.4990234375 42.4990234375 42.4990234375 42.4990234375 42.4990234375 42.4990234375 42.4990234375 42.4990234375 42.4990234375 42.4990234375
43.7353515625 43.7353515625 43.7353515625 43.7353515625 43.7353515625 43.7353515625 43.7353515625 43.7353515625
43.4375 43.4375 43.4375 43.4375 43.4375 43.4375 43.4375 43.4375 43.4375 43.4375
39.3212890625 39.3212890625 39.3212890625 39.3212890625 39.3212890625 39.3212890625 39.3212890625 39.3212890625 39.3212890625 39.3212890625
40.634765625 40.634765625 40.634765625 40.634765625 40.634765625 40.634765625 40.634765625 40.634765625
41.63671875 41.63671875 41.63671875 41.63671875 41.63671875 41.63671875 41.63671875 41.63671875 41.63671875 41.63671875
42.6630859375 42.6630859375 42.6630859375 42.6630859375 42.6630859375 42.6630859375 42.6630859375 42.6630859375 42.6630859375 42.6630859375
43.232421875 43.232421875 43.232421875 43.232421875 43.232421875 43.232421875 43.232421875 43.232421875
39.294921875 39.294921875 39.294921875 39.294921875 39.294921875 39.294921875 39.294921875 39.294921875 39.294921875 39.294921875
40.5078125 40.5078125 40.5078125 40.5078125 40.5078125 40.5078125 40.5078125 40.5078125 40.5078125 40.5078125
41.50390625 41.50390625 41.50390625 41.50390625 41.50390625 41.50390625 41.50390625 41.50390625
42.4609375 42.4609375 42.4609375 42.4609375 42.4609375 42.4609375 42.4609375 42.4609375 42.4609375 42.4609375
43.45703125 43.45703125 43.45703125 43.45703125 43.45703125 43.45703125 43.45703125 43.45703125 43.45703125 43.45703125
43.369140625 43.369140625 43.369140625 43.369140625 43.369140625 43.369140625 43.369140625 43.369140625
39.359375 39.359375 39.359375 39.359375 39.359375 39.359375 39.359375 39.359375 39.359375 39.359375
40.326171875 40.326171875 40.326171875 40.326171875 40.326171875 40.326171875 40.326171875 40.326171875 40.326171875 40.326171875
41.5390625 41.5390625 41.5390625 41.5390625 41.5390625 41.5390625 41.5390625 41.5390625
42.345703125 42.345703125 42.345703125 42.345703125 42.345703125 42.345703125 42.345703125 42.345703125 42.345703125 42.345703125
42.4443359375 42.4443359375 42.4443359375 42.4443359375 42.4443359375 42.4443359375 42.4443359375 42.4443359375 42.4443359375 42.4443359375
39.4775390625 39.4775390625 39.4775390625 39.4775390625 39.4775390625 39.4775390625 39.4775390625 39.4775390625
40.482421875 40.482421875 40.482421875 40.482421875 40.482421875 40.482421875 40.482421875 40.482421875 40.482421875 40.482421875
41.669921875 41.669921875 41.669921875 41.669921875 41.669921875 41.669921875 41.669921875 41.669921875 41.669921875 41.669921875
