11.568359375 11.599609375 11.599609375 11.623046875 11.623046875 11.623046875 11.654296875 11.654296875 11.654296875 11.654296875
13.0673828125 13.0673828125 13.0673828125 13.0673828125 13.0673828125 13.0673828125 13.0673828125 13.0673828125 13.0673828125 13.0673828125
12.771484375 12.771484375 12.771484375 12.771484375 12.771484375 12.771484375 12.771484375 12.771484375 12.771484375 12.771484375
13.833984375 13.833984375 13.833984375 13.833984375 13.833984375 13.833984375 13.833984375 13.833984375 13.833984375 13.833984375
12.732421875 12.732421875 12.732421875 12.732421875 12.732421875 12.732421875 12.732421875 12.732421875 12.732421875 12.732421875
13.794921875 13.794921875 13.794921875 13.794921875 13.794921875 13.794921875 13.794921875 13.794921875 13.794921875 13.794921875
12.732421875 12.732421875 12.732421875 12.732421875 12.732421875 12.732421875 12.732421875 12.732421875 12.732421875 12.732421875
13.65234375 13.65234375 13.65234375 13.65234375 13.65234375 13.65234375 13.65234375 13.65234375 13.65234375 13.65234375
12.693359375 12.693359375 12.693359375 12.693359375 12.693359375 12.693359375 12.693359375 12.693359375 12.693359375 12.693359375
13.765625 13.765625 13.765625 13.765625 13.765625 13.765625 13.765625 13.765625 13.765625 13.765625
12.5654296875 12.5654296875 12.5654296875 12.5654296875 12.5654296875 12.5654296875 12.5654296875 12.5654296875 12.5654296875 12.5654296875
13.77734375 13.77734375 13.77734375 13.77734375 13.77734375 13.77734375 13.77734375 13.77734375 13.77734375 13.77734375
12.9921875 12.9921875 12.9921875 12.9921875 12.9921875 12.9921875 12.9921875 12.9921875 12.9921875 12.9921875
13.86328125 13.86328125 13.86328125 13.86328125 13.86328125 13.86328125 13.86328125 13.86328125 13.86328125 13.86328125
12.8046875 12.8046875 12.8046875 12.8046875 12.8046875 12.8046875 12.8046875 12.8046875 12.8046875 12.8046875
13.814453125 13.814453125 13.814453125 13.814453125 13.814453125 13.814453125 13.814453125 13.814453125 13.814453125 13.814453125
14.896484375 14.896484375 14.896484375 14.896484375 14.896484375 14.896484375 14.896484375 14.896484375 14.896484375 14.896484375
12.783203125 12.783203125 12.783203125 12.783203125 12.783203125 12.783203125 12.783203125 12.783203125 12.783203125 12.783203125
12.8828125 12.8828125 12.8828125 12.8828125 12.8828125 12.8828125 12.8828125 12.8828125 12.8828125 12.8828125
13.8876953125 13.8876953125 13.8876953125 13.8876953125 13.8876953125 13.8876953125 13.8876953125 13.8876953125 13.8876953125 13.8876953125
15.0185546875 15.0185546875 15.0185546875 15.0185546875 15.0185546875 15.0185546875 15.0185546875 15.0185546875 15.0185546875 15.0185546875
12.78125 12.78125 12.78125 12.78125 12.78125 12.78125 12.78125 12.78125 12.78125 12.78125
13.46484375 13.46484375 13.46484375 13.46484375 13.46484375 13.46484375 13.46484375 13.46484375 13.46484375 13.46484375
12.7236328125 12.7236328125 12.7236328125 12.7236328125 12.7236328125 12.7236328125 12.7236328125 12.7236328125 12.7236328125 12.7236328125
13.884765625 13.884765625 13.884765625 13.884765625 13.884765625 13.884765625 13.884765625 13.884765625 13.884765625 13.884765625
13.1669921875 13.1669921875 13.1669921875 13.1669921875 13.1669921875 13.1669921875 13.1669921875 13.1669921875 13.1669921875 13.1669921875
14.318359375 14.318359375 14.318359375 14.318359375 14.318359375 14.318359375 14.318359375 14.318359375 14.318359375 14.318359375
13.1669921875 13.1669921875 13.1669921875 13.1669921875 13.1669921875 13.1669921875 13.1669921875 13.1669921875 13.1669921875 13.1669921875
13.990234375 13.990234375 13.990234375 13.990234375 13.990234375 13.990234375 13.990234375 13.990234375 13.990234375 13.990234375
15.052734375 15.052734375 15.052734375 15.052734375 15.052734375 15.052734375 15.052734375 15.052734375 15.052734375 15.052734375
12.783203125 12.783203125 12.783203125 12.783203125 12.783203125 12.783203125 12.783203125 12.783203125 12.783203125 12.783203125
12.8828125 12.8828125 12.8828125 12.8828125 12.8828125 12.8828125 12.8828125 12.8828125 12.8828125 12.8828125
13.8876953125 13.8876953125 13.8876953125 13.8876953125 13.8876953125 13.8876953125 13.8876953125 13.8876953125 13.8876953125 13.8876953125
15.0185546875 15.0185546875 15.0185546875 15.0185546875 15.0185546875 15.0185546875 15.0185546875 15.0185546875 15.0185546875 15.0185546875
12.78125 12.78125 12.78125 12.78125 12.78125 12.78125 12.78125 12.78125 12.78125 12.78125
13.46484375 13.46484375 13.46484375 13.46484375 13.46484375 13.46484375 13.46484375 13.46484375 13.46484375 13.46484375
12.7236328125 12.7236328125 12.7236328125 12.7236328125 12.7236328125 12.7236328125 12.7236328125 12.7236328125 12.7236328125 12.7236328125
13.884765625 13.884765625 13.884765625 13.884765625 13.884765625 13.884765625 13.884765625 13.884765625 13.884765625 13.884765625
13.1669921875 13.1669921875 13.1669921875 13.1669921875 13.1669921875 13.1669921875 13.1669921875 13.1669921875 13.1669921875 13.1669921875
14.318359375 14.318359375 14.318359375 14.318359375 14.318359375 14.318359375 14.318359375 14.318359375 14.318359375 14.318359375
13.1669921875 13.1669921875 13.1669921875 13.1669921875 13.1669921875 13.1669921875 13.1669921875 13.1669921875 13.1669921875 13.1669921875
13.990234375 13.990234375 13.990234375 13.990234375 13.990234375 13.990234375 13.990234375 13.990234375 13.990234375 13.990234375
15.052734375 15.052734375 15.052734375 15.052734375 15.052734375 15.052734375 15.052734375 15.052734375 15.052734375 15.052734375
12.783203125 12.783203125 12.783203125 12.783203125 12.783203125 12.783203125 12.783203125 12.783203125 12.783203125 12.783203125
12.8828125 12.8828125 12.8828125 12.8828125 12.8828125 12.8828125 12.8828125 12.8828125 12.8828125 12.8828125
13.8876953125 13.8876953125 13.8876953125 13.8876953125 13.8876953125 13.8876953125 13.8876953125 13.8876953125 13.8876953125 13.8876953125
15.0185546875 15.0185546875 15.0185546875 15.0185546875 15.0185546875 15.0185546875 15.0185546875 15.0185546875 15.0185546875 15.0185546875
12.78125 12.78125 12.78125 12.78125 12.78125 12.78125 12.78125 12.78125 12.78125 12.78125
13.46484375 13.46484375 13.46484375 13.46484375 13.46484375 13.46484375 13.46484375 13.46484375 13.46484375 13.46484375
12.7236328125 12.7236328125 12.7236328125 12.7236328125 12.7236328125 12.7236328125 12.7236328125 12.7236328125 12.7236328125 12.7236328125
13.884765625 13.884765625 13.884765625 13.884765625 13.884765625 13.884765625 13.884765625 13.884765625 13.884765625 13.884765625
13.1669921875 13.1669921875 13.1669921875 13.1669921875 13.1669921875 13.1669921875 13.1669921875 13.1669921875 13.1669921875 13.1669921875
14.318359375 14.318359375 14.318359375 14.318359375 14.318359375 14.318359375 14.318359375 14.318359375 14.318359375 14.318359375
13.1669921875 13.1669921875 13.1669921875 13.1669921875 13.1669921875 13.1669921875 13.1669921875 13.1669921875 13.1669921875 13.1669921875
13.990234375 13.990234375 13.990234375 13.990234375 13.990234375 13.990234375 13.990234375 13.990234375 13.990234375 13.990234375
15.052734375 15.052734375 15.052734375 15.052734375 15.052734375 15.052734375 15.052734375 15.052734375 15.052734375 15.052734375
12.783203125 12.783203125 12.783203125 12.783203125 12.783203125 12.783203125 12.783203125 12.783203125 12.783203125 12.783203125
12.8828125 12.8828125 12.8828125 12.8828125 12.8828125 12.8828125 12.8828125 12.8828125 12.8828125 12.8828125
13.8876953125 13.8876953125 13.8876953125 13.8876953125 13.8876953125 13.8876953125 13.8876953125 13.8876953125 13.8876953125 13.8876953125
15.0185546875 15.0185546875 15.0185546875 15.0185546875 15.0185546875 15.0185546875 15.0185546875 15.0185546875 15.0185546875 15.0185546875
12.78125 12.78125 12.78125 12.78125 12.78125 12.78125 12.78125 12.78125 12.78125 12.78125
13.46484375 13.46484375 13.46484375 13.46484375 13.46484375 13.46484375 13.46484375 13.46484375 13.46484375 13.46484375
12.7236328125 12.7236328125 12.7236328125 12.7236328125 12.7236328125 12.7236328125 12.7236328125 12.7236328125 12.7236328125 12.7236328125
13.884765625 13.884765625 13.884765625 13.884765625 13.884765625 13.884765625 13.884765625 13.884765625 13.884765625 13.884765625
13.1669921875 13.1669921875 13.1669921875 13.1669921875 13.1669921875 13.1669921875 13.1669921875 13.1669921875 13.1669921875 13.1669921875
14.318359375 14.318359375 14.318359375 14.318359375 14.318359375 14.318359375 14.318359375 14.318359375 14.318359375 14.318359375
13.1669921875 13.1669921875 13.1669921875 13.1669921875 13.1669921875 13.1669921875 13.1669921875 13.1669921875 13.1669921875 13.1669921875
13.990234375 13.990234375 13.990234375 13.990234375 13.990234375 13.990234375 13.990234375 13.990234375 13.990234375 13.990234375
15.052734375 15.052734375 15.052734375 15.052734375 15.052734375 15.052734375 15.052734375 15.052734375 15.052734375 15.052734375
12.783203125 12.783203125 12.783203125 12.783203125 12.783203125 12.783203125 12.783203125 12.783203125 12.783203125 12.783203125
12.8828125 12.8828125 12.8828125 12.8828125 12.8828125 12.8828125 12.8828125 12.8828125 12.8828125 12.8828125
13.8876953125 13.8876953125 13.8876953125 13.8876953125 13.8876953125 13.8876953125 13.8876953125 13.8876953125 13.8876953125 13.8876953125
15.0185546875 15.0185546875 15.0185546875 15.0185546875 15.0185546875 15.0185546875 15.0185546875 15.0185546875 15.0185546875 15.0185546875
12.78125 12.78125 12.78125 12.78125 12.78125 12.78125 12.78125 12.78125 12.78125 12.78125
13.46484375 13.46484375 13.46484375 13.46484375 13.46484375 13.46484375 13.46484375 13.46484375 13.46484375 13.46484375
12.7236328125 12.7236328125 12.7236328125 12.7236328125 12.7236328125 12.7236328125 12.7236328125 12.7236328125 12.7236328125 12.7236328125
13.884765625 13.884765625 13.884765625 13.884765625 13.884765625 13.884765625 13.884765625 13.884765625 13.884765625 13.884765625
13.1669921875 13.1669921875 13.1669921875 13.1669921875 13.1669921875 13.1669921875 13.1669921875 13.1669921875 13.1669921875 13.1669921875
14.318359375 14.318359375 14.318359375 14.318359375 14.318359375 14.318359375 14.318359375 14.318359375 14.318359375 14.318359375
13.1669921875 13.1669921875 13.1669921875 13.1669921875 13.1669921875 13.1669921875 13.1669921875 13.1669921875 13.1669921875 13.1669921875
13.990234375 13.990234375 13.990234375 13.990234375 13.990234375 13.990234375 13.990234375 13.990234375 13.990234375 13.990234375
15.052734375 15.052734375 15.052734375 15.052734375 15.052734375 15.052734375 15.052734375 15.052734375 15.052734375 15.052734375
12.783203125 12.783203125 12.783203125 12.783203125 12.783203125 12.783203125 12.783203125 12.783203125 12.783203125 12.783203125
12.8828125 12.8828125 12.8828125 12.8828125 12.8828125 12.8828125 12.8828125 12.8828125 12.8828125 12.8828125
13.8876953125 13.8876953125 13.8876953125 13.8876953125 13.8876953125 13.8876953125 13.8876953125 13.8876953125 13.8876953125 13.8876953125
15.0185546875 15.0185546875 15.0185546875 15.0185546875 15.0185546875 15.0185546875 15.0185546875 15.0185546875 15.0185546875 15.0185546875
12.78125 12.78125 12.78125 12.78125 12.78125 12.78125 12.78125 12.78125 12.78125 12.78125
13.46484375 13.46484375 13.46484375 13.46484375 13.46484375 13.46484375 13.46484375 13.46484375 13.46484375 13.46484375
12.7236328125 12.7236328125 12.7236328125 12.7236328125 12.7236328125 12.7236328125 12.7236328125 12.7236328125 12.7236328125 12.7236328125
13.884765625 13.884765625 13.884765625 13.884765625 13.884765625 13.884765625 13.884765625 13.884765625 13.884765625 13.884765625
13.1669921875 13.1669921875 13.1669921875 13.1669921875 13.1669921875 13.1669921875 13.1669921875 13.1669921875 13.1669921875 13.1669921875
14.318359375 14.318359375 14.318359375 14.318359375 14.318359375 14.318359375 14.318359375 14.318359375 14.318359375 14.318359375
13.1669921875 13.1669921875 13.1669921875 13.1669921875 13.1669921875 13.1669921875 13.1669921875 13.1669921875 13.1669921875 13.1669921875
13.990234375 13.990234375 13.990234375 13.990234375 13.990234375 13.990234375 13.990234375 13.990234375 13.990234375 13.990234375
15.052734375 15.052734375 15.052734375 15.052734375 15.052734375 15.052734375 15.052734375 15.052734375 15.052734375 15.052734375
12.783203125 12.783203125 12.783203125 12.783203125 12.783203125 12.783203125 12.783203125 12.783203125 12.783203125 12.783203125
12.8828125 12.8828125 12.8828125 12.8828125 12.8828125 12.8828125 12.8828125 12.8828125 12.8828125 12.8828125
13.8876953125 13.8876953125 13.8876953125 13.8876953125 13.8876953125 13.8876953125 13.8876953125 13.8876953125 13.8876953125 13.8876953125
15.0185546875 15.0185546875 15.0185546875 15.0185546875 15.0185546875 15.0185546875 15.0185546875 15.0185546875 15.0185546875 15.0185546875
12.78125 12.78125 12.78125 12.78125 12.78125 12.78125 12.78125 12.78125 12.78125 12.78125
13.46484375 13.46484375 13.46484375 13.46484375 13.46484375 13.46484375 13.46484375 13.46484375 13.46484375 13.46484375
12.7236328125 12.7236328125 12.7236328125 12.7236328125 12.7236328125 12.7236328125 12.7236328125 12.7236328125 12.7236328125 12.7236328125
13.884765625 13.884765625 13.884765625 13.884765625 13.884765625 13.884765625 13.884765625 13.884765625 13.884765625 13.884765625
13.1669921875 13.1669921875 13.1669921875 13.1669921875 13.1669921875 13.1669921875 13.1669921875 13.1669921875 13.1669921875 13.1669921875
14.318359375 14.318359375 14.318359375 14.318359375 14.318359375 14.318359375 14.318359375 14.318359375 14.318359375 14.318359375
13.1669921875 13.1669921875 13.1669921875 13.1669921875 13.1669921875 13.1669921875 13.1669921875 13.1669921875 13.1669921875 13.1669921875
13.990234375 13.990234375 13.990234375 13.990234375 13.990234375 13.990234375 13.990234375 13.990234375 13.990234375 13.990234375
15.052734375 15.052734375 15.052734375 15.052734375 15.052734375 15.052734375 15.052734375 15.052734375 15.052734375 15.052734375
12.783203125 12.783203125 12.783203125 12.783203125 12.783203125 12.783203125 12.783203125 12.783203125 12.783203125 12.783203125
12.8828125 12.8828125 12.8828125 12.8828125 12.8828125 12.8828125 12.8828125 12.8828125 12.8828125 12.8828125
13.8876953125 13.8876953125 13.8876953125 13.8876953125 13.8876953125 13.8876953125 13.8876953125 13.8876953125 13.8876953125 13.8876953125
15.0185546875 15.0185546875 15.0185546875 15.0185546875 15.0185546875 15.0185546875 15.0185546875 15.0185546875 15.0185546875 15.0185546875
12.78125 12.78125 12.78125 12.78125 12.78125 12.78125 12.78125 12.78125 12.78125 12.78125
13.46484375 13.46484375 13.46484375 13.46484375 13.46484375 13.46484375 13.46484375 13.46484375 13.46484375 13.46484375
12.7236328125 12.7236328125 12.7236328125 12.7236328125 12.7236328125 12.7236328125 12.7236328125 12.7236328125 12.7236328125 12.7236328125
13.884765625 13.884765625 13.884765625 13.884765625 13.884765625 13.884765625 13.884765625 13.884765625 13.884765625 13.884765625
13.1669921875 13.1669921875 13.1669921875 13.1669921875 13.1669921875 13.1669921875 13.1669921875 13.1669921875 13.1669921875 13.1669921875
14.318359375 14.318359375 14.318359375 14.318359375 14.318359375 14.318359375 14.318359375 14.318359375 14.318359375 14.318359375
13.1669921875 13.1669921875 13.1669921875 13.1669921875 13.1669921875 13.1669921875 13.1669921875 13.1669921875 13.1669921875 13.1669921875
13.990234375 13.990234375 13.990234375 13.990234375 13.990234375 13.990234375 13.990234375 13.990234375 13.990234375 13.990234375
15.052734375 15.052734375 15.052734375 15.052734375 15.052734375 15.052734375 15.052734375 15.052734375 15.052734375 15.052734375
12.783203125 12.783203125 12.783203125 12.783203125 12.783203125 12.783203125 12.783203125 12.783203125 12.783203125 12.783203125
12.8828125 12.8828125 12.8828125 12.8828125 12.8828125 12.8828125 12.8828125 12.8828125 12.8828125 12.8828125
13.8876953125 13.8876953125 13.8876953125 13.8876953125 13.8876953125 13.8876953125 13.8876953125 13.8876953125 13.8876953125 13.8876953125
15.0185546875 15.0185546875 15.0185546875 15.0185546875 15.0185546875 15.0185546875 15.0185546875 15.0185546875 15.0185546875 15.0185546875
12.78125 12.78125 12.78125 12.78125 12.78125 12.78125 12.78125 12.78125 12.78125 12.78125
13.46484375 13.46484375 13.46484375 13.46484375 13.46484375 13.46484375 13.46484375 13.46484375 13.46484375 13.46484375
12.7236328125 12.7236328125 12.7236328125 12.7236328125 12.7236328125 12.7236328125 12.7236328125 12.7236328125 12.7236328125 12.7236328125
13.884765625 13.884765625 13.884765625 13.884765625 13.884765625 13.884765625 13.884765625 13.884765625 13.884765625 13.884765625
13.1669921875 13.1669921875 13.1669921875 13.1669921875 13.1669921875 13.1669921875 13.1669921875 13.1669921875 13.1669921875 13.1669921875
14.318359375 14.318359375 14.318359375 14.318359375 14.318359375 14.318359375 14.318359375 14.318359375 14.318359375 14.318359375
13.1669921875 13.1669921875 13.1669921875 13.1669921875 13.1669921875 13.1669921875 13.1669921875 13.1669921875 13.1669921875 13.1669921875
13.990234375 13.990234375 13.990234375 13.990234375 13.990234375 13.990234375 13.990234375 13.990234375 13.990234375 13.990234375
15.052734375 15.052734375 15.052734375 15.052734375 15.052734375 15.052734375 15.052734375 15.052734375 15.052734375 15.052734375
12.783203125 12.783203125 12.783203125 12.783203125 12.783203125 12.783203125 12.783203125 12.783203125 12.783203125 12.783203125
12.8828125 12.8828125 12.8828125 12.8828125 12.8828125 12.8828125 12.8828125 12.8828125 12.8828125 12.8828125
13.8876953125 13.8876953125 13.8876953125 13.8876953125 13.8876953125 13.8876953125 13.8876953125 13.8876953125 13.8876953125 13.8876953125
15.0185546875 15.0185546875 15.0185546875 15.0185546875 15.0185546875 15.0185546875 15.0185546875 15.0185546875 15.0185546875 15.0185546875
12.78125 12.78125 12.78125 12.78125 12.78125 12.78125 12.78125 12.78125 12.78125 12.78125
13.46484375 13.46484375 13.46484375 13.46484375 13.46484375 13.46484375 13.46484375 13.46484375 13.46484375 13.46484375
12.7236328125 12.7236328125 12.7236328125 12.7236328125 12.7236328125 12.7236328125 12.7236328125 12.7236328125 12.7236328125 12.7236328125
13.884765625 13.884765625 13.884765625 13.884765625 13.884765625 13.884765625 13.884765625 13.884765625 13.884765625 13.884765625
13.1669921875 13.1669921875 13.1669921875 13.1669921875 13.1669921875 13.1669921875 13.1669921875 13.1669921875 13.1669921875 13.1669921875
14.318359375 14.318359375 14.318359375 14.318359375 14.318359375 14.318359375 14.318359375 14.318359375 14.318359375 14.318359375
13.1669921875 13.1669921875 13.1669921875 13.1669921875 13.1669921875 13.1669921875 13.1669921875 13.1669921875 13.1669921875 13.1669921875
13.990234375 13.990234375 13.990234375 13.990234375 13.990234375 13.990234375 13.990234375 13.990234375 13.990234375 13.990234375
15.052734375 15.052734375 15.052734375 15.052734375 15.052734375 15.052734375 15.052734375 15.052734375 15.052734375 15.052734375
12.783203125 12.783203125 12.783203125 12.783203125 12.783203125 12.783203125 12.783203125 12.783203125 12.783203125 12.783203125
12.8828125 12.8828125 12.8828125 12.8828125 12.8828125 12.8828125 12.8828125 12.8828125 12.8828125 12.8828125
13.8876953125 13.8876953125 13.8876953125 13.8876953125 13.8876953125 13.8876953125 13.8876953125 13.8876953125 13.8876953125 13.8876953125
15.0185546875 15.0185546875 15.0185546875 15.0185546875 15.0185546875 15.0185546875 15.0185546875 15.0185546875 15.0185546875 15.0185546875
12.78125 12.78125 12.78125 12.78125 12.78125 12.78125 12.78125 12.78125 12.78125 12.78125
13.46484375 13.46484375 13.46484375 13.46484375 13.46484375 13.46484375 13.46484375 13.46484375 13.46484375 13.46484375
12.7236328125 12.7236328125 12.7236328125 12.7236328125 12.7236328125 12.7236328125 12.7236328125 12.7236328125 12.7236328125 12.7236328125
13.884765625 13.884765625 13.884765625 13.884765625 13.884765625 13.884765625 13.884765625 13.884765625 13.884765625 13.884765625
13.1669921875 13.1669921875 13.1669921875 13.1669921875 13.1669921875 13.1669921875 13.1669921875 13.1669921875 13.1669921875 13.1669921875
14.318359375 14.318359375 14.318359375 14.318359375 14.318359375 14.318359375 14.318359375 14.318359375 14.318359375 14.318359375
13.1669921875 13.1669921875 13.1669921875 13.1669921875 13.1669921875 13.1669921875 13.1669921875 13.1669921875 13.1669921875 13.1669921875
13.990234375 13.990234375 13.990234375 13.990234375 13.990234375 13.990234375 13.990234375 13.990234375 13.990234375 13.990234375
15.052734375 15.052734375 15.052734375 15.052734375 15.052734375 15.052734375 15.052734375 15.052734375 15.052734375 15.052734375
12.783203125 12.783203125 12.783203125 12.783203125 12.783203125 12.783203125 12.783203125 12.783203125 12.783203125 12.783203125
12.8828125 12.8828125 12.8828125 12.8828125 12.8828125 12.8828125 12.8828125 12.8828125 12.8828125 12.8828125
13.8876953125 13.8876953125 13.8876953125 13.8876953125 13.8876953125 13.8876953125 13.8876953125 13.8876953125 13.8876953125 13.8876953125
15.0185546875 15.0185546875 15.0185546875 15.0185546875 15.0185546875 15.0185546875 15.0185546875 15.0185546875 15.0185546875 15.0185546875
12.78125 12.78125 12.78125 12.78125 12.78125 12.78125 12.78125 12.78125 12.78125 12.78125
13.46484375 13.46484375 13.46484375 13.46484375 13.46484375 13.46484375 13.46484375 13.46484375 13.46484375 13.46484375
12.7236328125 12.7236328125 12.7236328125 12.7236328125 12.7236328125 12.7236328125 12.7236328125 12.7236328125 12.7236328125 12.7236328125
13.884765625 13.884765625 13.884765625 13.884765625 13.884765625 13.884765625 13.884765625 13.884765625 13.884765625 13.884765625
13.1669921875 13.1669921875 13.1669921875 13.1669921875 13.1669921875 13.1669921875 13.1669921875 13.1669921875 13.1669921875 13.1669921875
14.318359375 14.318359375 14.318359375 14.318359375 14.318359375 14.318359375 14.318359375 14.318359375 14.318359375 14.318359375
13.1669921875 13.1669921875 13.1669921875 13.1669921875 13.1669921875 13.1669921875 13.1669921875 13.1669921875 13.1669921875 13.1669921875
13.990234375 13.990234375 13.990234375 13.990234375 13.990234375 13.990234375 13.990234375 13.990234375 13.990234375 13.990234375
15.052734375 15.052734375 15.052734375 15.052734375 15.052734375 15.052734375 15.052734375 15.052734375 15.052734375 15.052734375
12.783203125 12.783203125 12.783203125 12.783203125 12.783203125 12.783203125 12.783203125 12.783203125 12.783203125 12.783203125
12.8828125 12.8828125 12.8828125 12.8828125 12.8828125 12.8828125 12.8828125 12.8828125 12.8828125 12.8828125
13.8876953125 13.8876953125 13.8876953125 13.8876953125 13.8876953125 13.8876953125 13.8876953125 13.8876953125 13.8876953125 13.8876953125
15.0185546875 15.0185546875 15.0185546875 15.0185546875 15.0185546875 15.0185546875 15.0185546875 15.0185546875 15.0185546875 15.0185546875
12.78125 12.78125 12.78125 12.78125 12.78125 12.78125 12.78125 12.78125 12.78125 12.78125
13.46484375 13.46484375 13.46484375 13.46484375 13.46484375 13.46484375 13.46484375 13.46484375 13.46484375 13.46484375
12.7236328125 12.7236328125 12.7236328125 12.7236328125 12.7236328125 12.7236328125 12.7236328125 12.7236328125 12.7236328125 12.7236328125
13.884765625 13.884765625 13.884765625 13.884765625 13.884765625 13.884765625 13.884765625 13.884765625 13.884765625 13.884765625
13.1669921875 13.1669921875 13.1669921875 13.1669921875 13.1669921875 13.1669921875 13.1669921875 13.1669921875 13.1669921875 13.1669921875
14.318359375 14.318359375 14.318359375 14.318359375 14.318359375 14.318359375 14.318359375 14.318359375 14.318359375 14.318359375
13.1669921875 13.1669921875 13.1669921875 13.1669921875 13.1669921875 13.1669921875 13.1669921875 13.1669921875 13.1669921875 13.1669921875
13.990234375 13.990234375 13.990234375 13.990234375 13.990234375 13.990234375 13.990234375 13.990234375 13.990234375 13.990234375
15.052734375 15.052734375 15.052734375 15.052734375 15.052734375 15.052734375 15.052734375 15.052734375 15.052734375 15.052734375
12.783203125 12.783203125 12.783203125 12.783203125 12.783203125 12.783203125 12.783203125 12.783203125 12.783203125 12.783203125
12.8828125 12.8828125 12.8828125 12.8828125 12.8828125 12.8828125 12.8828125 12.8828125 12.8828125 12.8828125
13.8876953125 13.8876953125 13.8876953125 13.8876953125 13.8876953125 13.8876953125 13.8876953125 13.8876953125 13.8876953125 13.8876953125
15.0185546875 15.0185546875 15.0185546875 15.0185546875 15.0185546875 15.0185546875 15.0185546875 15.0185546875 15.0185546875 15.0185546875
12.78125 12.78125 12.78125 12.78125 12.78125 12.78125 12.78125 12.78125 12.78125 12.78125
13.46484375 13.46484375 13.46484375 13.46484375 13.46484375 13.46484375 13.46484375 13.46484375 13.46484375 13.46484375
12.7236328125 12.7236328125 12.7236328125 12.7236328125 12.7236328125 12.7236328125 12.7236328125 12.7236328125 12.7236328125 12.7236328125
13.884765625 13.884765625 13.884765625 13.884765625 13.884765625 13.884765625 13.884765625 13.884765625 13.884765625 13.884765625
13.1669921875 13.1669921875 13.1669921875 13.1669921875 13.1669921875 13.1669921875 13.1669921875 13.1669921875 13.1669921875 13.1669921875
14.318359375 14.318359375 14.318359375 14.318359375 14.318359375 14.318359375 14.318359375 14.318359375 14.318359375 14.318359375
13.1669921875 13.1669921875 13.1669921875 13.1669921875 13.1669921875 13.1669921875 13.1669921875 13.1669921875 13.1669921875 13.1669921875
13.990234375 13.990234375 13.990234375 13.990234375 13.990234375 13.990234375 13.990234375 13.990234375 13.990234375 13.990234375
15.052734375 15.052734375 15.052734375 15.052734375 15.052734375 15.052734375 15.052734375 15.052734375 15.052734375 15.052734375
12.783203125 12.783203125 12.783203125 12.783203125 12.783203125 12.783203125 12.783203125 12.783203125 12.783203125 12.783203125
12.8828125 12.8828125 12.8828125 12.8828125 12.8828125 12.8828125 12.8828125 12.8828125 12.8828125 12.8828125
13.8876953125 13.8876953125 13.8876953125 13.8876953125 13.8876953125 13.8876953125 13.8876953125 13.8876953125 13.8876953125 13.8876953125
15.0185546875 15.0185546875 15.0185546875 15.0185546875 15.0185546875 15.0185546875 15.0185546875 15.0185546875 15.0185546875 15.0185546875
12.78125 12.78125 12.78125 12.78125 12.78125 12.78125 12.78125 12.78125 12.78125 12.78125
13.46484375 13.46484375 13.46484375 13.46484375 13.46484375 13.46484375 13.46484375 13.46484375 13.46484375 13.46484375
12.7236328125 12.7236328125 12.7236328125 12.7236328125 12.7236328125 12.7236328125 12.7236328125 12.7236328125 12.7236328125 12.7236328125
13.884765625 13.884765625 13.884765625 13.884765625 13.884765625 13.884765625 13.884765625 13.884765625 13.884765625 13.884765625
13.1669921875 13.1669921875 13.1669921875 13.1669921875 13.1669921875 13.1669921875 13.1669921875 13.1669921875 13.1669921875 13.1669921875
14.318359375 14.318359375 14.318359375 14.318359375 14.318359375 14.318359375 14.318359375 14.318359375 14.318359375 14.318359375
13.1669921875 13.1669921875 13.1669921875 13.1669921875 13.1669921875 13.1669921875 13.1669921875 13.1669921875 13.1669921875 13.1669921875
13.990234375 13.990234375 13.990234375 13.990234375 13.990234375 13.990234375 13.990234375 13.990234375 13.990234375 13.990234375
15.052734375 15.052734375 15.052734375 15.052734375 15.052734375 15.052734375 15.052734375 15.052734375 15.052734375 15.052734375
12.783203125 12.783203125 12.783203125 12.783203125 12.783203125 12.783203125 12.783203125 12.783203125 12.783203125 12.783203125
12.8828125 12.8828125 12.8828125 12.8828125 12.8828125 12.8828125 12.8828125 12.8828125 12.8828125 12.8828125
13.8876953125 13.8876953125 13.8876953125 13.8876953125 13.8876953125 13.8876953125 13.8876953125 13.8876953125 13.8876953125 13.8876953125
15.0185546875 15.0185546875 15.0185546875 15.0185546875 15.0185546875 15.0185546875 15.0185546875 15.0185546875 15.0185546875 15.0185546875
12.78125 12.78125 12.78125 12.78125 12.78125 12.78125 12.78125 12.78125 12.78125 12.78125
13.46484375 13.46484375 13.46484375 13.46484375 13.46484375 13.46484375 13.46484375 13.46484375 13.46484375 13.46484375
12.7236328125 12.7236328125 12.7236328125 12.7236328125 12.7236328125 12.7236328125 12.7236328125 12.7236328125 12.7236328125 12.7236328125
13.884765625 13.884765625 13.884765625 13.884765625 13.884765625 13.884765625 13.884765625 13.884765625 13.884765625 13.884765625
13.1669921875 13.1669921875 13.1669921875 13.1669921875 13.1669921875 13.1669921875 13.1669921875 13.1669921875 13.1669921875 13.1669921875
14.318359375 14.318359375 14.318359375 14.318359375 14.318359375 14.318359375 14.318359375 14.318359375 14.318359375 14.318359375
13.1669921875 13.1669921875 13.1669921875 13.1669921875 13.1669921875 13.1669921875 13.1669921875 13.1669921875 13.1669921875 13.1669921875
13.990234375 13.990234375 13.990234375 13.990234375 13.990234375 13.990234375 13.990234375 13.990234375 13.990234375 13.990234375
15.052734375 15.052734375 15.052734375 15.052734375 15.052734375 15.052734375 15.052734375 15.052734375 15.052734375 15.052734375
12.783203125 12.783203125 12.783203125 12.783203125 12.783203125 12.783203125 12.783203125 12.783203125 12.783203125 12.783203125
12.8828125 12.8828125 12.8828125 12.8828125 12.8828125 12.8828125 12.8828125 12.8828125 12.8828125 12.8828125
13.8876953125 13.8876953125 13.8876953125 13.8876953125 13.8876953125 13.8876953125 13.8876953125 13.8876953125 13.8876953125 13.8876953125
15.0185546875 15.0185546875 15.0185546875 15.0185546875 15.0185546875 15.0185546875 15.0185546875 15.0185546875 15.0185546875 15.0185546875
12.78125 12.78125 12.78125 12.78125 12.78125 12.78125 12.78125 12.78125 12.78125 12.78125
13.46484375 13.46484375 13.46484375 13.46484375 13.46484375 13.46484375 13.46484375 13.46484375 13.46484375 13.46484375
12.7236328125 12.7236328125 12.7236328125 12.7236328125 12.7236328125 12.7236328125 12.7236328125 12.7236328125 12.7236328125 12.7236328125
13.884765625 13.884765625 13.884765625 13.884765625 13.884765625 13.884765625 13.884765625 13.884765625 13.884765625 13.884765625
13.1669921875 13.1669921875 13.1669921875 13.1669921875 13.1669921875 13.1669921875 13.1669921875 13.1669921875 13.1669921875 13.1669921875
14.318359375 14.318359375 14.318359375 14.318359375 14.318359375 14.318359375 14.318359375 14.318359375 14.318359375 14.318359375
13.1669921875 13.1669921875 13.1669921875 13.1669921875 13.1669921875 13.1669921875 13.1669921875 13.1669921875 13.1669921875 13.1669921875
13.990234375 13.990234375 13.990234375 13.990234375 13.990234375 13.990234375 13.990234375 13.990234375 13.990234375 13.990234375
15.052734375 15.052734375 15.052734375 15.052734375 15.052734375 15.052734375 15.052734375 15.052734375 15.052734375 15.052734375
12.783203125 12.783203125 12.783203125 12.783203125 12.783203125 12.783203125 12.783203125 12.783203125 12.783203125 12.783203125
12.8828125 12.8828125 12.8828125 12.8828125 12.8828125 12.8828125 12.8828125 12.8828125 12.8828125 12.8828125
13.8876953125 13.8876953125 13.8876953125 13.8876953125 13.8876953125 13.8876953125 13.8876953125 13.8876953125 13.8876953125 13.8876953125
15.0185546875 15.0185546875 15.0185546875 15.0185546875 15.0185546875 15.0185546875 15.0185546875 15.0185546875 15.0185546875 15.0185546875
12.78125 12.78125 12.78125 12.78125 12.78125 12.78125 12.78125 12.78125 12.78125 12.78125
13.46484375 13.46484375 13.46484375 13.46484375 13.46484375 13.46484375 13.46484375 13.46484375 13.46484375 13.46484375
12.7236328125 12.7236328125 12.7236328125 12.7236328125 12.7236328125 12.7236328125 12.7236328125 12.7236328125 12.7236328125 12.7236328125
13.884765625 13.884765625 13.884765625 13.884765625 13.884765625 13.884765625 13.884765625 13.884765625 13.884765625 13.884765625
13.1669921875 13.1669921875 13.1669921875 13.1669921875 13.1669921875 13.1669921875 13.1669921875 13.1669921875 13.1669921875 13.1669921875
14.318359375 14.318359375 14.318359375 14.318359375 14.318359375 14.318359375 14.318359375 14.318359375 14.318359375 14.318359375
13.1669921875 13.1669921875 13.1669921875 13.1669921875 13.1669921875 13.1669921875 13.1669921875 13.1669921875 13.1669921875 13.1669921875
13.990234375 13.990234375 13.990234375 13.990234375 13.990234375 13.990234375 13.990234375 13.990234375 13.990234375 13.990234375
15.052734375 15.052734375 15.052734375 15.052734375 15.052734375 15.052734375 15.052734375 15.052734375 15.052734375 15.052734375
12.783203125 12.783203125 12.783203125 12.783203125 12.783203125 12.783203125 12.783203125 12.783203125 12.783203125 12.783203125
12.8828125 12.8828125 12.8828125 12.8828125 12.8828125 12.8828125 12.8828125 12.8828125 12.8828125 12.8828125
13.8876953125 13.8876953125 13.8876953125 13.8876953125 13.8876953125 13.8876953125 13.8876953125 13.8876953125 13.8876953125 13.8876953125
15.0185546875 15.0185546875 15.0185546875 15.0185546875 15.0185546875 15.0185546875 15.0185546875 15.0185546875 15.0185546875 15.0185546875
12.78125 12.78125 12.78125 12.78125 12.78125 12.78125 12.78125 12.78125 12.78125 12.78125
13.46484375 13.46484375 13.46484375 13.46484375 13.46484375 13.46484375 13.46484375 13.46484375 13.46484375 13.46484375
12.7236328125 12.7236328125 12.7236328125 12.7236328125 12.7236328125 12.7236328125 12.7236328125 12.7236328125 12.7236328125 12.7236328125
13.884765625 13.884765625 13.884765625 13.884765625 13.884765625 13.884765625 13.884765625 13.884765625 13.884765625 13.884765625
13.1669921875 13.1669921875 13.1669921875 13.1669921875 13.1669921875 13.1669921875 13.1669921875 13.1669921875 13.1669921875 13.1669921875
14.318359375 14.318359375 14.318359375 14.318359375 14.318359375 14.318359375 14.318359375 14.318359375 14.318359375 14.318359375
13.1669921875 13.1669921875 13.1669921875 13.1669921875 13.1669921875 13.1669921875 13.1669921875 13.1669921875 13.1669921875 13.1669921875
13.990234375 13.990234375 13.990234375 13.990234375 13.990234375 13.990234375 13.990234375 13.990234375 13.990234375 13.990234375
15.052734375 15.052734375 15.052734375 15.052734375 15.052734375 15.052734375 15.052734375 15.052734375 15.052734375 15.052734375
12.783203125 12.783203125 12.783203125 12.783203125 12.783203125 12.783203125 12.783203125 12.783203125 12.783203125 12.783203125
12.8828125 12.8828125 12.8828125 12.8828125 12.8828125 12.8828125 12.8828125 12.8828125 12.8828125 12.8828125
13.8876953125 13.8876953125 13.8876953125 13.8876953125 13.8876953125 13.8876953125 13.8876953125 13.8876953125 13.8876953125 13.8876953125
15.0185546875 15.0185546875 15.0185546875 15.0185546875 15.0185546875 15.0185546875 15.0185546875 15.0185546875 15.0185546875 15.0185546875
12.78125 12.78125 12.78125 12.78125 12.78125 12.78125 12.78125 12.78125 12.78125 12.78125
13.46484375 13.46484375 13.46484375 13.46484375 13.46484375 13.46484375 13.46484375 13.46484375 13.46484375 13.46484375
12.7236328125 12.7236328125 12.7236328125 12.7236328125 12.7236328125 12.7236328125 12.7236328125 12.7236328125 12.7236328125 12.7236328125
13.884765625 13.884765625 13.884765625 13.884765625 13.884765625 13.884765625 13.884765625 13.884765625 13.884765625 13.884765625
13.1669921875 13.1669921875 13.1669921875 13.1669921875 13.1669921875 13.1669921875 13.1669921875 13.1669921875 13.1669921875 13.1669921875
14.318359375 14.318359375 14.318359375 14.318359375 14.318359375 14.318359375 14.318359375 14.318359375 14.318359375 14.318359375
13.1669921875 13.1669921875 13.1669921875 13.1669921875 13.1669921875 13.1669921875 13.1669921875 13.1669921875 13.1669921875 13.1669921875
13.990234375 13.990234375 13.990234375 13.990234375 13.990234375 13.990234375 13.990234375 13.990234375 13.990234375 13.990234375
15.052734375 15.052734375 15.052734375 15.052734375 15.052734375 15.052734375 15.052734375 15.052734375 15.052734375 15.052734375
12.783203125 12.783203125 12.783203125 12.783203125 12.783203125 12.783203125 12.783203125 12.783203125 12.783203125 12.783203125
12.8828125 12.8828125 12.8828125 12.8828125 12.8828125 12.8828125 12.8828125 12.8828125 12.8828125 12.8828125
13.8876953125 13.8876953125 13.8876953125 13.8876953125 13.8876953125 13.8876953125 13.8876953125 13.8876953125 13.8876953125 13.8876953125
15.0185546875 15.0185546875 15.0185546875 15.0185546875 15.0185546875 15.0185546875 15.0185546875 15.0185546875 15.0185546875 15.0185546875
12.78125 12.78125 12.78125 12.78125 12.78125 12.78125 12.78125 12.78125 12.78125 12.78125
13.46484375 13.46484375 13.46484375 13.46484375 13.46484375 13.46484375 13.46484375 13.46484375 13.46484375 13.46484375
12.7236328125 12.7236328125 12.7236328125 12.7236328125 12.7236328125 12.7236328125 12.7236328125 12.7236328125 12.7236328125 12.7236328125
13.884765625 13.884765625 13.884765625 13.884765625 13.884765625 13.884765625 13.884765625 13.884765625 13.884765625 13.884765625
13.1669921875 13.1669921875 13.1669921875 13.1669921875 13.1669921875 13.1669921875 13.1669921875 13.1669921875 13.1669921875 13.1669921875
14.318359375 14.318359375 14.318359375 14.318359375 14.318359375 14.318359375 14.318359375 14.318359375 14.318359375 14.318359375
13.1669921875 13.1669921875 13.1669921875 13.1669921875 13.1669921875 13.1669921875 13.1669921875 13.1669921875 13.1669921875 13.1669921875
13.990234375 13.990234375 13.990234375 13.990234375 13.990234375 13.990234375 13.990234375 13.990234375 13.990234375 13.990234375
15.052734375 15.052734375 15.052734375 15.052734375 15.052734375 15.052734375 15.052734375 15.052734375 15.052734375 15.052734375
12.783203125 12.783203125 12.783203125 12.783203125 12.783203125 12.783203125 12.783203125 12.783203125 12.783203125 12.783203125
12.8828125 12.8828125 12.8828125 12.8828125 12.8828125 12.8828125 12.8828125 12.8828125 12.8828125 12.8828125
13.8876953125 13.8876953125 13.8876953125 13.8876953125 13.8876953125 13.8876953125 13.8876953125 13.8876953125 13.8876953125 13.8876953125
15.0185546875 15.0185546875 15.0185546875 15.0185546875 15.0185546875 15.0185546875 15.0185546875 15.0185546875 15.0185546875 15.0185546875
12.78125 12.78125 12.78125 12.78125 12.78125 12.78125 12.78125 12.78125 12.78125 12.78125
13.46484375 13.46484375 13.46484375 13.46484375 13.46484375 13.46484375 13.46484375 13.46484375 13.46484375 13.46484375
12.7236328125 12.7236328125 12.7236328125 12.7236328125 12.7236328125 12.7236328125 12.7236328125 12.7236328125 12.7236328125 12.7236328125
13.884765625 13.884765625 13.884765625 13.884765625 13.884765625 13.884765625 13.884765625 13.884765625 13.884765625 13.884765625
13.1669921875 13.1669921875 13.1669921875 13.1669921875 13.1669921875 13.1669921875 13.1669921875 13.1669921875 13.1669921875 13.1669921875
14.318359375 14.318359375 14.318359375 14.318359375 14.318359375 14.318359375 14.318359375 14.318359375 14.318359375 14.318359375
