36.9091796875 37.0341796875 37.0341796875 37.0576171875 37.0576171875 37.0576171875 37.0888671875 37.0888671875 37.0888671875
38.5859375 39.0546875 39.0546875 39.0546875 39.0546875 39.0546875 39.0546875 39.0546875
38.421875 38.421875 38.421875 38.421875 38.421875 38.421875 38.421875 38.421875
38.283203125 38.283203125 38.283203125 38.283203125 38.283203125 38.283203125 38.283203125 38.283203125
38.7880859375 39.34375 39.34375 39.34375 39.34375 39.34375 39.34375 39.34375 39.34375
40.173828125 40.173828125 40.173828125 40.173828125 40.173828125 40.173828125 40.173828125 40.173828125
40.6787109375 41.1552734375 41.1552734375 41.1552734375 41.1552734375 41.1552734375 41.1552734375 41.1552734375 41.1552734375
41.7119140625 42.3232421875 42.3232421875 42.3232421875 42.3232421875 42.3232421875 42.3232421875 42.3232421875 42.3232421875
43.3984375 43.3984375 43.3984375 43.3984375 43.3984375 43.3984375 43.3984375 43.3984375 43.3984375
44.36328125 44.36328125 44.36328125 44.36328125 44.36328125 44.36328125 44.36328125 44.36328125 44.36328125
45.3544921875 45.3544921875 45.3544921875 45.3544921875 45.3544921875 45.3544921875 45.3544921875 45.3544921875
44.935546875 44.935546875 44.935546875 44.935546875 44.935546875 44.935546875 44.935546875 44.935546875 44.935546875
39.509765625 39.509765625 39.509765625 39.509765625 39.509765625 39.509765625 39.509765625 39.509765625 39.509765625
40.51953125 40.51953125 40.51953125 40.51953125 40.51953125 40.51953125 40.51953125 40.51953125
41.4970703125 41.4970703125 41.4970703125 41.4970703125 41.4970703125 41.4970703125 41.4970703125 41.4970703125 41.4970703125
42.5517578125 42.5517578125 42.5517578125 42.5517578125 42.5517578125 42.5517578125 42.5517578125 42.5517578125 42.5517578125
43.59765625 43.59765625 43.59765625 43.59765625 43.59765625 43.59765625 43.59765625 43.59765625
44.5546875 44.5546875 44.5546875 44.5546875 44.5546875 44.5546875 44.5546875 44.5546875 44.5546875
45.51953125 45.51953125 45.51953125 45.51953125 45.51953125 45.51953125 45.51953125 45.51953125 45.51953125
46.5107421875 46.5107421875 46.5107421875 46.5107421875 46.5107421875 46.5107421875 46.5107421875 46.5107421875
45.8369140625 45.8369140625 45.8369140625 45.8369140625 45.8369140625 45.8369140625 45.8369140625 45.8369140625 45.8369140625
39.68359375 39.68359375 39.68359375 39.68359375 39.68359375 39.68359375 39.68359375 39.68359375 39.68359375
40.6748046875 40.6748046875 40.6748046875 40.6748046875 40.6748046875 40.6748046875 40.6748046875 40.6748046875
41.6796875 41.6796875 41.6796875 41.6796875 41.6796875 41.6796875 41.6796875 41.6796875 41.6796875
42.6650390625 42.6650390625 42.6650390625 42.6650390625 42.6650390625 42.6650390625 42.6650390625 42.6650390625 42.6650390625
43.7109375 43.7109375 43.7109375 43.7109375 43.7109375 43.7109375 43.7109375 43.7109375
44.517578125 44.517578125 44.517578125 44.517578125 44.517578125 44.517578125 44.517578125 44.517578125 44.517578125
45.5361328125 45.5361328125 45.5361328125 45.5361328125 45.5361328125 45.5361328125 45.5361328125 45.5361328125 45.5361328125
46.58203125 46.58203125 46.58203125 46.58203125 46.58203125 46.58203125 46.58203125 46.58203125
45.65625 45.65625 45.65625 45.65625 45.65625 45.65625 45.65625 45.65625 45.65625
39.279296875 39.279296875 39.279296875 39.279296875 39.279296875 39.279296875 39.279296875 39.279296875 39.279296875
40.4404296875 40.4404296875 40.4404296875 40.4404296875 40.4404296875 40.4404296875 40.4404296875 40.4404296875
41.4453125 41.4453125 41.4453125 41.4453125 41.4453125 41.4453125 41.4453125 41.4453125 41.4453125
42.41015625 42.41015625 42.41015625 42.41015625 42.41015625 42.41015625 42.41015625 42.41015625 42.41015625
43.4013671875 43.4013671875 43.4013671875 43.4013671875 43.4013671875 43.4013671875 43.4013671875 43.4013671875
44.40625 44.40625 44.40625 44.40625 44.40625 44.40625 44.40625 44.40625 44.40625
45.197265625 45.197265625 45.197265625 45.197265625 45.197265625 45.197265625 45.197265625 45.197265625 45.197265625
46.2158203125 46.2158203125 46.2158203125 46.2158203125 46.2158203125 46.2158203125 46.2158203125 46.2158203125
45.373046875 45.373046875 45.373046875 45.373046875 45.373046875 45.373046875 45.373046875 45.373046875 45.373046875
39.2900390625 39.2900390625 39.2900390625 39.2900390625 39.2900390625 39.2900390625 39.2900390625 39.2900390625 39.2900390625
40.3447265625 40.3447265625 40.3447265625 40.3447265625 40.3447265625 40.3447265625 40.3447265625 40.3447265625
41.349609375 41.349609375 41.349609375 41.349609375 41.349609375 41.349609375 41.349609375 41.349609375 41.349609375
42.3681640625 42.3681640625 42.3681640625 42.3681640625 42.3681640625 42.3681640625 42.3681640625 42.3681640625 42.3681640625
43.4140625 43.4140625 43.4140625 43.4140625 43.4140625 43.4140625 43.4140625 43.4140625
44.220703125 44.220703125 44.220703125 44.220703125 44.220703125 44.220703125 44.220703125 44.220703125 44.220703125
45.2392578125 45.2392578125 45.2392578125 45.2392578125 45.2392578125 45.2392578125 45.2392578125 45.2392578125 45.2392578125
46.28515625 46.28515625 46.28515625 46.28515625 46.28515625 46.28515625 46.28515625 46.28515625
45.3173828125 45.3173828125 45.3173828125 45.3173828125 45.3173828125 45.3173828125 45.3173828125 45.3173828125 45.3173828125
39.685546875 39.685546875 39.685546875 39.685546875 39.685546875 39.685546875 39.685546875 39.685546875 39.685546875
40.7041015625 40.7041015625 40.7041015625 40.7041015625 40.7041015625 40.7041015625 40.7041015625 40.7041015625
41.708984375 41.708984375 41.708984375 41.708984375 41.708984375 41.708984375 41.708984375 41.708984375 41.708984375
42.7275390625 42.7275390625 42.7275390625 42.7275390625 42.7275390625 42.7275390625 42.7275390625 42.7275390625 42.7275390625
43.7734375 43.7734375 43.7734375 43.7734375 43.7734375 43.7734375 43.7734375 43.7734375
44.580078125 44.580078125 44.580078125 44.580078125 44.580078125 44.580078125 44.580078125 44.580078125 44.580078125
45.5986328125 45.5986328125 45.5986328125 45.5986328125 45.5986328125 45.5986328125 45.5986328125 45.5986328125 45.5986328125
46.64453125 46.64453125 46.64453125 46.64453125 46.64453125 46.64453125 46.64453125 46.64453125
45.35546875 45.35546875 45.35546875 45.35546875 45.35546875 45.35546875 45.35546875 45.35546875 45.35546875
40.111328125 40.111328125 40.111328125 40.111328125 40.111328125 40.111328125 40.111328125 40.111328125 40.111328125
41.138671875 41.138671875 41.138671875 41.138671875 41.138671875 41.138671875 41.138671875 41.138671875
42.1201171875 42.1201171875 42.1201171875 42.1201171875 42.1201171875 42.1201171875 42.1201171875 42.1201171875 42.1201171875
43.1748046875 43.1748046875 43.1748046875 43.1748046875 43.1748046875 43.1748046875 43.1748046875 43.1748046875 43.1748046875
44.220703125 44.220703125 44.220703125 44.220703125 44.220703125 44.220703125 44.220703125 44.220703125
45.2021484375 45.2021484375 45.2021484375 45.2021484375 45.2021484375 45.2021484375 45.2021484375 45.2021484375 45.2021484375
46.248046875 46.248046875 46.248046875 46.248046875 46.248046875 46.248046875 46.248046875 46.248046875 46.248046875
47.2666015625 47.2666015625 47.2666015625 47.2666015625 47.2666015625 47.2666015625 47.2666015625 47.2666015625
46.36328125 46.36328125 46.36328125 46.36328125 46.36328125 46.36328125 46.36328125 46.36328125 46.36328125
40.08984375 40.08984375 40.08984375 40.08984375 40.08984375 40.08984375 40.08984375 40.08984375 40.08984375
41.0634765625 41.0634765625 41.0634765625 41.0634765625 41.0634765625 41.0634765625 41.0634765625 41.0634765625
42.072265625 42.072265625 42.072265625 42.072265625 42.072265625 42.072265625 42.072265625 42.072265625 42.072265625
43.095703125 43.095703125 43.095703125 43.095703125 43.095703125 43.095703125 43.095703125 43.095703125 43.095703125
44.1142578125 44.1142578125 44.1142578125 44.1142578125 44.1142578125 44.1142578125 44.1142578125 44.1142578125
45.119140625 45.119140625 45.119140625 45.119140625 45.119140625 45.119140625 45.119140625 45.119140625 45.119140625
46.1376953125 46.1376953125 46.1376953125 46.1376953125 46.1376953125 46.1376953125 46.1376953125 46.1376953125 46.1376953125
45.73046875 45.73046875 45.73046875 45.73046875 45.73046875 45.73046875 45.73046875 45.73046875
39.6220703125 39.6220703125 39.6220703125 39.6220703125 39.6220703125 39.6220703125 39.6220703125 39.6220703125 39.6220703125
40.7080078125 40.7080078125 40.7080078125 40.7080078125 40.7080078125 40.7080078125 40.7080078125 40.7080078125 40.7080078125
41.75390625 41.75390625 41.75390625 41.75390625 41.75390625 41.75390625 41.75390625 41.75390625
42.7109375 42.7109375 42.7109375 42.7109375 42.7109375 42.7109375 42.7109375 42.7109375 42.7109375
43.67578125 43.67578125 43.67578125 43.67578125 43.67578125 43.67578125 43.67578125 43.67578125 43.67578125
44.6669921875 44.6669921875 44.6669921875 44.6669921875 44.6669921875 44.6669921875 44.6669921875 44.6669921875
45.671875 45.671875 45.671875 45.671875 45.671875 45.671875 45.671875 45.671875 45.671875
46.4814453125 46.4814453125 46.4814453125 46.4814453125 46.4814453125 46.4814453125 46.4814453125 46.4814453125 46.4814453125
46.5234375 46.5234375 46.5234375 46.5234375 46.5234375 46.5234375 46.5234375 46.5234375
47.330078125 47.330078125 47.330078125 47.330078125 47.330078125 47.330078125 47.330078125 47.330078125 47.330078125
40.1904296875 40.1904296875 40.1904296875 40.1904296875 40.1904296875 40.1904296875 40.1904296875 40.1904296875 40.1904296875
41.236328125 41.236328125 41.236328125 41.236328125 41.236328125 41.236328125 41.236328125 41.236328125
42.23828125 42.23828125 42.23828125 42.23828125 42.23828125 42.23828125 42.23828125 42.23828125 42.23828125
43.2294921875 43.2294921875 43.2294921875 43.2294921875 43.2294921875 43.2294921875 43.2294921875 43.2294921875 43.2294921875
44.275390625 44.275390625 44.275390625 44.275390625 44.275390625 44.275390625 44.275390625 44.275390625
45.2568359375 45.2568359375 45.2568359375 45.2568359375 45.2568359375 45.2568359375 45.2568359375 45.2568359375 45.2568359375
46.302734375 46.302734375 46.302734375 46.302734375 46.302734375 46.302734375 46.302734375 46.302734375 46.302734375
46.337890625 46.337890625 46.337890625 46.337890625 46.337890625 46.337890625 46.337890625 46.337890625
39.6142578125 39.6142578125 39.6142578125 39.6142578125 39.6142578125 39.6142578125 39.6142578125 39.6142578125 39.6142578125
40.7001953125 40.7001953125 40.7001953125 40.7001953125 40.7001953125 40.7001953125 40.7001953125 40.7001953125 40.7001953125
41.74609375 41.74609375 41.74609375 41.74609375 41.74609375 41.74609375 41.74609375 41.74609375
42.703125 42.703125 42.703125 42.703125 42.703125 42.703125 42.703125 42.703125 42.703125
43.5126953125 43.5126953125 43.5126953125 43.5126953125 43.5126953125 43.5126953125 43.5126953125 43.5126953125 43.5126953125
44.55859375 44.55859375 44.55859375 44.55859375 44.55859375 44.55859375 44.55859375 44.55859375
45.515625 45.515625 45.515625 45.515625 45.515625 45.515625 45.515625 45.515625 45.515625
46.3251953125 46.3251953125 46.3251953125 46.3251953125 46.3251953125 46.3251953125 46.3251953125 46.3251953125 46.3251953125
45.740234375 45.740234375 45.740234375 45.740234375 45.740234375 45.740234375 45.740234375 45.740234375
39.2978515625 39.2978515625 39.2978515625 39.2978515625 39.2978515625 39.2978515625 39.2978515625 39.2978515625 39.2978515625
40.3349609375 40.3349609375 40.3349609375 40.3349609375 40.3349609375 40.3349609375 40.3349609375 40.3349609375 40.3349609375
41.4609375 41.4609375 41.4609375 41.4609375 41.4609375 41.4609375 41.4609375 41.4609375
42.267578125 42.267578125 42.267578125 42.267578125 42.267578125 42.267578125 42.267578125 42.267578125 42.267578125
43.2861328125 43.2861328125 43.2861328125 43.2861328125 43.2861328125 43.2861328125 43.2861328125 43.2861328125 43.2861328125
44.33203125 44.33203125 44.33203125 44.33203125 44.33203125 44.33203125 44.33203125 44.33203125
45.2890625 45.2890625 45.2890625 45.2890625 45.2890625 45.2890625 45.2890625 45.2890625 45.2890625
46.25390625 46.25390625 46.25390625 46.25390625 46.25390625 46.25390625 46.25390625 46.25390625 46.25390625
47.2451171875 47.2451171875 47.2451171875 47.2451171875 47.2451171875 47.2451171875 47.2451171875 47.2451171875
46.62109375 46.62109375 46.62109375 46.62109375 46.62109375 46.62109375 46.62109375 46.62109375 46.62109375
40.13671875 40.13671875 40.13671875 40.13671875 40.13671875 40.13671875 40.13671875 40.13671875 40.13671875
41.1103515625 41.1103515625 41.1103515625 41.1103515625 41.1103515625 41.1103515625 41.1103515625 41.1103515625
42.119140625 42.119140625 42.119140625 42.119140625 42.119140625 42.119140625 42.119140625 42.119140625 42.119140625
43.142578125 43.142578125 43.142578125 43.142578125 43.142578125 43.142578125 43.142578125 43.142578125 43.142578125
44.1611328125 44.1611328125 44.1611328125 44.1611328125 44.1611328125 44.1611328125 44.1611328125 44.1611328125
45.166015625 45.166015625 45.166015625 45.166015625 45.166015625 45.166015625 45.166015625 45.166015625 45.166015625
46.1845703125 46.1845703125 46.1845703125 46.1845703125 46.1845703125 46.1845703125 46.1845703125 46.1845703125 46.1845703125
45.4921875 45.4921875 45.4921875 45.4921875 45.4921875 45.4921875 45.4921875 45.4921875
46.298828125 46.298828125 46.298828125 46.298828125 46.298828125 46.298828125 46.298828125 46.298828125 46.298828125
40.3623046875 40.3623046875 40.3623046875 40.3623046875 40.3623046875 40.3623046875 40.3623046875 40.3623046875 40.3623046875
41.408203125 41.408203125 41.408203125 41.408203125 41.408203125 41.408203125 41.408203125 41.408203125
42.41015625 42.41015625 42.41015625 42.41015625 42.41015625 42.41015625 42.41015625 42.41015625 42.41015625
43.4013671875 43.4013671875 43.4013671875 43.4013671875 43.4013671875 43.4013671875 43.4013671875 43.4013671875 43.4013671875
44.447265625 44.447265625 44.447265625 44.447265625 44.447265625 44.447265625 44.447265625 44.447265625
45.4287109375 45.4287109375 45.4287109375 45.4287109375 45.4287109375 45.4287109375 45.4287109375 45.4287109375 45.4287109375
46.474609375 46.474609375 46.474609375 46.474609375 46.474609375 46.474609375 46.474609375 46.474609375 46.474609375
46.0263671875 46.0263671875 46.0263671875 46.0263671875 46.0263671875 46.0263671875 46.0263671875 46.0263671875
39.6572265625 39.6572265625 39.6572265625 39.6572265625 39.6572265625 39.6572265625 39.6572265625 39.6572265625 39.6572265625
40.703125 40.703125 40.703125 40.703125 40.703125 40.703125 40.703125 40.703125 40.703125
41.5126953125 41.5126953125 41.5126953125 41.5126953125 41.5126953125 41.5126953125 41.5126953125 41.5126953125
42.517578125 42.517578125 42.517578125 42.517578125 42.517578125 42.517578125 42.517578125 42.517578125 42.517578125
43.5361328125 43.5361328125 43.5361328125 43.5361328125 43.5361328125 43.5361328125 43.5361328125 43.5361328125 43.5361328125
44.58203125 44.58203125 44.58203125 44.58203125 44.58203125 44.58203125 44.58203125 44.58203125
45.5595703125 45.5595703125 45.5595703125 45.5595703125 45.5595703125 45.5595703125 45.5595703125 45.5595703125 45.5595703125
46.60546875 46.60546875 46.60546875 46.60546875 46.60546875 46.60546875 46.60546875 46.60546875 46.60546875
46.3681640625 46.3681640625 46.3681640625 46.3681640625 46.3681640625 46.3681640625 46.3681640625 46.3681640625
39.6357421875 39.6357421875 39.6357421875 39.6357421875 39.6357421875 39.6357421875 39.6357421875 39.6357421875 39.6357421875
40.681640625 40.681640625 40.681640625 40.681640625 40.681640625 40.681640625 40.681640625 40.681640625 40.681640625
41.7001953125 41.7001953125 41.7001953125 41.7001953125 41.7001953125 41.7001953125 41.7001953125 41.7001953125
42.705078125 42.705078125 42.705078125 42.705078125 42.705078125 42.705078125 42.705078125 42.705078125 42.705078125
43.7236328125 43.7236328125 43.7236328125 43.7236328125 43.7236328125 43.7236328125 43.7236328125 43.7236328125 43.7236328125
44.76953125 44.76953125 44.76953125 44.76953125 44.76953125 44.76953125 44.76953125 44.76953125
45.7265625 45.7265625 45.7265625 45.7265625 45.7265625 45.7265625 45.7265625 45.7265625 45.7265625
46.69140625 46.69140625 46.69140625 46.69140625 46.69140625 46.69140625 46.69140625 46.69140625 46.69140625
46.5986328125 46.5986328125 46.5986328125 46.5986328125 46.5986328125 46.5986328125 46.5986328125 46.5986328125
39.4814453125 39.4814453125 39.4814453125 39.4814453125 39.4814453125 39.4814453125 39.4814453125 39.4814453125 39.4814453125
40.52734375 40.52734375 40.52734375 40.52734375 40.52734375 40.52734375 40.52734375 40.52734375 40.52734375
41.5185546875 41.5185546875 41.5185546875 41.5185546875 41.5185546875 41.5185546875 41.5185546875 41.5185546875
42.5234375 42.5234375 42.5234375 42.5234375 42.5234375 42.5234375 42.5234375 42.5234375 42.5234375
43.5087890625 43.5087890625 43.5087890625 43.5087890625 43.5087890625 43.5087890625 43.5087890625 43.5087890625 43.5087890625
44.5546875 44.5546875 44.5546875 44.5546875 44.5546875 44.5546875 44.5546875 44.5546875
45.361328125 45.361328125 45.361328125 45.361328125 45.361328125 45.361328125 45.361328125 45.361328125 45.361328125
46.3798828125 46.3798828125 46.3798828125 46.3798828125 46.3798828125 46.3798828125 46.3798828125 46.3798828125 46.3798828125
45.6484375 45.6484375 45.6484375 45.6484375 45.6484375 45.6484375 45.6484375 45.6484375
39.0234375 39.0234375 39.0234375 39.0234375 39.0234375 39.0234375 39.0234375 39.0234375 39.0234375
39.982421875 39.982421875 39.982421875 39.982421875 39.982421875 39.982421875 39.982421875 39.982421875 39.982421875
41.0185546875 41.0185546875 41.0185546875 41.0185546875 41.0185546875 41.0185546875 41.0185546875 41.0185546875
42.0234375 42.0234375 42.0234375 42.0234375 42.0234375 42.0234375 42.0234375 42.0234375 42.0234375
42.98828125 42.98828125 42.98828125 42.98828125 42.98828125 42.98828125 42.98828125 42.98828125 42.98828125
43.9794921875 43.9794921875 43.9794921875 43.9794921875 43.9794921875 43.9794921875 43.9794921875 43.9794921875
44.984375 44.984375 44.984375 44.984375 44.984375 44.984375 44.984375 44.984375 44.984375
45.7939453125 45.7939453125 45.7939453125 45.7939453125 45.7939453125 45.7939453125 45.7939453125 45.7939453125 45.7939453125
45.5302734375 45.5302734375 45.5302734375 45.5302734375 45.5302734375 45.5302734375 45.5302734375 45.5302734375
39.0517578125 39.0517578125 39.0517578125 39.0517578125 39.0517578125 39.0517578125 39.0517578125 39.0517578125 39.0517578125
39.5791015625 40.09765625 40.09765625 40.09765625 40.09765625 40.09765625 40.09765625 40.09765625 40.09765625 40.09765625
41.2216796875 41.2216796875 41.2216796875 41.2216796875 41.2216796875 41.2216796875 41.2216796875 41.2216796875
42.2265625 42.2265625 42.2265625 42.2265625 42.2265625 42.2265625 42.2265625 42.2265625 42.2265625
42.724609375 43.2119140625 43.2119140625 43.2119140625 43.2119140625 43.2119140625 43.2119140625 43.2119140625 43.2119140625 43.2119140625
44.4755859375 44.4755859375 44.4755859375 44.4755859375 44.4755859375 44.4755859375 44.4755859375 44.4755859375
45.48046875 45.48046875 45.48046875 45.48046875 45.48046875 45.48046875 45.48046875 45.48046875 45.48046875 45.48046875
46.5068359375 46.5068359375 46.5068359375 46.5068359375 46.5068359375 46.5068359375 46.5068359375 46.5068359375 46.5068359375
45.6591796875 45.6591796875 45.6591796875 45.6591796875 45.6591796875 45.6591796875 45.6591796875 45.6591796875
39.798828125 39.798828125 39.798828125 39.798828125 39.798828125 39.798828125 39.798828125 39.798828125 39.798828125 39.798828125
41.00390625 41.00390625 41.00390625 41.00390625 41.00390625 41.00390625 41.00390625 41.00390625 41.00390625
41.9951171875 41.9951171875 41.9951171875 41.9951171875 41.9951171875 41.9951171875 41.9951171875 41.9951171875
43 43 43 43 43 43 43 43 43 43
43.685546875 43.685546875 43.685546875 43.685546875 43.685546875 43.685546875 43.685546875 43.685546875 43.685546875
44.203125 44.7041015625 44.7041015625 44.7041015625 44.7041015625 44.7041015625 44.7041015625 44.7041015625 44.7041015625
45.763671875 45.763671875 45.763671875 45.763671875 45.763671875 45.763671875 45.763671875 45.763671875 45.763671875 45.763671875
45.7021484375 45.7021484375 45.7021484375 45.7021484375 45.7021484375 45.7021484375 45.7021484375 45.7021484375 45.7021484375 45.7021484375
39.3056640625 39.3056640625 39.3056640625 39.3056640625 39.3056640625 39.3056640625 39.3056640625 39.3056640625
40.283203125 40.283203125 40.283203125 40.283203125 40.283203125 40.283203125 40.283203125 40.283203125 40.283203125 40.283203125
41.48828125 41.48828125 41.48828125 41.48828125 41.48828125 41.48828125 41.48828125 41.48828125 41.48828125 41.48828125
42.5146484375 42.5146484375 42.5146484375 42.5146484375 42.5146484375 42.5146484375 42.5146484375 42.5146484375
43.51953125 43.51953125 43.51953125 43.51953125 43.51953125 43.51953125 43.51953125 43.51953125 43.51953125 43.51953125
44.5458984375 44.5458984375 44.5458984375 44.5458984375 44.5458984375 44.5458984375 44.5458984375 44.5458984375 44.5458984375 44.5458984375
45.7822265625 45.7822265625 45.7822265625 45.7822265625 45.7822265625 45.7822265625 45.7822265625 45.7822265625
46.787109375 46.787109375 46.787109375 46.787109375 46.787109375 46.787109375 46.787109375 46.787109375 46.787109375 46.787109375
38.9658203125 38.9658203125 38.9658203125 38.9658203125 38.9658203125 38.9658203125 38.9658203125 38.9658203125 38.9658203125 38.9658203125
40.279296875 40.279296875 40.279296875 40.279296875 40.279296875 40.279296875 40.279296875 40.279296875
41.28125 41.28125 41.28125 41.28125 41.28125 41.28125 41.28125 41.28125 41.28125 41.28125
42.08984375 42.08984375 42.08984375 42.08984375 42.08984375 42.08984375 42.08984375 42.08984375 42.08984375 42.08984375
43.1162109375 43.1162109375 43.1162109375 43.1162109375 43.1162109375 43.1162109375 43.1162109375 43.1162109375
44.12109375 44.12109375 44.12109375 44.12109375 44.12109375 44.12109375 44.12109375 44.12109375 44.12109375 44.12109375
45.1474609375 45.1474609375 45.1474609375 45.1474609375 45.1474609375 45.1474609375 45.1474609375 45.1474609375 45.1474609375 45.1474609375
46.3740234375 46.3740234375 46.3740234375 46.3740234375 46.3740234375 46.3740234375 46.3740234375 46.3740234375
46.123046875 46.123046875 46.123046875 46.123046875 46.123046875 46.123046875 46.123046875 46.123046875 46.123046875 46.123046875
40.2734375 40.2734375 40.2734375 40.2734375 40.2734375 40.2734375 40.2734375 40.2734375 40.2734375 40.2734375
41.240234375 41.240234375 41.240234375 41.240234375 41.240234375 41.240234375 41.240234375 41.240234375
42.2421875 42.2421875 42.2421875 42.2421875 42.2421875 42.2421875 42.2421875 42.2421875 42.2421875 42.2421875
43.23828125 43.23828125 43.23828125 43.23828125 43.23828125 43.23828125 43.23828125 43.23828125 43.23828125 43.23828125
44.2744140625 44.2744140625 44.2744140625 44.2744140625 44.2744140625 44.2744140625 44.2744140625 44.2744140625
45.279296875 45.279296875 45.279296875 45.279296875 45.279296875 45.279296875 45.279296875 45.279296875 45.279296875 45.279296875
46.4765625 46.4765625 46.4765625 46.4765625 46.4765625 46.4765625 46.4765625 46.4765625 46.4765625 46.4765625
47.47265625 47.47265625 47.47265625 47.47265625 47.47265625 47.47265625 47.47265625 47.47265625
45.9501953125 45.9501953125 45.9501953125 45.9501953125 45.9501953125 45.9501953125 45.9501953125 45.9501953125 45.9501953125 45.9501953125
39.880859375 39.880859375 39.880859375 39.880859375 39.880859375 39.880859375 39.880859375 39.880859375 39.880859375 39.880859375
41.068359375 41.068359375 41.068359375 41.068359375 41.068359375 41.068359375 41.068359375 41.068359375
42.0498046875 42.0498046875 42.0498046875 42.0498046875 42.0498046875 42.0498046875 42.0498046875 42.0498046875 42.0498046875 42.0498046875
43.2763671875 43.2763671875 43.2763671875 43.2763671875 43.2763671875 43.2763671875 43.2763671875 43.2763671875 43.2763671875 43.2763671875
44.5029296875 44.5029296875 44.5029296875 44.5029296875 44.5029296875 44.5029296875 44.5029296875 44.5029296875
45.5078125 45.5078125 45.5078125 45.5078125 45.5078125 45.5078125 45.5078125 45.5078125 45.5078125 45.5078125
46.50390625 46.50390625 46.50390625 46.50390625 46.50390625 46.50390625 46.50390625 46.50390625 46.50390625 46.50390625
46.03125 46.03125 46.03125 46.03125 46.03125 46.03125 46.03125 46.03125
39.3994140625 39.3994140625 39.3994140625 39.3994140625 39.3994140625 39.3994140625 39.3994140625 39.3994140625 39.3994140625 39.3994140625
40.712890625 40.712890625 40.712890625 40.712890625 40.712890625 40.712890625 40.712890625 40.712890625 40.712890625 40.712890625
41.900390625 41.900390625 41.900390625 41.900390625 41.900390625 41.900390625 41.900390625 41.900390625
42.90234375 42.90234375 42.90234375 42.90234375 42.90234375 42.90234375 42.90234375 42.90234375 42.90234375 42.90234375
43.9287109375 43.9287109375 43.9287109375 43.9287109375 43.9287109375 43.9287109375 43.9287109375 43.9287109375 43.9287109375 43.9287109375
45.1552734375 45.1552734375 45.1552734375 45.1552734375 45.1552734375 45.1552734375 45.1552734375 45.1552734375
46.16015625 46.16015625 46.16015625 46.16015625 46.16015625 46.16015625 46.16015625 46.16015625 46.16015625 46.16015625
45.208984375 45.208984375 45.208984375 45.208984375 45.208984375 45.208984375 45.208984375 45.208984375 45.208984375 45.208984375
40.107421875 40.107421875 40.107421875 40.107421875 40.107421875 40.107421875 40.107421875 40.107421875
41.109375 41.109375 41.109375 41.109375 41.109375 41.109375 41.109375 41.109375 41.109375 41.109375
42.076171875 42.076171875 42.076171875 42.076171875 42.076171875 42.076171875 42.076171875 42.076171875 42.076171875 42.076171875
43.263671875 43.263671875 43.263671875 43.263671875 43.263671875 43.263671875 43.263671875 43.263671875
44.2451171875 44.2451171875 44.2451171875 44.2451171875 44.2451171875 44.2451171875 44.2451171875 44.2451171875 44.2451171875 44.2451171875
45.4814453125 45.4814453125 45.4814453125 45.4814453125 45.4814453125 45.4814453125 45.4814453125 45.4814453125 45.4814453125 45.4814453125
46.7080078125 46.7080078125 46.7080078125 46.7080078125 46.7080078125 46.7080078125 46.7080078125 46.7080078125
45.9873046875 45.9873046875 45.9873046875 45.9873046875 45.9873046875 45.9873046875 45.9873046875 45.9873046875 45.9873046875 45.9873046875
40.32421875 40.32421875 40.32421875 40.32421875 40.32421875 40.32421875 40.32421875 40.32421875 40.32421875 40.32421875
41.3310546875 41.3310546875 41.3310546875 41.3310546875 41.3310546875 41.3310546875 41.3310546875 41.3310546875
42.3359375 42.3359375 42.3359375 42.3359375 42.3359375 42.3359375 42.3359375 42.3359375 42.3359375 42.3359375
43.33203125 43.33203125 43.33203125 43.33203125 43.33203125 43.33203125 43.33203125 43.33203125 43.33203125 43.33203125
44.3583984375 44.3583984375 44.3583984375 44.3583984375 44.3583984375 44.3583984375 44.3583984375 44.3583984375
45.36328125 45.36328125 45.36328125 45.36328125 45.36328125 45.36328125 45.36328125 45.36328125 45.36328125 45.36328125
46.3896484375 46.3896484375 46.3896484375 46.3896484375 46.3896484375 46.3896484375 46.3896484375 46.3896484375 46.3896484375 46.3896484375
45.6181640625 45.6181640625 45.6181640625 45.6181640625 45.6181640625 45.6181640625 45.6181640625 45.6181640625
39.0712890625 39.0712890625 39.0712890625 39.0712890625 39.0712890625 39.0712890625 39.0712890625 39.0712890625 39.0712890625 39.0712890625
40.2978515625 40.2978515625 40.2978515625 40.2978515625 40.2978515625 40.2978515625 40.2978515625 40.2978515625 40.2978515625 40.2978515625
41.5244140625 41.5244140625 41.5244140625 41.5244140625 41.5244140625 41.5244140625 41.5244140625 41.5244140625
42.529296875 42.529296875 42.529296875 42.529296875 42.529296875 42.529296875 42.529296875 42.529296875 42.529296875 42.529296875
43.716796875 43.716796875 43.716796875 43.716796875 43.716796875 43.716796875 43.716796875 43.716796875 43.716796875 43.716796875
44.904296875 44.904296875 44.904296875 44.904296875 44.904296875 44.904296875 44.904296875 44.904296875
45.90625 45.90625 45.90625 45.90625 45.90625 45.90625 45.90625 45.90625 45.90625 45.90625
46.71484375 46.71484375 46.71484375 46.71484375 46.71484375 46.71484375 46.71484375 46.71484375 46.71484375 46.71484375
46.4375 46.4375 46.4375 46.4375 46.4375 46.4375 46.4375 46.4375
39.318359375 39.318359375 39.318359375 39.318359375 39.318359375 39.318359375 39.318359375 39.318359375 39.318359375 39.318359375
40.5830078125 40.5830078125 40.5830078125 40.5830078125 40.5830078125 40.5830078125 40.5830078125 40.5830078125 40.5830078125 40.5830078125
41.8193359375 41.8193359375 41.8193359375 41.8193359375 41.8193359375 41.8193359375 41.8193359375 41.8193359375
42.82421875 42.82421875 42.82421875 42.82421875 42.82421875 42.82421875 42.82421875 42.82421875 42.82421875 42.82421875
43.8505859375 43.8505859375 43.8505859375 43.8505859375 43.8505859375 43.8505859375 43.8505859375 43.8505859375 43.8505859375 43.8505859375
45.0771484375 45.0771484375 45.0771484375 45.0771484375 45.0771484375 45.0771484375 45.0771484375 45.0771484375
46.08203125 46.08203125 46.08203125 46.08203125 46.08203125 46.08203125 46.08203125 46.08203125 46.08203125 46.08203125
45.501953125 45.501953125 45.501953125 45.501953125 45.501953125 45.501953125 45.501953125 45.501953125 45.501953125 45.501953125
39.8125 39.8125 39.8125 39.8125 39.8125 39.8125 39.8125 39.8125
40.482421875 40.482421875 40.482421875 40.482421875 40.482421875 40.482421875 40.482421875 40.482421875 40.482421875 40.482421875
41.7470703125 41.7470703125 41.7470703125 41.7470703125 41.7470703125 41.7470703125 41.7470703125 41.7470703125 41.7470703125 41.7470703125
42.9833984375 42.9833984375 42.9833984375 42.9833984375 42.9833984375 42.9833984375 42.9833984375 42.9833984375
43.98828125 43.98828125 43.98828125 43.98828125 43.98828125 43.98828125 43.98828125 43.98828125 43.98828125 43.98828125
45.0146484375 45.0146484375 45.0146484375 45.0146484375 45.0146484375 45.0146484375 45.0146484375 45.0146484375 45.0146484375 45.0146484375
46.2412109375 46.2412109375 46.2412109375 46.2412109375 46.2412109375 46.2412109375 46.2412109375 46.2412109375
46.2763671875 46.2763671875 46.2763671875 46.2763671875 46.2763671875 46.2763671875 46.2763671875 46.2763671875 46.2763671875 46.2763671875
39.265625 39.265625 39.265625 39.265625 39.265625 39.265625 39.265625 39.265625 39.265625 39.265625
40.2138671875 40.2138671875 40.2138671875 40.2138671875 40.2138671875 40.2138671875 40.2138671875 40.2138671875
41.23046875 41.23046875 41.23046875 41.23046875 41.23046875 41.23046875 41.23046875 41.23046875 41.23046875 41.23046875
42.2646484375 42.2646484375 42.2646484375 42.2646484375 42.2646484375 42.2646484375 42.2646484375 42.2646484375 42.2646484375 42.2646484375
43.5107421875 43.5107421875 43.5107421875 43.5107421875 43.5107421875 43.5107421875 43.5107421875 43.5107421875
44.515625 44.515625 44.515625 44.515625 44.515625 44.515625 44.515625 44.515625 44.515625 44.515625
45.482421875 45.482421875 45.482421875 45.482421875 45.482421875 45.482421875 45.482421875 45.482421875 45.482421875 45.482421875
46.669921875 46.669921875 46.669921875 46.669921875 46.669921875 46.669921875 46.669921875 46.669921875
45.9248046875 45.9248046875 45.9248046875 45.9248046875 45.9248046875 45.9248046875 45.9248046875 45.9248046875 45.9248046875 45.9248046875
39.9765625 39.9765625 39.9765625 39.9765625 39.9765625 39.9765625 39.9765625 39.9765625 39.9765625 39.9765625
40.97265625 40.97265625 40.97265625 40.97265625 40.97265625 40.97265625 40.97265625 40.97265625
41.9296875 41.9296875 41.9296875 41.9296875 41.9296875 41.9296875 41.9296875 41.9296875 41.9296875 41.9296875
42.92578125 42.92578125 42.92578125 42.92578125 42.92578125 42.92578125 42.92578125 42.92578125 42.92578125 42.92578125
43.9521484375 43.9521484375 43.9521484375 43.9521484375 43.9521484375 43.9521484375 43.9521484375 43.9521484375
44.95703125 44.95703125 44.95703125 44.95703125 44.95703125 44.95703125 44.95703125 44.95703125 44.95703125 44.95703125
45.9833984375 45.9833984375 45.9833984375 45.9833984375 45.9833984375 45.9833984375 45.9833984375 45.9833984375 45.9833984375 45.9833984375
46.6669921875 46.6669921875 46.6669921875 46.6669921875 46.6669921875 46.6669921875 46.6669921875 46.6669921875
40.1533203125 40.1533203125 40.1533203125 40.1533203125 40.1533203125 40.1533203125 40.1533203125 40.1533203125 40.1533203125 40.1533203125
41.3798828125 41.3798828125 41.3798828125 41.3798828125 41.3798828125 41.3798828125 41.3798828125 41.3798828125 41.3798828125 41.3798828125
42.6064453125 42.6064453125 42.6064453125 42.6064453125 42.6064453125 42.6064453125 42.6064453125 42.6064453125
43.611328125 43.611328125 43.611328125 43.611328125 43.611328125 43.611328125 43.611328125 43.611328125 43.611328125 43.611328125
44.798828125 44.798828125 44.798828125 44.798828125 44.798828125 44.798828125 44.798828125 44.798828125 44.798828125 44.798828125
45.986328125 45.986328125 45.986328125 45.986328125 45.986328125 45.986328125 45.986328125 45.986328125
46.98828125 46.98828125 46.98828125 46.98828125 46.98828125 46.98828125 46.98828125 46.98828125 46.98828125 46.98828125
46.7099609375 46.7099609375 46.7099609375 46.7099609375 46.7099609375 46.7099609375 46.7099609375 46.7099609375 46.7099609375 46.7099609375
40.1484375 40.1484375 40.1484375 40.1484375 40.1484375 40.1484375 40.1484375 40.1484375
40.8681640625 40.8681640625 40.8681640625 40.8681640625 40.8681640625 40.8681640625 40.8681640625 40.8681640625 40.8681640625 40.8681640625
42.181640625 42.181640625 42.181640625 42.181640625 42.181640625 42.181640625 42.181640625 42.181640625 42.181640625 42.181640625
43.369140625 43.369140625 43.369140625 43.369140625 43.369140625 43.369140625 43.369140625 43.369140625
44.37109375 44.37109375 44.37109375 44.37109375 44.37109375 44.37109375 44.37109375 44.37109375 44.37109375 44.37109375
45.3974609375 45.3974609375 45.3974609375 45.3974609375 45.3974609375 45.3974609375 45.3974609375 45.3974609375 45.3974609375 45.3974609375
46.6240234375 46.6240234375 46.6240234375 46.6240234375 46.6240234375 46.6240234375 46.6240234375 46.6240234375
45.6669921875 45.6669921875 45.6669921875 45.6669921875 45.6669921875 45.6669921875 45.6669921875 45.6669921875 45.6669921875 45.6669921875
39.94921875 39.94921875 39.94921875 39.94921875 39.94921875 39.94921875 39.94921875 39.94921875 39.94921875 39.94921875
40.9560546875 40.9560546875 40.9560546875 40.9560546875 40.9560546875 40.9560546875 40.9560546875 40.9560546875
