48.8388671875 48.8701171875 48.8701171875 48.8935546875 48.8935546875 48.8935546875 48.9248046875 48.9248046875 48.9248046875 
51.078125 51.078125 51.078125 51.078125 51.078125 51.078125 51.078125 51.078125 
52.5654296875 52.5654296875 52.5654296875 52.5654296875 52.5654296875 52.5654296875 52.5654296875 52.5654296875 
54.291015625 54.291015625 54.291015625 54.291015625 54.291015625 54.291015625 54.291015625 54.291015625 
55.95703125 55.95703125 55.95703125 55.95703125 55.95703125 55.95703125 55.95703125 55.95703125 
53.46875 53.46875 53.46875 53.46875 53.46875 53.46875 53.46875 53.46875 
52.5380859375 52.5380859375 52.5380859375 52.5380859375 52.5380859375 52.5380859375 52.5380859375 52.5380859375 
54.302734375 54.302734375 54.302734375 54.302734375 54.302734375 54.302734375 54.302734375 54.302734375 
55.96875 55.96875 55.96875 55.96875 55.96875 55.96875 55.96875 55.96875 55.96875 
57.5185546875 57.5185546875 57.5185546875 57.5185546875 57.5185546875 57.5185546875 57.5185546875 57.5185546875 57.5185546875 
59.4384765625 59.4384765625 59.4384765625 59.4384765625 59.4384765625 59.4384765625 59.4384765625 59.4384765625 
61.1640625 61.1640625 61.1640625 61.1640625 61.1640625 61.1640625 61.1640625 61.1640625 61.1640625 
61.0859375 61.625 61.625 61.625 61.625 61.625 61.625 61.625 61.625 
50.8779296875 50.8779296875 50.8779296875 50.8779296875 50.8779296875 50.8779296875 50.8779296875 50.8779296875 
52.6474609375 52.6474609375 52.6474609375 52.6474609375 52.6474609375 52.6474609375 52.6474609375 52.6474609375 52.6474609375 
54.5673828125 54.5673828125 54.5673828125 54.5673828125 54.5673828125 54.5673828125 54.5673828125 54.5673828125 54.5673828125 
56.4736328125 56.4736328125 56.4736328125 56.4736328125 56.4736328125 56.4736328125 56.4736328125 56.4736328125 
58.19921875 58.19921875 58.19921875 58.19921875 58.19921875 58.19921875 58.19921875 58.19921875 58.19921875 
59.962890625 59.962890625 59.962890625 59.962890625 59.962890625 59.962890625 59.962890625 59.962890625 59.962890625 
61.3291015625 61.3291015625 61.3291015625 61.3291015625 61.3291015625 61.3291015625 61.3291015625 61.3291015625 
56.1279296875 56.1279296875 56.1279296875 56.1279296875 56.1279296875 56.1279296875 56.1279296875 56.1279296875 56.1279296875 
52.0810546875 52.0810546875 52.0810546875 52.0810546875 52.0810546875 52.0810546875 52.0810546875 52.0810546875 52.0810546875 
53.9873046875 53.9873046875 53.9873046875 53.9873046875 53.9873046875 53.9873046875 53.9873046875 53.9873046875 53.9873046875 
55.8935546875 55.8935546875 55.8935546875 55.8935546875 55.8935546875 55.8935546875 55.8935546875 55.8935546875 55.8935546875 
57.7998046875 57.7998046875 57.7998046875 57.7998046875 57.7998046875 57.7998046875 57.7998046875 57.7998046875 57.7998046875 
59.7060546875 59.7060546875 59.7060546875 59.7060546875 59.7060546875 59.7060546875 59.7060546875 59.7060546875 
61.431640625 61.431640625 61.431640625 61.431640625 61.431640625 61.431640625 61.431640625 61.431640625 61.431640625 
63.1025390625 63.1025390625 63.1025390625 63.1025390625 63.1025390625 63.1025390625 63.1025390625 63.1025390625 63.1025390625 
51.5048828125 51.5048828125 51.5048828125 51.5048828125 51.5048828125 51.5048828125 51.5048828125 51.5048828125 
53.216796875 53.216796875 53.216796875 53.216796875 53.216796875 53.216796875 53.216796875 53.216796875 53.216796875 
55.056640625 55.056640625 55.056640625 55.056640625 55.056640625 55.056640625 55.056640625 55.056640625 55.056640625 
56.8916015625 56.8916015625 56.8916015625 56.8916015625 56.8916015625 56.8916015625 56.8916015625 56.8916015625 
58.6171875 58.6171875 58.6171875 58.6171875 58.6171875 58.6171875 58.6171875 58.6171875 58.6171875 
60.3095703125 60.3095703125 60.3095703125 60.3095703125 60.3095703125 60.3095703125 60.3095703125 60.3095703125 60.3095703125 
61.712890625 61.712890625 61.712890625 61.712890625 61.712890625 61.712890625 61.712890625 61.712890625 
57.580078125 57.580078125 57.580078125 57.580078125 57.580078125 57.580078125 57.580078125 57.580078125 57.580078125 
52.673828125 52.673828125 52.673828125 52.673828125 52.673828125 52.673828125 52.673828125 52.673828125 52.673828125 
54.5087890625 54.5087890625 54.5087890625 54.5087890625 54.5087890625 54.5087890625 54.5087890625 54.5087890625 
56.234375 56.234375 56.234375 56.234375 56.234375 56.234375 56.234375 56.234375 56.234375 
57.85546875 57.85546875 57.85546875 57.85546875 57.85546875 57.85546875 57.85546875 57.85546875 57.85546875 
59.619140625 59.619140625 59.619140625 59.619140625 59.619140625 59.619140625 59.619140625 59.619140625 
61.28515625 61.28515625 61.28515625 61.28515625 61.28515625 61.28515625 61.28515625 61.28515625 61.28515625 
55.298828125 55.298828125 55.298828125 55.298828125 55.298828125 55.298828125 55.298828125 55.298828125 55.298828125 
51.51953125 51.51953125 51.51953125 51.51953125 51.51953125 51.51953125 51.51953125 51.51953125 51.51953125 
53.283203125 53.283203125 53.283203125 53.283203125 53.283203125 53.283203125 53.283203125 53.283203125 53.283203125 
55.1181640625 55.1181640625 55.1181640625 55.1181640625 55.1181640625 55.1181640625 55.1181640625 55.1181640625 55.1181640625 
57.033203125 57.033203125 57.033203125 57.033203125 57.033203125 57.033203125 57.033203125 57.033203125 
58.69921875 58.69921875 58.69921875 58.69921875 58.69921875 58.69921875 58.69921875 58.69921875 58.69921875 
60.462890625 60.462890625 60.462890625 60.462890625 60.462890625 60.462890625 60.462890625 60.462890625 60.462890625 
62.12109375 62.12109375 62.12109375 62.12109375 62.12109375 62.12109375 62.12109375 62.12109375 
56.85546875 56.85546875 56.85546875 56.85546875 56.85546875 56.85546875 56.85546875 56.85546875 56.85546875 
52.4326171875 52.4326171875 52.4326171875 52.4326171875 52.4326171875 52.4326171875 52.4326171875 52.4326171875 52.4326171875 
54.3564453125 54.3564453125 54.3564453125 54.3564453125 54.3564453125 54.3564453125 54.3564453125 54.3564453125 
56.08203125 56.08203125 56.08203125 56.08203125 56.08203125 56.08203125 56.08203125 56.08203125 56.08203125 
57.845703125 57.845703125 57.845703125 57.845703125 57.845703125 57.845703125 57.845703125 57.845703125 57.845703125 
59.6806640625 59.6806640625 59.6806640625 59.6806640625 59.6806640625 59.6806640625 59.6806640625 59.6806640625 
61.40625 61.40625 61.40625 61.40625 61.40625 61.40625 61.40625 61.40625 61.40625 
54.521484375 54.521484375 54.521484375 54.521484375 54.521484375 54.521484375 54.521484375 54.521484375 54.521484375 
51.54296875 51.54296875 51.54296875 51.54296875 51.54296875 51.54296875 51.54296875 51.54296875 
53.1494140625 53.1494140625 53.1494140625 53.1494140625 53.1494140625 53.1494140625 53.1494140625 53.1494140625 53.1494140625 
55.064453125 55.064453125 55.064453125 55.064453125 55.064453125 55.064453125 55.064453125 55.064453125 55.064453125 
56.8994140625 56.8994140625 56.8994140625 56.8994140625 56.8994140625 56.8994140625 56.8994140625 56.8994140625 
58.625 58.625 58.625 58.625 58.625 58.625 58.625 58.625 58.625 
60.0322265625 60.0322265625 60.0322265625 60.0322265625 60.0322265625 60.0322265625 60.0322265625 60.0322265625 60.0322265625 
61.1513671875 61.1513671875 61.1513671875 61.1513671875 61.1513671875 61.1513671875 61.1513671875 61.1513671875 
50.798828125 50.798828125 50.798828125 50.798828125 50.798828125 50.798828125 50.798828125 50.798828125 50.798828125 
52.7060546875 52.7060546875 52.7060546875 52.7060546875 52.7060546875 52.7060546875 52.7060546875 52.7060546875 52.7060546875 
54.62109375 54.62109375 54.62109375 54.62109375 54.62109375 54.62109375 54.62109375 54.62109375 
56.2275390625 56.2275390625 56.2275390625 56.2275390625 56.2275390625 56.2275390625 56.2275390625 56.2275390625 56.2275390625 
58.1337890625 58.1337890625 58.1337890625 58.1337890625 58.1337890625 58.1337890625 58.1337890625 58.1337890625 58.1337890625 
60.0400390625 60.0400390625 60.0400390625 60.0400390625 60.0400390625 60.0400390625 60.0400390625 60.0400390625 
61.765625 61.765625 61.765625 61.765625 61.765625 61.765625 61.765625 61.765625 61.765625 
55.7080078125 55.7080078125 55.7080078125 55.7080078125 55.7080078125 55.7080078125 55.7080078125 55.7080078125 55.7080078125 
52.455078125 52.455078125 52.455078125 52.455078125 52.455078125 52.455078125 52.455078125 52.455078125 
54.12109375 54.12109375 54.12109375 54.12109375 54.12109375 54.12109375 54.12109375 54.12109375 54.12109375 
55.884765625 55.884765625 55.884765625 55.884765625 55.884765625 55.884765625 55.884765625 55.884765625 55.884765625 
57.7197265625 57.7197265625 57.7197265625 57.7197265625 57.7197265625 57.7197265625 57.7197265625 57.7197265625 57.7197265625 
59.6259765625 59.6259765625 59.6259765625 59.6259765625 59.6259765625 59.6259765625 59.6259765625 59.6259765625 59.6259765625 
61.5322265625 61.5322265625 61.5322265625 61.5322265625 61.5322265625 61.5322265625 61.5322265625 61.5322265625 61.5322265625 
56.5068359375 56.5068359375 56.5068359375 56.5068359375 56.5068359375 56.5068359375 56.5068359375 56.5068359375 
51.640625 51.640625 51.640625 51.640625 51.640625 51.640625 51.640625 51.640625 51.640625 
53.2265625 53.2265625 53.2265625 53.2265625 53.2265625 53.2265625 53.2265625 53.2265625 53.2265625 
54.927734375 54.927734375 54.927734375 54.927734375 54.927734375 54.927734375 54.927734375 54.927734375 
56.5986328125 56.5986328125 56.5986328125 56.5986328125 56.5986328125 56.5986328125 56.5986328125 56.5986328125 56.5986328125 
58.5263671875 58.5263671875 58.5263671875 58.5263671875 58.5263671875 58.5263671875 58.5263671875 58.5263671875 58.5263671875 
60.4326171875 60.4326171875 60.4326171875 60.4326171875 60.4326171875 60.4326171875 60.4326171875 60.4326171875 
61.84765625 61.84765625 61.84765625 61.84765625 61.84765625 61.84765625 61.84765625 61.84765625 61.84765625 
51.3720703125 51.3720703125 51.3720703125 51.3720703125 51.3720703125 51.3720703125 51.3720703125 51.3720703125 51.3720703125 
53.2958984375 53.2958984375 53.2958984375 53.2958984375 53.2958984375 53.2958984375 53.2958984375 53.2958984375 
55.021484375 55.021484375 55.021484375 55.021484375 55.021484375 55.021484375 55.021484375 55.021484375 55.021484375 
56.8564453125 56.8564453125 56.8564453125 56.8564453125 56.8564453125 56.8564453125 56.8564453125 56.8564453125 56.8564453125 
58.7626953125 58.7626953125 58.7626953125 58.7626953125 58.7626953125 58.7626953125 58.7626953125 58.7626953125 
60.48828125 60.48828125 60.48828125 60.48828125 60.48828125 60.48828125 60.48828125 60.48828125 60.48828125 
62.251953125 62.251953125 62.251953125 62.251953125 62.251953125 62.251953125 62.251953125 62.251953125 62.251953125 
56.0283203125 56.0283203125 56.0283203125 56.0283203125 56.0283203125 56.0283203125 56.0283203125 56.0283203125 
52.51953125 52.51953125 52.51953125 52.51953125 52.51953125 52.51953125 52.51953125 52.51953125 52.51953125 
54.283203125 54.283203125 54.283203125 54.283203125 54.283203125 54.283203125 54.283203125 54.283203125 54.283203125 
56.123046875 56.123046875 56.123046875 56.123046875 56.123046875 56.123046875 56.123046875 56.123046875 56.123046875 
57.9580078125 57.9580078125 57.9580078125 57.9580078125 57.9580078125 57.9580078125 57.9580078125 57.9580078125 57.9580078125 
59.873046875 59.873046875 59.873046875 59.873046875 59.873046875 59.873046875 59.873046875 59.873046875 59.873046875 
61.7080078125 61.7080078125 61.7080078125 61.7080078125 61.7080078125 61.7080078125 61.7080078125 61.7080078125 
55.716796875 55.716796875 55.716796875 55.716796875 55.716796875 55.716796875 55.716796875 55.716796875 55.716796875 
51.7353515625 51.7353515625 51.7353515625 51.7353515625 51.7353515625 51.7353515625 51.7353515625 51.7353515625 51.7353515625 
53.650390625 53.650390625 53.650390625 53.650390625 53.650390625 53.650390625 53.650390625 53.650390625 
55.31640625 55.31640625 55.31640625 55.31640625 55.31640625 55.31640625 55.31640625 55.31640625 55.31640625 
57.080078125 57.080078125 57.080078125 57.080078125 57.080078125 57.080078125 57.080078125 57.080078125 57.080078125 
58.9150390625 58.9150390625 58.9150390625 58.9150390625 58.9150390625 58.9150390625 58.9150390625 58.9150390625 
60.640625 60.640625 60.640625 60.640625 60.640625 60.640625 60.640625 60.640625 60.640625 
61.6796875 61.6796875 61.6796875 61.6796875 61.6796875 61.6796875 61.6796875 61.6796875 61.6796875 
51.0673828125 51.0673828125 51.0673828125 51.0673828125 51.0673828125 51.0673828125 51.0673828125 51.0673828125 
52.8603515625 52.8603515625 52.8603515625 52.8603515625 52.8603515625 52.8603515625 52.8603515625 52.8603515625 52.8603515625 
54.7802734375 54.7802734375 54.7802734375 54.7802734375 54.7802734375 54.7802734375 54.7802734375 54.7802734375 54.7802734375 
56.6865234375 56.6865234375 56.6865234375 56.6865234375 56.6865234375 56.6865234375 56.6865234375 56.6865234375 
58.412109375 58.412109375 58.412109375 58.412109375 58.412109375 58.412109375 58.412109375 58.412109375 58.412109375 
60.2470703125 60.2470703125 60.2470703125 60.2470703125 60.2470703125 60.2470703125 60.2470703125 60.2470703125 60.2470703125 
62.1533203125 62.1533203125 62.1533203125 62.1533203125 62.1533203125 62.1533203125 62.1533203125 62.1533203125 
56.28515625 56.28515625 56.28515625 56.28515625 56.28515625 56.28515625 56.28515625 56.28515625 56.28515625 
52.466796875 52.466796875 52.466796875 52.466796875 52.466796875 52.466796875 52.466796875 52.466796875 52.466796875 
54.310546875 54.310546875 54.310546875 54.310546875 54.310546875 54.310546875 54.310546875 54.310546875 54.310546875 54.310546875 
56.40234375 56.40234375 56.40234375 56.40234375 56.40234375 56.40234375 56.40234375 56.40234375 56.40234375 
58.166015625 58.166015625 58.166015625 58.166015625 58.166015625 58.166015625 58.166015625 58.166015625 58.166015625 
60.0009765625 60.0009765625 60.0009765625 60.0009765625 60.0009765625 60.0009765625 60.0009765625 60.0009765625 
61.7265625 61.7265625 61.7265625 61.7265625 61.7265625 61.7265625 61.7265625 61.7265625 61.7265625 
55.7236328125 55.7236328125 55.7236328125 55.7236328125 55.7236328125 55.7236328125 55.7236328125 55.7236328125 55.7236328125 
51.7177734375 51.7177734375 51.7177734375 51.7177734375 51.7177734375 51.7177734375 51.7177734375 51.7177734375 
53.443359375 53.443359375 53.443359375 53.443359375 53.443359375 53.443359375 53.443359375 53.443359375 53.443359375 
55.2783203125 55.2783203125 55.2783203125 55.2783203125 55.2783203125 55.2783203125 55.2783203125 55.2783203125 55.2783203125 
57.1845703125 57.1845703125 57.1845703125 57.1845703125 57.1845703125 57.1845703125 57.1845703125 57.1845703125 
58.91015625 58.91015625 58.91015625 58.91015625 58.91015625 58.91015625 58.91015625 58.91015625 58.91015625 58.91015625 
60.8427734375 60.8427734375 60.8427734375 60.8427734375 60.8427734375 60.8427734375 60.8427734375 60.8427734375 60.8427734375 
62.4716796875 62.4716796875 62.4716796875 62.4716796875 62.4716796875 62.4716796875 62.4716796875 62.4716796875 
51.416015625 51.416015625 51.416015625 51.416015625 51.416015625 51.416015625 51.416015625 51.416015625 51.416015625 51.416015625 
53.4501953125 53.4501953125 53.4501953125 53.4501953125 53.4501953125 53.4501953125 53.4501953125 53.4501953125 53.4501953125 
55.3564453125 55.3564453125 55.3564453125 55.3564453125 55.3564453125 55.3564453125 55.3564453125 55.3564453125 
57.08203125 57.08203125 57.08203125 57.08203125 57.08203125 57.08203125 57.08203125 57.08203125 57.08203125 57.08203125 
59.0146484375 59.0146484375 59.0146484375 59.0146484375 59.0146484375 59.0146484375 59.0146484375 59.0146484375 59.0146484375 
60.9208984375 60.9208984375 60.9208984375 60.9208984375 60.9208984375 60.9208984375 60.9208984375 60.9208984375 
62.5888671875 62.5888671875 62.5888671875 62.5888671875 62.5888671875 62.5888671875 62.5888671875 62.5888671875 62.5888671875 62.5888671875 
51.76953125 51.76953125 51.76953125 51.76953125 51.76953125 51.76953125 51.76953125 51.76953125 51.76953125 51.76953125 
53.7021484375 53.7021484375 53.7021484375 53.7021484375 53.7021484375 53.7021484375 53.7021484375 53.7021484375 53.7021484375 
55.6083984375 55.6083984375 55.6083984375 55.6083984375 55.6083984375 55.6083984375 55.6083984375 55.6083984375 55.6083984375 55.6083984375 
57.708984375 57.708984375 57.708984375 57.708984375 57.708984375 57.708984375 57.708984375 57.708984375 57.708984375 57.708984375 
59.7255859375 59.7255859375 59.7255859375 59.7255859375 59.7255859375 59.7255859375 59.7255859375 59.7255859375 
61.451171875 61.451171875 61.451171875 61.451171875 61.451171875 61.451171875 61.451171875 61.451171875 61.451171875 61.451171875 
55.158203125 55.158203125 55.158203125 55.158203125 55.158203125 55.158203125 55.158203125 55.158203125 55.158203125 55.158203125 
52.2080078125 52.2080078125 52.2080078125 52.2080078125 52.2080078125 52.2080078125 52.2080078125 52.2080078125 
53.93359375 53.93359375 53.93359375 53.93359375 53.93359375 53.93359375 53.93359375 53.93359375 53.93359375 53.93359375 
55.8662109375 55.8662109375 55.8662109375 55.8662109375 55.8662109375 55.8662109375 55.8662109375 55.8662109375 55.8662109375 55.8662109375 
57.9765625 57.9765625 57.9765625 57.9765625 57.9765625 57.9765625 57.9765625 57.9765625 
59.5234375 59.5234375 59.5234375 59.5234375 59.5234375 59.5234375 59.5234375 59.5234375 59.5234375 59.5234375 
61.3720703125 61.3720703125 61.3720703125 61.3720703125 61.3720703125 61.3720703125 61.3720703125 61.3720703125 61.3720703125 61.3720703125 
55.5126953125 55.5126953125 55.5126953125 55.5126953125 55.5126953125 55.5126953125 55.5126953125 55.5126953125 
51.966796875 51.966796875 51.966796875 51.966796875 51.966796875 51.966796875 51.966796875 51.966796875 51.966796875 51.966796875 
54.0009765625 54.0009765625 54.0009765625 54.0009765625 54.0009765625 54.0009765625 54.0009765625 54.0009765625 54.0009765625 54.0009765625 
56.111328125 56.111328125 56.111328125 56.111328125 56.111328125 56.111328125 56.111328125 56.111328125 
57.77734375 57.77734375 57.77734375 57.77734375 57.77734375 57.77734375 57.77734375 57.77734375 57.77734375 57.77734375 
59.7099609375 59.7099609375 59.7099609375 59.7099609375 59.7099609375 59.7099609375 59.7099609375 59.7099609375 59.7099609375 59.7099609375 
61.51171875 61.51171875 61.51171875 61.51171875 61.51171875 61.51171875 61.51171875 61.51171875 
56.552734375 56.552734375 56.552734375 56.552734375 56.552734375 56.552734375 56.552734375 56.552734375 56.552734375 56.552734375 
52.60546875 52.60546875 52.60546875 52.60546875 52.60546875 52.60546875 52.60546875 52.60546875 52.60546875 52.60546875 
54.5380859375 54.5380859375 54.5380859375 54.5380859375 54.5380859375 54.5380859375 54.5380859375 54.5380859375 54.5380859375 54.5380859375 
56.6484375 56.6484375 56.6484375 56.6484375 56.6484375 56.6484375 56.6484375 56.6484375 56.6484375 56.6484375 
58.4970703125 58.4970703125 58.4970703125 58.4970703125 58.4970703125 58.4970703125 58.4970703125 58.4970703125 58.4970703125 
60.4033203125 60.4033203125 60.4033203125 60.4033203125 60.4033203125 60.4033203125 60.4033203125 60.4033203125 
61.927734375 61.927734375 61.927734375 61.927734375 61.927734375 61.927734375 61.927734375 61.927734375 61.927734375 61.927734375 
51.1044921875 51.1044921875 51.1044921875 51.1044921875 51.1044921875 51.1044921875 51.1044921875 51.1044921875 51.1044921875 51.1044921875 
53.29296875 53.29296875 53.29296875 53.29296875 53.29296875 53.29296875 53.29296875 53.29296875 
54.8994140625 54.8994140625 54.8994140625 54.8994140625 54.8994140625 54.8994140625 54.8994140625 54.8994140625 54.8994140625 54.8994140625 
57 57 57 57 57 57 57 57 57 57 
58.1767578125 58.1767578125 58.1767578125 58.1767578125 58.1767578125 58.1767578125 58.1767578125 58.1767578125 
59.90234375 59.90234375 59.90234375 59.90234375 59.90234375 59.90234375 59.90234375 59.90234375 59.90234375 59.90234375 
61.8349609375 61.8349609375 61.8349609375 61.8349609375 61.8349609375 61.8349609375 61.8349609375 61.8349609375 61.8349609375 61.8349609375 
56.1982421875 56.1982421875 56.1982421875 56.1982421875 56.1982421875 56.1982421875 56.1982421875 56.1982421875 
52.3154296875 52.3154296875 52.3154296875 52.3154296875 52.3154296875 52.3154296875 52.3154296875 52.3154296875 52.3154296875 52.3154296875 
54.443359375 54.443359375 54.443359375 54.443359375 54.443359375 54.443359375 54.443359375 54.443359375 54.443359375 54.443359375 
56.4599609375 56.4599609375 56.4599609375 56.4599609375 56.4599609375 56.4599609375 56.4599609375 56.4599609375 
58.185546875 58.185546875 58.185546875 58.185546875 58.185546875 58.185546875 58.185546875 58.185546875 58.185546875 58.185546875 
60.2021484375 60.2021484375 60.2021484375 60.2021484375 60.2021484375 60.2021484375 60.2021484375 60.2021484375 60.2021484375 60.2021484375 
61.9990234375 61.9990234375 61.9990234375 61.9990234375 61.9990234375 61.9990234375 61.9990234375 61.9990234375 
51.595703125 51.595703125 51.595703125 51.595703125 51.595703125 51.595703125 51.595703125 51.595703125 51.595703125 51.595703125 
53.6298828125 53.6298828125 53.6298828125 53.6298828125 53.6298828125 53.6298828125 53.6298828125 53.6298828125 53.6298828125 53.6298828125 
55.740234375 55.740234375 55.740234375 55.740234375 55.740234375 55.740234375 55.740234375 55.740234375 55.740234375 55.740234375 
57.7568359375 57.7568359375 57.7568359375 57.7568359375 57.7568359375 57.7568359375 57.7568359375 57.7568359375 57.7568359375 57.7568359375 
59.857421875 59.857421875 59.857421875 59.857421875 59.857421875 59.857421875 59.857421875 59.857421875 59.857421875 59.857421875 
61.8740234375 61.8740234375 61.8740234375 61.8740234375 61.8740234375 61.8740234375 61.8740234375 61.8740234375 
54.951171875 54.951171875 54.951171875 54.951171875 54.951171875 54.951171875 54.951171875 54.951171875 54.951171875 54.951171875 
51.8212890625 51.8212890625 51.8212890625 51.8212890625 51.8212890625 51.8212890625 51.8212890625 51.8212890625 51.8212890625 51.8212890625 
53.931640625 53.931640625 53.931640625 53.931640625 53.931640625 53.931640625 53.931640625 53.931640625 
55.59765625 55.59765625 55.59765625 55.59765625 55.59765625 55.59765625 55.59765625 55.59765625 55.59765625 55.59765625 
57.5302734375 57.5302734375 57.5302734375 57.5302734375 57.5302734375 57.5302734375 57.5302734375 57.5302734375 57.5302734375 57.5302734375 
59.630859375 59.630859375 59.630859375 59.630859375 59.630859375 59.630859375 59.630859375 59.630859375 
61.296875 61.296875 61.296875 61.296875 61.296875 61.296875 61.296875 61.296875 61.296875 61.296875 
55.1884765625 55.1884765625 55.1884765625 55.1884765625 55.1884765625 55.1884765625 55.1884765625 55.1884765625 55.1884765625 55.1884765625 
51.92578125 51.92578125 51.92578125 51.92578125 51.92578125 51.92578125 51.92578125 51.92578125 
53.5322265625 53.5322265625 53.5322265625 53.5322265625 53.5322265625 53.5322265625 53.5322265625 53.5322265625 53.5322265625 53.5322265625 
55.6328125 55.6328125 55.6328125 55.6328125 55.6328125 55.6328125 55.6328125 55.6328125 55.6328125 55.6328125 
57.4814453125 57.4814453125 57.4814453125 57.4814453125 57.4814453125 57.4814453125 57.4814453125 57.4814453125 
59.20703125 59.20703125 59.20703125 59.20703125 59.20703125 59.20703125 59.20703125 59.20703125 59.20703125 59.20703125 
61.1396484375 61.1396484375 61.1396484375 61.1396484375 61.1396484375 61.1396484375 61.1396484375 61.1396484375 61.1396484375 61.1396484375 
55.21875 55.21875 55.21875 55.21875 55.21875 55.21875 55.21875 55.21875 
51.4287109375 51.4287109375 51.4287109375 51.4287109375 51.4287109375 51.4287109375 51.4287109375 51.4287109375 51.4287109375 51.4287109375 
53.595703125 53.595703125 53.595703125 53.595703125 53.595703125 53.595703125 53.595703125 53.595703125 53.595703125 53.595703125 
55.6123046875 55.6123046875 55.6123046875 55.6123046875 55.6123046875 55.6123046875 55.6123046875 55.6123046875 55.6123046875 55.6123046875 
57.712890625 57.712890625 57.712890625 57.712890625 57.712890625 57.712890625 57.712890625 57.712890625 57.712890625 57.712890625 
59.7294921875 59.7294921875 59.7294921875 59.7294921875 59.7294921875 59.7294921875 59.7294921875 59.7294921875 59.7294921875 59.7294921875 
61.720703125 61.720703125 61.720703125 61.720703125 61.720703125 61.720703125 61.720703125 61.720703125 
56.5849609375 56.5849609375 56.5849609375 56.5849609375 56.5849609375 56.5849609375 56.5849609375 56.5849609375 56.5849609375 56.5849609375 
52.7587890625 52.7587890625 52.7587890625 52.7587890625 52.7587890625 52.7587890625 52.7587890625 52.7587890625 52.7587890625 52.7587890625 
54.859375 54.859375 54.859375 54.859375 54.859375 54.859375 54.859375 54.859375 
56.3466796875 56.3466796875 56.3466796875 56.3466796875 56.3466796875 56.3466796875 56.3466796875 56.3466796875 56.3466796875 56.3466796875 
58.447265625 58.447265625 58.447265625 58.447265625 58.447265625 58.447265625 58.447265625 58.447265625 58.447265625 58.447265625 
60.4638671875 60.4638671875 60.4638671875 60.4638671875 60.4638671875 60.4638671875 60.4638671875 60.4638671875 
62.189453125 62.189453125 62.189453125 62.189453125 62.189453125 62.189453125 62.189453125 62.189453125 62.189453125 62.189453125 
50.25 50.25 50.25 50.25 50.25 50.25 50.25 50.25 50.25 50.25 
51.6884765625 51.6884765625 51.6884765625 51.6884765625 51.6884765625 51.6884765625 51.6884765625 51.6884765625 
53.46484375 53.46484375 53.46484375 53.46484375 53.46484375 53.46484375 53.46484375 53.46484375 53.46484375 53.46484375 
55.4052734375 55.4052734375 55.4052734375 55.4052734375 55.4052734375 55.4052734375 55.4052734375 55.4052734375 55.4052734375 55.4052734375 
57.525390625 57.525390625 57.525390625 57.525390625 57.525390625 57.525390625 57.525390625 57.525390625 
59.19140625 59.19140625 59.19140625 59.19140625 59.19140625 59.19140625 59.19140625 59.19140625 59.19140625 59.19140625 
61.1240234375 61.1240234375 61.1240234375 61.1240234375 61.1240234375 61.1240234375 61.1240234375 61.1240234375 61.1240234375 61.1240234375 
62.7412109375 62.7412109375 62.7412109375 62.7412109375 62.7412109375 62.7412109375 62.7412109375 62.7412109375 
51.62890625 51.62890625 51.62890625 51.62890625 51.62890625 51.62890625 51.62890625 51.62890625 51.62890625 51.62890625 
53.5419921875 53.5419921875 53.5419921875 53.5419921875 53.5419921875 53.5419921875 53.5419921875 53.5419921875 53.5419921875 53.5419921875 
55.662109375 55.662109375 55.662109375 55.662109375 55.662109375 55.662109375 55.662109375 55.662109375 
57.328125 57.328125 57.328125 57.328125 57.328125 57.328125 57.328125 57.328125 57.328125 57.328125 
59.0927734375 59.0927734375 59.0927734375 59.0927734375 59.0927734375 59.0927734375 59.0927734375 59.0927734375 59.0927734375 59.0927734375 
61.193359375 61.193359375 61.193359375 61.193359375 61.193359375 61.193359375 61.193359375 61.193359375 
62.4248046875 62.4248046875 62.4248046875 62.4248046875 62.4248046875 62.4248046875 62.4248046875 62.4248046875 62.4248046875 62.4248046875 
51.626953125 51.626953125 51.626953125 51.626953125 51.626953125 51.626953125 51.626953125 51.626953125 
53.29296875 53.29296875 53.29296875 53.29296875 53.29296875 53.29296875 53.29296875 53.29296875 
54.8994140625 54.8994140625 54.8994140625 54.8994140625 54.8994140625 54.8994140625 54.8994140625 54.8994140625 
56.625 56.625 56.625 56.625 56.625 56.625 56.625 56.625 
57.93359375 57.93359375 57.93359375 57.93359375 57.93359375 57.93359375 57.93359375 57.93359375 
59.5400390625 59.5400390625 59.5400390625 59.5400390625 59.5400390625 59.5400390625 59.5400390625 59.5400390625 
61.265625 61.265625 61.265625 61.265625 61.265625 61.265625 61.265625 61.265625 
62.5966796875 62.5966796875 62.5966796875 62.5966796875 62.5966796875 62.5966796875 62.5966796875 62.5966796875 
51.255859375 51.255859375 51.255859375 51.255859375 51.255859375 51.255859375 51.255859375 51.255859375 
52.88671875 52.88671875 52.88671875 52.88671875 52.88671875 52.88671875 52.88671875 52.88671875 
54.4931640625 54.4931640625 54.4931640625 54.4931640625 54.4931640625 54.4931640625 54.4931640625 54.4931640625 
56.2265625 56.2265625 56.2265625 56.2265625 56.2265625 56.2265625 56.2265625 56.2265625 
57.7734375 57.7734375 57.7734375 57.7734375 57.7734375 57.7734375 57.7734375 57.7734375 
59.3203125 59.3203125 59.3203125 59.3203125 59.3203125 59.3203125 59.3203125 59.3203125 
60.8671875 60.8671875 60.8671875 60.8671875 60.8671875 60.8671875 60.8671875 60.8671875 
61.8671875 61.8671875 61.8671875 61.8671875 61.8671875 61.8671875 61.8671875 61.8671875 61.8671875 
57.580078125 57.580078125 57.580078125 57.580078125 57.580078125 57.580078125 57.580078125 57.580078125 57.580078125 
52.4599609375 52.4599609375 52.4599609375 52.4599609375 52.4599609375 52.4599609375 52.4599609375 52.4599609375 
54.185546875 54.185546875 54.185546875 54.185546875 54.185546875 54.185546875 54.185546875 54.185546875 54.185546875 
56.0205078125 56.0205078125 56.0205078125 56.0205078125 56.0205078125 56.0205078125 56.0205078125 56.0205078125 56.0205078125 
57.935546875 57.935546875 57.935546875 57.935546875 57.935546875 57.935546875 57.935546875 57.935546875 
59.6015625 59.6015625 59.6015625 59.6015625 59.6015625 59.6015625 59.6015625 59.6015625 59.6015625 
61.2939453125 61.2939453125 61.2939453125 61.2939453125 61.2939453125 61.2939453125 61.2939453125 61.2939453125 61.2939453125 
55.3203125 55.3203125 55.3203125 55.3203125 55.3203125 55.3203125 55.3203125 55.3203125 
51.64453125 51.64453125 51.64453125 51.64453125 51.64453125 51.64453125 51.64453125 51.64453125 51.64453125 
53.427734375 53.427734375 53.427734375 53.427734375 53.427734375 53.427734375 53.427734375 53.427734375 53.427734375 
55.271484375 55.271484375 55.271484375 55.271484375 55.271484375 55.271484375 55.271484375 55.271484375 
56.9375 56.9375 56.9375 56.9375 56.9375 56.9375 56.9375 56.9375 56.9375 
58.416015625 58.416015625 58.416015625 58.416015625 58.416015625 58.416015625 58.416015625 58.416015625 58.416015625 
60.2509765625 60.2509765625 60.2509765625 60.2509765625 60.2509765625 60.2509765625 60.2509765625 60.2509765625 
61.8583984375 61.8583984375 61.8583984375 61.8583984375 61.8583984375 61.8583984375 61.8583984375 61.8583984375 61.8583984375 
50.9873046875 50.9873046875 50.9873046875 50.9873046875 50.9873046875 50.9873046875 50.9873046875 50.9873046875 50.9873046875 
52.974609375 52.974609375 52.974609375 52.974609375 52.974609375 52.974609375 52.974609375 52.974609375 
54.640625 54.640625 54.640625 54.640625 54.640625 54.640625 54.640625 54.640625 54.640625 
56.26171875 56.26171875 56.26171875 56.26171875 56.26171875 56.26171875 56.26171875 56.26171875 56.26171875 
58.025390625 58.025390625 58.025390625 58.025390625 58.025390625 58.025390625 58.025390625 58.025390625 
59.69140625 59.69140625 59.69140625 59.69140625 59.69140625 59.69140625 59.69140625 59.69140625 59.69140625 
61.455078125 61.455078125 61.455078125 61.455078125 61.455078125 61.455078125 61.455078125 61.455078125 61.455078125 
54.923828125 54.923828125 54.923828125 54.923828125 54.923828125 54.923828125 54.923828125 54.923828125 
51.5537109375 51.5537109375 51.5537109375 51.5537109375 51.5537109375 51.5537109375 51.5537109375 51.5537109375 51.5537109375 
53.4814453125 53.4814453125 53.4814453125 53.4814453125 53.4814453125 53.4814453125 53.4814453125 53.4814453125 53.4814453125 
55.3876953125 55.3876953125 55.3876953125 55.3876953125 55.3876953125 55.3876953125 55.3876953125 55.3876953125 
57.11328125 57.11328125 57.11328125 57.11328125 57.11328125 57.11328125 57.11328125 57.11328125 57.11328125 
58.876953125 58.876953125 58.876953125 58.876953125 58.876953125 58.876953125 58.876953125 58.876953125 58.876953125 
60.7119140625 60.7119140625 60.7119140625 60.7119140625 60.7119140625 60.7119140625 60.7119140625 60.7119140625 
62.015625 62.015625 62.015625 62.015625 62.015625 62.015625 62.015625 62.015625 62.015625 
51.1669921875 51.1669921875 51.1669921875 51.1669921875 51.1669921875 51.1669921875 51.1669921875 51.1669921875 51.1669921875 
53.1083984375 53.1083984375 53.1083984375 53.1083984375 53.1083984375 53.1083984375 53.1083984375 53.1083984375 
54.833984375 54.833984375 54.833984375 54.833984375 54.833984375 54.833984375 54.833984375 54.833984375 54.833984375 
56.6689453125 56.6689453125 56.6689453125 56.6689453125 56.6689453125 56.6689453125 56.6689453125 56.6689453125 56.6689453125 
58.5751953125 58.5751953125 58.5751953125 58.5751953125 58.5751953125 58.5751953125 58.5751953125 58.5751953125 
60.30078125 60.30078125 60.30078125 60.30078125 60.30078125 60.30078125 60.30078125 60.30078125 60.30078125 
62.064453125 62.064453125 62.064453125 62.064453125 62.064453125 62.064453125 62.064453125 62.064453125 62.064453125 
57.080078125 57.080078125 57.080078125 57.080078125 57.080078125 57.080078125 57.080078125 57.080078125 
52.5146484375 52.5146484375 52.5146484375 52.5146484375 52.5146484375 52.5146484375 52.5146484375 52.5146484375 52.5146484375 
54.4423828125 54.4423828125 54.4423828125 54.4423828125 54.4423828125 54.4423828125 54.4423828125 54.4423828125 54.4423828125 
56.3486328125 56.3486328125 56.3486328125 56.3486328125 56.3486328125 56.3486328125 56.3486328125 56.3486328125 
58.07421875 58.07421875 58.07421875 58.07421875 58.07421875 58.07421875 58.07421875 58.07421875 58.07421875 
59.837890625 59.837890625 59.837890625 59.837890625 59.837890625 59.837890625 59.837890625 59.837890625 59.837890625 
61.6728515625 61.6728515625 61.6728515625 61.6728515625 61.6728515625 61.6728515625 61.6728515625 61.6728515625 
55.1806640625 55.1806640625 55.1806640625 55.1806640625 55.1806640625 55.1806640625 55.1806640625 55.1806640625 55.1806640625 
51.79296875 51.79296875 51.79296875 51.79296875 51.79296875 51.79296875 51.79296875 51.79296875 51.79296875 
53.556640625 53.556640625 53.556640625 53.556640625 53.556640625 53.556640625 53.556640625 53.556640625 
55.22265625 55.22265625 55.22265625 55.22265625 55.22265625 55.22265625 55.22265625 55.22265625 55.22265625 
56.986328125 56.986328125 56.986328125 56.986328125 56.986328125 56.986328125 56.986328125 56.986328125 56.986328125 
58.8212890625 58.8212890625 58.8212890625 58.8212890625 58.8212890625 58.8212890625 58.8212890625 58.8212890625 
60.546875 60.546875 60.546875 60.546875 60.546875 60.546875 60.546875 60.546875 60.546875 
61.9658203125 61.9658203125 61.9658203125 61.9658203125 61.9658203125 61.9658203125 61.9658203125 61.9658203125 61.9658203125 
51.4638671875 51.4638671875 51.4638671875 51.4638671875 51.4638671875 51.4638671875 51.4638671875 51.4638671875 
53.189453125 53.189453125 53.189453125 53.189453125 53.189453125 53.189453125 53.189453125 53.189453125 53.189453125 
