11.4375 11.46875 11.46875 11.4921875 11.4921875 11.4921875 11.5234375 11.5234375 11.5234375 11.5234375 
13.234375 13.265625 13.265625 13.2890625 13.2890625 13.2890625 13.3203125 13.3203125 13.3203125 13.3203125 
13.4130859375 13.4443359375 13.4443359375 13.4677734375 13.4677734375 13.4677734375 13.4990234375 13.4990234375 13.4990234375 13.4990234375 
14.7861328125 14.8173828125 14.8173828125 14.8408203125 14.8408203125 14.8408203125 14.8720703125 14.8720703125 14.8720703125 14.8720703125 
16.794921875 16.826171875 16.826171875 16.849609375 16.849609375 16.849609375 16.880859375 16.880859375 16.880859375 16.880859375 
13.34375 13.375 13.375 13.3984375 13.3984375 13.3984375 13.4296875 13.4296875 13.4296875 13.4296875 
14.970703125 15.001953125 15.001953125 15.025390625 15.025390625 15.025390625 15.056640625 15.056640625 15.056640625 15.056640625 
13.0791015625 13.1103515625 13.1103515625 13.1337890625 13.1337890625 13.1337890625 13.1650390625 13.1650390625 13.1650390625 13.1650390625 
15.09765625 15.12890625 15.12890625 15.15234375 15.15234375 15.15234375 15.18359375 15.18359375 15.18359375 15.18359375 
14.931640625 14.962890625 14.962890625 14.986328125 14.986328125 14.986328125 15.017578125 15.017578125 15.017578125 15.017578125 
14.8369140625 14.8681640625 14.8681640625 14.8916015625 14.8916015625 14.8916015625 14.9228515625 14.9228515625 14.9228515625 14.9228515625 
14.7802734375 14.8115234375 14.8115234375 14.8349609375 14.8349609375 14.8349609375 14.8662109375 14.8662109375 14.8662109375 14.8662109375 
14.8359375 14.8671875 14.8671875 14.890625 14.890625 14.890625 14.921875 14.921875 14.921875 14.921875 
14.0595703125 14.0908203125 14.0908203125 14.1142578125 14.1142578125 14.1142578125 14.1455078125 14.1455078125 14.1455078125 14.1455078125 
14.810546875 14.841796875 14.841796875 14.865234375 14.865234375 14.865234375 14.896484375 14.896484375 14.896484375 14.896484375 
16.732421875 16.763671875 16.763671875 16.787109375 16.787109375 16.787109375 14.0185546875 14.0185546875 14.0185546875 14.0185546875 
14.1396484375 14.1708984375 14.1708984375 14.1943359375 14.1943359375 14.1943359375 14.2255859375 14.2255859375 14.2255859375 14.2255859375 
16.154296875 16.185546875 16.185546875 16.208984375 16.208984375 16.208984375 16.240234375 16.240234375 16.240234375 16.240234375 
13.345703125 13.376953125 13.376953125 13.400390625 13.400390625 13.400390625 13.431640625 13.431640625 13.431640625 13.431640625 
15.267578125 15.298828125 15.298828125 15.322265625 15.322265625 15.322265625 15.353515625 15.353515625 15.353515625 15.353515625 
13.244140625 13.275390625 13.275390625 13.298828125 13.298828125 13.298828125 13.330078125 13.330078125 13.330078125 13.330078125 
15.166015625 15.197265625 15.197265625 15.220703125 15.220703125 15.220703125 15.251953125 15.251953125 15.251953125 15.251953125 
12.9560546875 12.9873046875 12.9873046875 13.0107421875 13.0107421875 13.0107421875 13.0419921875 13.0419921875 13.0419921875 13.0419921875 
15.0576171875 15.0888671875 15.0888671875 15.1123046875 15.1123046875 15.1123046875 15.1435546875 15.1435546875 15.1435546875 15.1435546875 
14.7548828125 14.7861328125 14.7861328125 14.8095703125 14.8095703125 14.8095703125 14.8408203125 14.8408203125 14.8408203125 14.8408203125 
15.05859375 15.08984375 15.08984375 15.11328125 15.11328125 15.11328125 15.14453125 15.14453125 15.14453125 15.14453125 
14.8330078125 14.8642578125 14.8642578125 14.8876953125 14.8876953125 14.8876953125 14.9189453125 14.9189453125 14.9189453125 14.9189453125 
14.767578125 14.798828125 14.798828125 14.822265625 14.822265625 14.822265625 14.853515625 14.853515625 14.853515625 14.853515625 
14.236328125 14.267578125 14.267578125 14.291015625 14.291015625 14.291015625 14.322265625 14.322265625 14.322265625 14.322265625 
14.9970703125 15.0283203125 15.0283203125 15.0517578125 15.0517578125 15.0517578125 15.0830078125 15.0830078125 15.0830078125 15.0830078125 
17.015625 17.046875 17.046875 17.0703125 17.0703125 17.0703125 17.1015625 17.1015625 17.1015625 17.1015625 
13.1103515625 13.1416015625 13.1416015625 13.1650390625 13.1650390625 13.1650390625 13.1962890625 13.1962890625 13.1962890625 13.1962890625 
15.1513671875 15.1826171875 15.1826171875 15.2060546875 15.2060546875 15.2060546875 15.2373046875 15.2373046875 15.2373046875 15.2373046875 
13.0908203125 13.1220703125 13.1220703125 13.1455078125 13.1455078125 13.1455078125 13.1767578125 13.1767578125 13.1767578125 13.1767578125 
15.1875 15.21875 15.21875 15.2421875 15.2421875 15.2421875 15.2734375 15.2734375 15.2734375 15.2734375 
13.943359375 13.974609375 13.974609375 13.998046875 13.998046875 13.998046875 14.029296875 14.029296875 14.029296875 14.029296875 
14.62109375 14.65234375 14.65234375 14.67578125 14.67578125 14.67578125 14.70703125 14.70703125 14.70703125 14.70703125 
14.41015625 14.44140625 14.44140625 14.46484375 14.46484375 14.46484375 14.49609375 14.49609375 14.49609375 14.49609375 
14.841796875 14.873046875 14.873046875 14.896484375 14.896484375 14.896484375 14.927734375 14.927734375 14.927734375 14.927734375 
16.7734375 16.8046875 16.8046875 16.828125 16.828125 16.828125 16.859375 16.859375 16.859375 16.859375 
13.033203125 13.064453125 13.064453125 13.087890625 13.087890625 13.087890625 13.119140625 13.119140625 13.119140625 13.119140625 
14.9814453125 15.0126953125 15.0126953125 15.0361328125 15.0361328125 15.0361328125 15.0673828125 15.0673828125 15.0673828125 15.0673828125 
13.017578125 13.048828125 13.048828125 13.072265625 13.072265625 13.072265625 13.103515625 13.103515625 13.103515625 13.103515625 
15.017578125 15.048828125 15.048828125 15.072265625 15.072265625 15.072265625 15.103515625 15.103515625 15.103515625 15.103515625 
14.5263671875 14.5576171875 14.5576171875 14.5810546875 14.5810546875 14.5810546875 14.6123046875 14.6123046875 14.6123046875 14.6123046875 
14.8310546875 14.8623046875 14.8623046875 14.8857421875 14.8857421875 14.8857421875 14.9169921875 14.9169921875 14.9169921875 14.9169921875 
14.7529296875 14.7841796875 14.7841796875 14.8076171875 14.8076171875 14.8076171875 14.8388671875 14.8388671875 14.8388671875 14.8388671875 
14.955078125 14.986328125 14.986328125 15.009765625 15.009765625 15.009765625 15.041015625 15.041015625 15.041015625 15.041015625 
14.7724609375 14.8037109375 14.8037109375 14.8271484375 14.8271484375 14.8271484375 14.8583984375 14.8583984375 14.8583984375 14.8583984375 
15.09375 15.125 15.125 15.1484375 15.1484375 15.1484375 15.1796875 15.1796875 15.1796875 15.1796875 
16.720703125 16.751953125 16.751953125 16.775390625 16.775390625 16.775390625 16.806640625 16.806640625 16.806640625 16.806640625 
13.974609375 14.005859375 14.005859375 14.029296875 14.029296875 14.029296875 14.060546875 14.060546875 14.060546875 14.060546875 
15.896484375 15.927734375 15.927734375 15.951171875 15.951171875 15.951171875 15.982421875 15.982421875 15.982421875 15.982421875 
12.9560546875 12.9873046875 12.9873046875 13.0107421875 13.0107421875 13.0107421875 13.0419921875 13.0419921875 13.0419921875 13.0419921875 
15.0576171875 15.0888671875 15.0888671875 15.1123046875 15.1123046875 15.1123046875 15.1435546875 15.1435546875 15.1435546875 15.1435546875 
14.93359375 14.96484375 14.96484375 14.98828125 14.98828125 14.98828125 15.01953125 15.01953125 15.01953125 15.01953125 
14.865234375 14.896484375 14.896484375 14.919921875 14.919921875 14.919921875 14.951171875 14.951171875 14.951171875 14.951171875 
14.150390625 14.181640625 14.181640625 14.205078125 14.205078125 14.205078125 14.236328125 14.236328125 14.236328125 14.236328125 
14.7998046875 14.8310546875 14.8310546875 14.8544921875 14.8544921875 14.8544921875 14.8857421875 14.8857421875 14.8857421875 14.8857421875 
15.0234375 15.0546875 15.0546875 15.078125 15.078125 15.078125 15.109375 15.109375 15.109375 15.109375 
14.76953125 14.80078125 14.80078125 14.82421875 14.82421875 14.82421875 14.85546875 14.85546875 14.85546875 14.85546875 
16.62109375 16.65234375 16.65234375 16.67578125 16.67578125 16.67578125 16.70703125 16.70703125 16.70703125 16.70703125 
12.970703125 13.001953125 13.001953125 13.025390625 13.025390625 13.025390625 13.056640625 13.056640625 13.056640625 13.056640625 
14.98046875 15.01171875 15.01171875 15.03515625 15.03515625 15.03515625 15.06640625 15.06640625 15.06640625 15.06640625 
14.2607421875 14.2919921875 14.2919921875 14.3154296875 14.3154296875 14.3154296875 14.3466796875 14.3466796875 14.3466796875 14.3466796875 
14.916015625 14.947265625 14.947265625 14.970703125 14.970703125 14.970703125 15.001953125 15.001953125 15.001953125 15.001953125 
14.2919921875 14.3232421875 14.3232421875 14.3466796875 14.3466796875 14.3466796875 14.3779296875 14.3779296875 14.3779296875 14.3779296875 
14.806640625 14.837890625 14.837890625 14.861328125 14.861328125 14.861328125 14.892578125 14.892578125 14.892578125 14.892578125 
14.201171875 14.232421875 14.232421875 14.255859375 14.255859375 14.255859375 14.287109375 14.287109375 14.287109375 14.287109375 
14.8193359375 14.8505859375 14.8505859375 14.8740234375 14.8740234375 14.8740234375 14.9052734375 14.9052734375 14.9052734375 14.9052734375 
14.734375 14.765625 14.765625 14.7890625 14.7890625 14.7890625 14.8203125 14.8203125 14.8203125 14.8203125 
14.783203125 14.814453125 14.814453125 14.837890625 14.837890625 14.837890625 14.869140625 14.869140625 14.869140625 14.869140625 
16.7275390625 16.7587890625 16.7587890625 16.7822265625 16.7822265625 16.7822265625 16.8134765625 16.8134765625 16.8134765625 16.8134765625 
13.4384765625 13.4697265625 13.4697265625 13.4931640625 13.4931640625 13.4931640625 13.5244140625 13.5244140625 13.5244140625 13.5244140625 
15.447265625 15.478515625 15.478515625 15.501953125 15.501953125 15.501953125 15.533203125 15.533203125 15.533203125 15.533203125 
13.3896484375 13.4208984375 13.4208984375 13.4443359375 13.4443359375 13.4443359375 13.4755859375 13.4755859375 13.4755859375 13.4755859375 
15.408203125 15.439453125 15.439453125 15.462890625 15.462890625 15.462890625 15.494140625 15.494140625 15.494140625 15.494140625 
13.02734375 13.05859375 13.05859375 13.08203125 13.08203125 13.08203125 13.11328125 13.11328125 13.11328125 13.11328125 
14.9306640625 14.9619140625 14.9619140625 14.9853515625 14.9853515625 14.9853515625 15.0166015625 15.0166015625 15.0166015625 15.0166015625 
14.4755859375 14.5068359375 14.5068359375 14.5302734375 14.5302734375 14.5302734375 14.5615234375 14.5615234375 14.5615234375 14.5615234375 
14.8505859375 14.8818359375 14.8818359375 14.9052734375 14.9052734375 14.9052734375 14.9365234375 14.9365234375 14.9365234375 14.9365234375 
14.0615234375 14.0927734375 14.0927734375 14.1162109375 14.1162109375 14.1162109375 14.1474609375 14.1474609375 14.1474609375 14.1474609375 
14.955078125 14.986328125 14.986328125 15.009765625 15.009765625 15.009765625 15.041015625 15.041015625 15.041015625 15.041015625 
14.943359375 14.974609375 14.974609375 14.998046875 14.998046875 14.998046875 15.029296875 15.029296875 15.029296875 15.029296875 
14.9970703125 15.0283203125 15.0283203125 15.0517578125 15.0517578125 15.0517578125 15.0830078125 15.0830078125 15.0830078125 15.0830078125 
17.015625 17.046875 17.046875 17.0703125 17.0703125 17.0703125 17.1015625 17.1015625 17.1015625 17.1015625 
13.1103515625 13.1416015625 13.1416015625 13.1650390625 13.1650390625 13.1650390625 13.1962890625 13.1962890625 13.1962890625 13.1962890625 
15.1513671875 15.1826171875 15.1826171875 15.2060546875 15.2060546875 15.2060546875 15.2373046875 15.2373046875 15.2373046875 15.2373046875 
13.0908203125 13.1220703125 13.1220703125 13.1455078125 13.1455078125 13.1455078125 13.1767578125 13.1767578125 13.1767578125 13.1767578125 
15.1875 15.21875 15.21875 15.2421875 15.2421875 15.2421875 15.2734375 15.2734375 15.2734375 15.2734375 
13.943359375 13.974609375 13.974609375 13.998046875 13.998046875 13.998046875 14.029296875 14.029296875 14.029296875 14.029296875 
14.62109375 14.65234375 14.65234375 14.67578125 14.67578125 14.67578125 14.70703125 14.70703125 14.70703125 14.70703125 
14.41015625 14.44140625 14.44140625 14.46484375 14.46484375 14.46484375 14.49609375 14.49609375 14.49609375 14.49609375 
14.841796875 14.873046875 14.873046875 14.896484375 14.896484375 14.896484375 14.927734375 14.927734375 14.927734375 14.927734375 
16.7734375 16.8046875 16.8046875 16.828125 16.828125 16.828125 16.859375 16.859375 16.859375 16.859375 
13.033203125 13.064453125 13.064453125 13.087890625 13.087890625 13.087890625 13.119140625 13.119140625 13.119140625 13.119140625 
14.9814453125 15.0126953125 15.0126953125 15.0361328125 15.0361328125 15.0361328125 15.0673828125 15.0673828125 15.0673828125 15.0673828125 
13.017578125 13.048828125 13.048828125 13.072265625 13.072265625 13.072265625 13.103515625 13.103515625 13.103515625 13.103515625 
15.017578125 15.048828125 15.048828125 15.072265625 15.072265625 15.072265625 15.103515625 15.103515625 15.103515625 15.103515625 
14.5263671875 14.5576171875 14.5576171875 14.5810546875 14.5810546875 14.5810546875 14.6123046875 14.6123046875 14.6123046875 14.6123046875 
14.8310546875 14.8623046875 14.8623046875 14.8857421875 14.8857421875 14.8857421875 14.9169921875 14.9169921875 14.9169921875 14.9169921875 
14.7529296875 14.7841796875 14.7841796875 14.8076171875 14.8076171875 14.8076171875 14.8388671875 14.8388671875 14.8388671875 14.8388671875 
14.955078125 14.986328125 14.986328125 15.009765625 15.009765625 15.009765625 15.041015625 15.041015625 15.041015625 15.041015625 
14.7724609375 14.8037109375 14.8037109375 14.8271484375 14.8271484375 14.8271484375 14.8583984375 14.8583984375 14.8583984375 14.8583984375 
15.09375 15.125 15.125 15.1484375 15.1484375 15.1484375 15.1796875 15.1796875 15.1796875 15.1796875 
16.720703125 16.751953125 16.751953125 16.775390625 16.775390625 16.775390625 16.806640625 16.806640625 16.806640625 16.806640625 
13.974609375 14.005859375 14.005859375 14.029296875 14.029296875 14.029296875 14.060546875 14.060546875 14.060546875 14.060546875 
15.896484375 15.927734375 15.927734375 15.951171875 15.951171875 15.951171875 15.982421875 15.982421875 15.982421875 15.982421875 
12.9560546875 12.9873046875 12.9873046875 13.0107421875 13.0107421875 13.0107421875 13.0419921875 13.0419921875 13.0419921875 13.0419921875 
15.0576171875 15.0888671875 15.0888671875 15.1123046875 15.1123046875 15.1123046875 15.1435546875 15.1435546875 15.1435546875 15.1435546875 
14.93359375 14.96484375 14.96484375 14.98828125 14.98828125 14.98828125 15.01953125 15.01953125 15.01953125 15.01953125 
14.865234375 14.896484375 14.896484375 14.919921875 14.919921875 14.919921875 14.951171875 14.951171875 14.951171875 14.951171875 
14.150390625 14.181640625 14.181640625 14.205078125 14.205078125 14.205078125 14.236328125 14.236328125 14.236328125 14.236328125 
14.7998046875 14.8310546875 14.8310546875 14.8544921875 14.8544921875 14.8544921875 14.8857421875 14.8857421875 14.8857421875 14.8857421875 
15.0234375 15.0546875 15.0546875 15.078125 15.078125 15.078125 15.109375 15.109375 15.109375 15.109375 
14.76953125 14.80078125 14.80078125 14.82421875 14.82421875 14.82421875 14.85546875 14.85546875 14.85546875 14.85546875 
16.62109375 16.65234375 16.65234375 16.67578125 16.67578125 16.67578125 16.70703125 16.70703125 16.70703125 16.70703125 
12.970703125 13.001953125 13.001953125 13.025390625 13.025390625 13.025390625 13.056640625 13.056640625 13.056640625 13.056640625 
14.98046875 15.01171875 15.01171875 15.03515625 15.03515625 15.03515625 15.06640625 15.06640625 15.06640625 15.06640625 
14.2607421875 14.2919921875 14.2919921875 14.3154296875 14.3154296875 14.3154296875 14.3466796875 14.3466796875 14.3466796875 14.3466796875 
14.916015625 14.947265625 14.947265625 14.970703125 14.970703125 14.970703125 15.001953125 15.001953125 15.001953125 15.001953125 
14.2919921875 14.3232421875 14.3232421875 14.3466796875 14.3466796875 14.3466796875 14.3779296875 14.3779296875 14.3779296875 14.3779296875 
14.806640625 14.837890625 14.837890625 14.861328125 14.861328125 14.861328125 14.892578125 14.892578125 14.892578125 14.892578125 
14.201171875 14.232421875 14.232421875 14.255859375 14.255859375 14.255859375 14.287109375 14.287109375 14.287109375 14.287109375 
14.8193359375 14.8505859375 14.8505859375 14.8740234375 14.8740234375 14.8740234375 14.9052734375 14.9052734375 14.9052734375 14.9052734375 
14.734375 14.765625 14.765625 14.7890625 14.7890625 14.7890625 14.8203125 14.8203125 14.8203125 14.8203125 
14.783203125 14.814453125 14.814453125 14.837890625 14.837890625 14.837890625 14.869140625 14.869140625 14.869140625 14.869140625 
16.7275390625 16.7587890625 16.7587890625 16.7822265625 16.7822265625 16.7822265625 16.8134765625 16.8134765625 16.8134765625 16.8134765625 
13.4384765625 13.4697265625 13.4697265625 13.4931640625 13.4931640625 13.4931640625 13.5244140625 13.5244140625 13.5244140625 13.5244140625 
15.447265625 15.478515625 15.478515625 15.501953125 15.501953125 15.501953125 15.533203125 15.533203125 15.533203125 15.533203125 
13.3896484375 13.4208984375 13.4208984375 13.4443359375 13.4443359375 13.4443359375 13.4755859375 13.4755859375 13.4755859375 13.4755859375 
15.408203125 15.439453125 15.439453125 15.462890625 15.462890625 15.462890625 15.494140625 15.494140625 15.494140625 15.494140625 
13.02734375 13.05859375 13.05859375 13.08203125 13.08203125 13.08203125 13.11328125 13.11328125 13.11328125 13.11328125 
14.9306640625 14.9619140625 14.9619140625 14.9853515625 14.9853515625 14.9853515625 15.0166015625 15.0166015625 15.0166015625 15.0166015625 
14.4755859375 14.5068359375 14.5068359375 14.5302734375 14.5302734375 14.5302734375 14.5615234375 14.5615234375 14.5615234375 14.5615234375 
14.8505859375 14.8818359375 14.8818359375 14.9052734375 14.9052734375 14.9052734375 14.9365234375 14.9365234375 14.9365234375 14.9365234375 
14.0615234375 14.0927734375 14.0927734375 14.1162109375 14.1162109375 14.1162109375 14.1474609375 14.1474609375 14.1474609375 14.1474609375 
14.955078125 14.986328125 14.986328125 15.009765625 15.009765625 15.009765625 15.041015625 15.041015625 15.041015625 15.041015625 
14.943359375 14.974609375 14.974609375 14.998046875 14.998046875 14.998046875 15.029296875 15.029296875 15.029296875 15.029296875 
14.9970703125 15.0283203125 15.0283203125 15.0517578125 15.0517578125 15.0517578125 15.0830078125 15.0830078125 15.0830078125 15.0830078125 
17.015625 17.046875 17.046875 17.0703125 17.0703125 17.0703125 17.1015625 17.1015625 17.1015625 17.1015625 
13.1103515625 13.1416015625 13.1416015625 13.1650390625 13.1650390625 13.1650390625 13.1962890625 13.1962890625 13.1962890625 13.1962890625 
15.1513671875 15.1826171875 15.1826171875 15.2060546875 15.2060546875 15.2060546875 15.2373046875 15.2373046875 15.2373046875 15.2373046875 
13.0908203125 13.1220703125 13.1220703125 13.1455078125 13.1455078125 13.1455078125 13.1767578125 13.1767578125 13.1767578125 13.1767578125 
15.1875 15.21875 15.21875 15.2421875 15.2421875 15.2421875 15.2734375 15.2734375 15.2734375 15.2734375 
13.943359375 13.974609375 13.974609375 13.998046875 13.998046875 13.998046875 14.029296875 14.029296875 14.029296875 14.029296875 
14.62109375 14.65234375 14.65234375 14.67578125 14.67578125 14.67578125 14.70703125 14.70703125 14.70703125 14.70703125 
14.41015625 14.44140625 14.44140625 14.46484375 14.46484375 14.46484375 14.49609375 14.49609375 14.49609375 14.49609375 
14.841796875 14.873046875 14.873046875 14.896484375 14.896484375 14.896484375 14.927734375 14.927734375 14.927734375 14.927734375 
16.7734375 16.8046875 16.8046875 16.828125 16.828125 16.828125 16.859375 16.859375 16.859375 16.859375 
13.033203125 13.064453125 13.064453125 13.087890625 13.087890625 13.087890625 13.119140625 13.119140625 13.119140625 13.119140625 
14.9814453125 15.0126953125 15.0126953125 15.0361328125 15.0361328125 15.0361328125 15.0673828125 15.0673828125 15.0673828125 15.0673828125 
13.017578125 13.048828125 13.048828125 13.072265625 13.072265625 13.072265625 13.103515625 13.103515625 13.103515625 13.103515625 
15.017578125 15.048828125 15.048828125 15.072265625 15.072265625 15.072265625 15.103515625 15.103515625 15.103515625 15.103515625 
14.5263671875 14.5576171875 14.5576171875 14.5810546875 14.5810546875 14.5810546875 14.6123046875 14.6123046875 14.6123046875 14.6123046875 
14.8310546875 14.8623046875 14.8623046875 14.8857421875 14.8857421875 14.8857421875 14.9169921875 14.9169921875 14.9169921875 14.9169921875 
14.7529296875 14.7841796875 14.7841796875 14.8076171875 14.8076171875 14.8076171875 14.8388671875 14.8388671875 14.8388671875 14.8388671875 
14.955078125 14.986328125 14.986328125 15.009765625 15.009765625 15.009765625 15.041015625 15.041015625 15.041015625 15.041015625 
14.7724609375 14.8037109375 14.8037109375 14.8271484375 14.8271484375 14.8271484375 14.8583984375 14.8583984375 14.8583984375 14.8583984375 
15.09375 15.125 15.125 15.1484375 15.1484375 15.1484375 15.1796875 15.1796875 15.1796875 15.1796875 
16.720703125 16.751953125 16.751953125 16.775390625 16.775390625 16.775390625 16.806640625 16.806640625 16.806640625 16.806640625 
13.974609375 14.005859375 14.005859375 14.029296875 14.029296875 14.029296875 14.060546875 14.060546875 14.060546875 14.060546875 
15.896484375 15.927734375 15.927734375 15.951171875 15.951171875 15.951171875 15.982421875 15.982421875 15.982421875 15.982421875 
12.9560546875 12.9873046875 12.9873046875 13.0107421875 13.0107421875 13.0107421875 13.0419921875 13.0419921875 13.0419921875 13.0419921875 
15.0576171875 15.0888671875 15.0888671875 15.1123046875 15.1123046875 15.1123046875 15.1435546875 15.1435546875 15.1435546875 15.1435546875 
14.93359375 14.96484375 14.96484375 14.98828125 14.98828125 14.98828125 15.01953125 15.01953125 15.01953125 15.01953125 
14.865234375 14.896484375 14.896484375 14.919921875 14.919921875 14.919921875 14.951171875 14.951171875 14.951171875 14.951171875 
14.150390625 14.181640625 14.181640625 14.205078125 14.205078125 14.205078125 14.236328125 14.236328125 14.236328125 14.236328125 
14.7998046875 14.8310546875 14.8310546875 14.8544921875 14.8544921875 14.8544921875 14.8857421875 14.8857421875 14.8857421875 14.8857421875 
15.0234375 15.0546875 15.0546875 15.078125 15.078125 15.078125 15.109375 15.109375 15.109375 15.109375 
14.76953125 14.80078125 14.80078125 14.82421875 14.82421875 14.82421875 14.85546875 14.85546875 14.85546875 14.85546875 
16.62109375 16.65234375 16.65234375 16.67578125 16.67578125 16.67578125 16.70703125 16.70703125 16.70703125 16.70703125 
12.970703125 13.001953125 13.001953125 13.025390625 13.025390625 13.025390625 13.056640625 13.056640625 13.056640625 13.056640625 
14.98046875 15.01171875 15.01171875 15.03515625 15.03515625 15.03515625 15.06640625 15.06640625 15.06640625 15.06640625 
14.2607421875 14.2919921875 14.2919921875 14.3154296875 14.3154296875 14.3154296875 14.3466796875 14.3466796875 14.3466796875 14.3466796875 
14.916015625 14.947265625 14.947265625 14.970703125 14.970703125 14.970703125 15.001953125 15.001953125 15.001953125 15.001953125 
14.2919921875 14.3232421875 14.3232421875 14.3466796875 14.3466796875 14.3466796875 14.3779296875 14.3779296875 14.3779296875 14.3779296875 
14.806640625 14.837890625 14.837890625 14.861328125 14.861328125 14.861328125 14.892578125 14.892578125 14.892578125 14.892578125 
14.201171875 14.232421875 14.232421875 14.255859375 14.255859375 14.255859375 14.287109375 14.287109375 14.287109375 14.287109375 
14.8193359375 14.8505859375 14.8505859375 14.8740234375 14.8740234375 14.8740234375 14.9052734375 14.9052734375 14.9052734375 14.9052734375 
14.734375 14.765625 14.765625 14.7890625 14.7890625 14.7890625 14.8203125 14.8203125 14.8203125 14.8203125 
14.783203125 14.814453125 14.814453125 14.837890625 14.837890625 14.837890625 14.869140625 14.869140625 14.869140625 14.869140625 
16.7275390625 16.7587890625 16.7587890625 16.7822265625 16.7822265625 16.7822265625 16.8134765625 16.8134765625 16.8134765625 16.8134765625 
13.4384765625 13.4697265625 13.4697265625 13.4931640625 13.4931640625 13.4931640625 13.5244140625 13.5244140625 13.5244140625 13.5244140625 
15.447265625 15.478515625 15.478515625 15.501953125 15.501953125 15.501953125 15.533203125 15.533203125 15.533203125 15.533203125 
13.3896484375 13.4208984375 13.4208984375 13.4443359375 13.4443359375 13.4443359375 13.4755859375 13.4755859375 13.4755859375 13.4755859375 
15.408203125 15.439453125 15.439453125 15.462890625 15.462890625 15.462890625 15.494140625 15.494140625 15.494140625 15.494140625 
13.02734375 13.05859375 13.05859375 13.08203125 13.08203125 13.08203125 13.11328125 13.11328125 13.11328125 13.11328125 
14.9306640625 14.9619140625 14.9619140625 14.9853515625 14.9853515625 14.9853515625 15.0166015625 15.0166015625 15.0166015625 15.0166015625 
14.4755859375 14.5068359375 14.5068359375 14.5302734375 14.5302734375 14.5302734375 14.5615234375 14.5615234375 14.5615234375 14.5615234375 
14.8505859375 14.8818359375 14.8818359375 14.9052734375 14.9052734375 14.9052734375 14.9365234375 14.9365234375 14.9365234375 14.9365234375 
14.0615234375 14.0927734375 14.0927734375 14.1162109375 14.1162109375 14.1162109375 14.1474609375 14.1474609375 14.1474609375 14.1474609375 
14.955078125 14.986328125 14.986328125 15.009765625 15.009765625 15.009765625 15.041015625 15.041015625 15.041015625 15.041015625 
14.943359375 14.974609375 14.974609375 14.998046875 14.998046875 14.998046875 15.029296875 15.029296875 15.029296875 15.029296875 
14.9970703125 15.0283203125 15.0283203125 15.0517578125 15.0517578125 15.0517578125 15.0830078125 15.0830078125 15.0830078125 15.0830078125 
17.015625 17.046875 17.046875 17.0703125 17.0703125 17.0703125 17.1015625 17.1015625 17.1015625 17.1015625 
13.1103515625 13.1416015625 13.1416015625 13.1650390625 13.1650390625 13.1650390625 13.1962890625 13.1962890625 13.1962890625 13.1962890625 
15.1513671875 15.1826171875 15.1826171875 15.2060546875 15.2060546875 15.2060546875 15.2373046875 15.2373046875 15.2373046875 15.2373046875 
13.0908203125 13.1220703125 13.1220703125 13.1455078125 13.1455078125 13.1455078125 13.1767578125 13.1767578125 13.1767578125 13.1767578125 
15.1875 15.21875 15.21875 15.2421875 15.2421875 15.2421875 15.2734375 15.2734375 15.2734375 15.2734375 
13.943359375 13.974609375 13.974609375 13.998046875 13.998046875 13.998046875 14.029296875 14.029296875 14.029296875 14.029296875 
14.62109375 14.65234375 14.65234375 14.67578125 14.67578125 14.67578125 14.70703125 14.70703125 14.70703125 14.70703125 
14.41015625 14.44140625 14.44140625 14.46484375 14.46484375 14.46484375 14.49609375 14.49609375 14.49609375 14.49609375 
14.841796875 14.873046875 14.873046875 14.896484375 14.896484375 14.896484375 14.927734375 14.927734375 14.927734375 14.927734375 
16.7734375 16.8046875 16.8046875 16.828125 16.828125 16.828125 16.859375 16.859375 16.859375 16.859375 
13.033203125 13.064453125 13.064453125 13.087890625 13.087890625 13.087890625 13.119140625 13.119140625 13.119140625 13.119140625 
14.9814453125 15.0126953125 15.0126953125 15.0361328125 15.0361328125 15.0361328125 15.0673828125 15.0673828125 15.0673828125 15.0673828125 
13.017578125 13.048828125 13.048828125 13.072265625 13.072265625 13.072265625 13.103515625 13.103515625 13.103515625 13.103515625 
15.017578125 15.048828125 15.048828125 15.072265625 15.072265625 15.072265625 15.103515625 15.103515625 15.103515625 15.103515625 
14.5263671875 14.5576171875 14.5576171875 14.5810546875 14.5810546875 14.5810546875 14.6123046875 14.6123046875 14.6123046875 14.6123046875 
14.8310546875 14.8623046875 14.8623046875 14.8857421875 14.8857421875 14.8857421875 14.9169921875 14.9169921875 14.9169921875 14.9169921875 
14.7529296875 14.7841796875 14.7841796875 14.8076171875 14.8076171875 14.8076171875 14.8388671875 14.8388671875 14.8388671875 14.8388671875 
14.955078125 14.986328125 14.986328125 15.009765625 15.009765625 15.009765625 15.041015625 15.041015625 15.041015625 15.041015625 
14.7724609375 14.8037109375 14.8037109375 14.8271484375 14.8271484375 14.8271484375 14.8583984375 14.8583984375 14.8583984375 14.8583984375 
15.09375 15.125 15.125 15.1484375 15.1484375 15.1484375 15.1796875 15.1796875 15.1796875 15.1796875 
16.720703125 16.751953125 16.751953125 16.775390625 16.775390625 16.775390625 16.806640625 16.806640625 16.806640625 16.806640625 
13.974609375 14.005859375 14.005859375 14.029296875 14.029296875 14.029296875 14.060546875 14.060546875 14.060546875 14.060546875 
15.896484375 15.927734375 15.927734375 15.951171875 15.951171875 15.951171875 15.982421875 15.982421875 15.982421875 15.982421875 
12.9560546875 12.9873046875 12.9873046875 13.0107421875 13.0107421875 13.0107421875 13.0419921875 13.0419921875 13.0419921875 13.0419921875 
15.0576171875 15.0888671875 15.0888671875 15.1123046875 15.1123046875 15.1123046875 15.1435546875 15.1435546875 15.1435546875 15.1435546875 
14.93359375 14.96484375 14.96484375 14.98828125 14.98828125 14.98828125 15.01953125 15.01953125 15.01953125 15.01953125 
14.865234375 14.896484375 14.896484375 14.919921875 14.919921875 14.919921875 14.951171875 14.951171875 14.951171875 14.951171875 
14.150390625 14.181640625 14.181640625 14.205078125 14.205078125 14.205078125 14.236328125 14.236328125 14.236328125 14.236328125 
14.7998046875 14.8310546875 14.8310546875 14.8544921875 14.8544921875 14.8544921875 14.8857421875 14.8857421875 14.8857421875 14.8857421875 
15.0234375 15.0546875 15.0546875 15.078125 15.078125 15.078125 15.109375 15.109375 15.109375 15.109375 
14.76953125 14.80078125 14.80078125 14.82421875 14.82421875 14.82421875 14.85546875 14.85546875 14.85546875 14.85546875 
16.62109375 16.65234375 16.65234375 16.67578125 16.67578125 16.67578125 16.70703125 16.70703125 16.70703125 16.70703125 
12.970703125 13.001953125 13.001953125 13.025390625 13.025390625 13.025390625 13.056640625 13.056640625 13.056640625 13.056640625 
14.98046875 15.01171875 15.01171875 15.03515625 15.03515625 15.03515625 15.06640625 15.06640625 15.06640625 15.06640625 
14.2607421875 14.2919921875 14.2919921875 14.3154296875 14.3154296875 14.3154296875 14.3466796875 14.3466796875 14.3466796875 14.3466796875 
14.916015625 14.947265625 14.947265625 14.970703125 14.970703125 14.970703125 15.001953125 15.001953125 15.001953125 15.001953125 
14.2919921875 14.3232421875 14.3232421875 14.3466796875 14.3466796875 14.3466796875 14.3779296875 14.3779296875 14.3779296875 14.3779296875 
14.806640625 14.837890625 14.837890625 14.861328125 14.861328125 14.861328125 14.892578125 14.892578125 14.892578125 14.892578125 
14.201171875 14.232421875 14.232421875 14.255859375 14.255859375 14.255859375 14.287109375 14.287109375 14.287109375 14.287109375 
14.8193359375 14.8505859375 14.8505859375 14.8740234375 14.8740234375 14.8740234375 14.9052734375 14.9052734375 14.9052734375 14.9052734375 
14.734375 14.765625 14.765625 14.7890625 14.7890625 14.7890625 14.8203125 14.8203125 14.8203125 14.8203125 
14.783203125 14.814453125 14.814453125 14.837890625 14.837890625 14.837890625 14.869140625 14.869140625 14.869140625 14.869140625 
16.7275390625 16.7587890625 16.7587890625 16.7822265625 16.7822265625 16.7822265625 16.8134765625 16.8134765625 16.8134765625 16.8134765625 
13.4384765625 13.4697265625 13.4697265625 13.4931640625 13.4931640625 13.4931640625 13.5244140625 13.5244140625 13.5244140625 13.5244140625 
15.447265625 15.478515625 15.478515625 15.501953125 15.501953125 15.501953125 15.533203125 15.533203125 15.533203125 15.533203125 
13.3896484375 13.4208984375 13.4208984375 13.4443359375 13.4443359375 13.4443359375 13.4755859375 13.4755859375 13.4755859375 13.4755859375 
15.408203125 15.439453125 15.439453125 15.462890625 15.462890625 15.462890625 15.494140625 15.494140625 15.494140625 15.494140625 
13.02734375 13.05859375 13.05859375 13.08203125 13.08203125 13.08203125 13.11328125 13.11328125 13.11328125 13.11328125 
14.9306640625 14.9619140625 14.9619140625 14.9853515625 14.9853515625 14.9853515625 15.0166015625 15.0166015625 15.0166015625 15.0166015625 
14.4755859375 14.5068359375 14.5068359375 14.5302734375 14.5302734375 14.5302734375 14.5615234375 14.5615234375 14.5615234375 14.5615234375 
14.8505859375 14.8818359375 14.8818359375 14.9052734375 14.9052734375 14.9052734375 14.9365234375 14.9365234375 14.9365234375 14.9365234375 
14.0615234375 14.0927734375 14.0927734375 14.1162109375 14.1162109375 14.1162109375 14.1474609375 14.1474609375 14.1474609375 14.1474609375 
14.955078125 14.986328125 14.986328125 15.009765625 15.009765625 15.009765625 15.041015625 15.041015625 15.041015625 15.041015625 
14.943359375 14.974609375 14.974609375 14.998046875 14.998046875 14.998046875 15.029296875 15.029296875 15.029296875 15.029296875 
14.9970703125 15.0283203125 15.0283203125 15.0517578125 15.0517578125 15.0517578125 15.0830078125 15.0830078125 15.0830078125 15.0830078125 
17.015625 17.046875 17.046875 17.0703125 17.0703125 17.0703125 17.1015625 17.1015625 17.1015625 17.1015625 
13.1103515625 13.1416015625 13.1416015625 13.1650390625 13.1650390625 13.1650390625 13.1962890625 13.1962890625 13.1962890625 13.1962890625 
15.1513671875 15.1826171875 15.1826171875 15.2060546875 15.2060546875 15.2060546875 15.2373046875 15.2373046875 15.2373046875 15.2373046875 
13.0908203125 13.1220703125 13.1220703125 13.1455078125 13.1455078125 13.1455078125 13.1767578125 13.1767578125 13.1767578125 13.1767578125 
15.1875 15.21875 15.21875 15.2421875 15.2421875 15.2421875 15.2734375 15.2734375 15.2734375 15.2734375 
13.943359375 13.974609375 13.974609375 13.998046875 13.998046875 13.998046875 14.029296875 14.029296875 14.029296875 14.029296875 
14.62109375 14.65234375 14.65234375 14.67578125 14.67578125 14.67578125 14.70703125 14.70703125 14.70703125 14.70703125 
14.41015625 14.44140625 14.44140625 14.46484375 14.46484375 14.46484375 14.49609375 14.49609375 14.49609375 14.49609375 
14.841796875 14.873046875 14.873046875 14.896484375 14.896484375 14.896484375 14.927734375 14.927734375 14.927734375 14.927734375 
16.7734375 16.8046875 16.8046875 16.828125 16.828125 16.828125 16.859375 16.859375 16.859375 16.859375 
13.033203125 13.064453125 13.064453125 13.087890625 13.087890625 13.087890625 13.119140625 13.119140625 13.119140625 13.119140625 
14.9814453125 15.0126953125 15.0126953125 15.0361328125 15.0361328125 15.0361328125 15.0673828125 15.0673828125 15.0673828125 15.0673828125 
13.017578125 13.048828125 13.048828125 13.072265625 13.072265625 13.072265625 13.103515625 13.103515625 13.103515625 13.103515625 
15.017578125 15.048828125 15.048828125 15.072265625 15.072265625 15.072265625 15.103515625 15.103515625 15.103515625 15.103515625 
14.5263671875 14.5576171875 14.5576171875 14.5810546875 14.5810546875 14.5810546875 14.6123046875 14.6123046875 14.6123046875 14.6123046875 
14.8310546875 14.8623046875 14.8623046875 14.8857421875 14.8857421875 14.8857421875 14.9169921875 14.9169921875 14.9169921875 14.9169921875 
14.7529296875 14.7841796875 14.7841796875 14.8076171875 14.8076171875 14.8076171875 14.8388671875 14.8388671875 14.8388671875 14.8388671875 
14.955078125 14.986328125 14.986328125 15.009765625 15.009765625 15.009765625 15.041015625 15.041015625 15.041015625 15.041015625 
14.7724609375 14.8037109375 14.8037109375 14.8271484375 14.8271484375 14.8271484375 14.8583984375 14.8583984375 14.8583984375 14.8583984375 
15.09375 15.125 15.125 15.1484375 15.1484375 15.1484375 15.1796875 15.1796875 15.1796875 15.1796875 
16.720703125 16.751953125 16.751953125 16.775390625 16.775390625 16.775390625 16.806640625 16.806640625 16.806640625 16.806640625 
13.974609375 14.005859375 14.005859375 14.029296875 14.029296875 14.029296875 14.060546875 14.060546875 14.060546875 14.060546875 
15.896484375 15.927734375 15.927734375 15.951171875 15.951171875 15.951171875 15.982421875 15.982421875 15.982421875 15.982421875 
12.9560546875 12.9873046875 12.9873046875 13.0107421875 13.0107421875 13.0107421875 13.0419921875 13.0419921875 13.0419921875 13.0419921875 
15.0576171875 15.0888671875 15.0888671875 15.1123046875 15.1123046875 15.1123046875 15.1435546875 15.1435546875 15.1435546875 15.1435546875 
14.93359375 14.96484375 14.96484375 14.98828125 14.98828125 14.98828125 15.01953125 15.01953125 15.01953125 15.01953125 
14.865234375 14.896484375 14.896484375 14.919921875 14.919921875 14.919921875 14.951171875 14.951171875 14.951171875 14.951171875 
14.150390625 14.181640625 14.181640625 14.205078125 14.205078125 14.205078125 14.236328125 14.236328125 14.236328125 14.236328125 
14.7998046875 14.8310546875 14.8310546875 14.8544921875 14.8544921875 14.8544921875 14.8857421875 14.8857421875 14.8857421875 14.8857421875 
15.0234375 15.0546875 15.0546875 15.078125 15.078125 15.078125 15.109375 15.109375 15.109375 15.109375 
14.76953125 14.80078125 14.80078125 14.82421875 14.82421875 14.82421875 14.85546875 14.85546875 14.85546875 14.85546875 
16.62109375 16.65234375 16.65234375 16.67578125 16.67578125 16.67578125 16.70703125 16.70703125 16.70703125 16.70703125 
12.970703125 13.001953125 13.001953125 13.025390625 13.025390625 13.025390625 13.056640625 13.056640625 13.056640625 13.056640625 
14.98046875 15.01171875 15.01171875 15.03515625 15.03515625 15.03515625 15.06640625 15.06640625 15.06640625 15.06640625 
14.2607421875 14.2919921875 14.2919921875 14.3154296875 14.3154296875 14.3154296875 14.3466796875 14.3466796875 14.3466796875 14.3466796875 
14.916015625 14.947265625 14.947265625 14.970703125 14.970703125 14.970703125 15.001953125 15.001953125 15.001953125 15.001953125 
14.2919921875 14.3232421875 14.3232421875 14.3466796875 14.3466796875 14.3466796875 14.3779296875 14.3779296875 14.3779296875 14.3779296875 
14.806640625 14.837890625 14.837890625 14.861328125 14.861328125 14.861328125 14.892578125 14.892578125 14.892578125 14.892578125 
14.201171875 14.232421875 14.232421875 14.255859375 14.255859375 14.255859375 14.287109375 14.287109375 14.287109375 14.287109375 
14.8193359375 14.8505859375 14.8505859375 14.8740234375 14.8740234375 14.8740234375 14.9052734375 14.9052734375 14.9052734375 14.9052734375 
14.734375 14.765625 14.765625 14.7890625 14.7890625 14.7890625 14.8203125 14.8203125 14.8203125 14.8203125 
14.783203125 14.814453125 14.814453125 14.837890625 14.837890625 14.837890625 14.869140625 14.869140625 14.869140625 14.869140625 
16.7275390625 16.7587890625 16.7587890625 16.7822265625 16.7822265625 16.7822265625 16.8134765625 16.8134765625 16.8134765625 16.8134765625 
13.4384765625 13.4697265625 13.4697265625 13.4931640625 13.4931640625 13.4931640625 13.5244140625 13.5244140625 13.5244140625 13.5244140625 
15.447265625 15.478515625 15.478515625 15.501953125 15.501953125 15.501953125 15.533203125 15.533203125 15.533203125 15.533203125 
13.3896484375 13.4208984375 13.4208984375 13.4443359375 13.4443359375 13.4443359375 13.4755859375 13.4755859375 13.4755859375 13.4755859375 
15.408203125 15.439453125 15.439453125 15.462890625 15.462890625 15.462890625 15.494140625 15.494140625 15.494140625 15.494140625 
13.02734375 13.05859375 13.05859375 13.08203125 13.08203125 13.08203125 13.11328125 13.11328125 13.11328125 13.11328125 
14.9306640625 14.9619140625 14.9619140625 14.9853515625 14.9853515625 14.9853515625 15.0166015625 15.0166015625 15.0166015625 15.0166015625 
14.4755859375 14.5068359375 14.5068359375 14.5302734375 14.5302734375 14.5302734375 14.5615234375 14.5615234375 14.5615234375 14.5615234375 
