45.55078125 48.86328125 52.61328125 45.587890625 49.478515625 52.361328125 56.142578125 59.423828125 54.447265625 
50.8125 54.125 57.875 61.1796875 46.0966796875 49.302734375 53.083984375 56.365234375 
61.8095703125 64.125 50.6552734375 53.9599609375 57.7099609375 60.9912109375 64.7724609375 46.71484375 
52.3623046875 56.1435546875 59.4248046875 63.1982421875 46.7783203125 50.224609375 53.537109375 57.287109375 
62.642578125 47.6279296875 50.8369140625 54.6103515625 57.8916015625 61.6416015625 58.7255859375 48.494140625 
54.2412109375 57.5537109375 61.3037109375 58.0146484375 49.73828125 53.01953125 56.80078125 60.08203125 
45.865234375 46.7333984375 49.9443359375 53.7177734375 56.9990234375 60.7490234375 63.1669921875 48.7216796875 52.0029296875 55.7529296875 
59.685546875 62.4658203125 48.3486328125 51.6533203125 55.4033203125 58.6845703125 62.4658203125 65.62890625 
51.1884765625 54.5009765625 58.2509765625 61.5556640625 59.8134765625 49.9052734375 53.6865234375 56.9677734375 60.7177734375 
64.3916015625 48.5791015625 52.3291015625 55.6337890625 59.3837890625 62.6650390625 47.5771484375 50.8583984375 54.6083984375 
58.71875 62.03125 46.259765625 49.4833984375 53.2333984375 56.5146484375 60.2958984375 63.5771484375 
49.9248046875 53.2373046875 56.9873046875 60.2919921875 63.01171875 48.0185546875 51.7998046875 55.0810546875 58.8310546875 
62.5439453125 47.4345703125 51.1845703125 54.4892578125 58.2392578125 61.5205078125 59.3251953125 49.68359375 53.43359375 
57.51953125 60.83203125 63.2978515625 48.3037109375 52.0537109375 55.3349609375 59.1162109375 62.3974609375 
48.3642578125 51.6044921875 55.3544921875 58.6591796875 62.4091796875 59.1611328125 49.4296875 52.7109375 56.4609375 
60.5146484375 62.5517578125 49.4296875 52.734375 56.484375 59.765625 63.546875 49.1826171875 50.14453125 
54.0615234375 57.3740234375 61.1240234375 57.3525390625 48.8447265625 52.1259765625 55.9072265625 59.1884765625 
45.818359375 49.056640625 52.806640625 56.111328125 59.861328125 62.619140625 47.7939453125 51.0751953125 54.8251953125 
59.3408203125 62.6533203125 47.09375 50.3984375 54.1484375 57.4296875 61.2109375 64.4921875 47.1396484375 
51.4912109375 54.8037109375 58.5537109375 61.8583984375 45.7529296875 48.962890625 52.744140625 56.025390625 
61.736328125 64.130859375 49.884765625 53.189453125 56.939453125 60.220703125 63.8818359375 46.6552734375 50.369140625 
54.87890625 58.19140625 61.94140625 58.9365234375 50.1875 53.46875 57.25 60.53125 64.1591796875 
49.5302734375 52.8427734375 56.5927734375 59.8974609375 63.1474609375 46.9052734375 50.6201171875 53.9013671875 
59.6376953125 62.9501953125 47.84375 51.07421875 54.82421875 58.10546875 61.88671875 65.16796875 47.3251953125 
52.23046875 55.54296875 59.29296875 61.935546875 47.798828125 51.080078125 54.861328125 58.142578125 61.892578125 
46.5 49.3935546875 53.1435546875 56.4482421875 60.1982421875 62.271484375 47.796875 51.078125 
56.669921875 59.982421875 63.42578125 49.021484375 52.7060546875 55.9873046875 59.7685546875 63.0498046875 61.515625 
51.103515625 54.416015625 58.166015625 61.470703125 63.9326171875 49.2900390625 52.9951171875 56.2763671875 60.0263671875 
46.0048828125 49.23828125 52.98828125 56.29296875 60.04296875 61.818359375 48.509765625 51.791015625 
56.982421875 60.294921875 63.1064453125 48.740234375 52.490234375 55.771484375 59.552734375 62.833984375 62.1044921875 
51.8271484375 55.1396484375 58.8896484375 62.1943359375 46.2470703125 49.451171875 53.232421875 56.513671875 60.263671875 
59.6748046875 49.494140625 53.244140625 56.548828125 60.298828125 63.302734375 47.337890625 50.619140625 
56.3203125 59.6328125 62.2529296875 48.27734375 52.02734375 55.30859375 59.08984375 62.37109375 60.5947265625 
50.5625 53.875 57.625 60.9296875 58.6435546875 49.203125 52.984375 56.265625 60.015625 
59.76171875 49.3642578125 53.1142578125 56.4189453125 60.1689453125 63.0244140625 47.794921875 51.076171875 
56.3095703125 59.6220703125 62.47265625 48.4814453125 52.2314453125 55.5126953125 59.2939453125 62.5751953125 59.8955078125 
51.177734375 54.490234375 58.240234375 61.544921875 58.4365234375 49.2236328125 53.0048828125 56.2861328125 60.0361328125 
46.48046875 49.7138671875 53.4638671875 56.7685546875 60.5185546875 62.7314453125 48.744140625 52.025390625 
57.75 61.0625 58.462890625 48.75 52.5 55.78125 59.5625 62.84375 62.1142578125 
51.876953125 55.189453125 58.939453125 62.244140625 46.1669921875 49.390625 53.171875 56.453125 60.203125 
47.255859375 50.2626953125 53.5439453125 57.3173828125 60.5986328125 56.580078125 47.552734375 51.302734375 
56.5673828125 59.8798828125 62.4052734375 48.734375 52.484375 55.765625 59.546875 62.828125 61.3017578125 
51.259765625 55.041015625 58.322265625 62.095703125 58.9951171875 50.134765625 53.447265625 57.197265625 60.478515625 
59.9150390625 47.3251953125 50.6064453125 54.3798828125 57.6611328125 61.4111328125 63.30078125 49.2080078125 52.4892578125 
58.4609375 61.7734375 47.888671875 51.11328125 54.86328125 58.14453125 61.92578125 65.20703125 47.33984375 50.62109375 
55.7490234375 59.0615234375 62.349609375 47.052734375 50.802734375 54.083984375 57.865234375 61.146484375 59.271484375 
51.150390625 54.462890625 58.212890625 61.517578125 47.4189453125 50.623046875 54.404296875 57.685546875 
62.7412109375 47.837890625 51.587890625 54.892578125 58.642578125 61.923828125 60.5947265625 49.6611328125 53.4111328125 56.6923828125 
61.986328125 58.9755859375 50.21875 53.5234375 57.2734375 60.5546875 64.3359375 48.513671875 49.462890625 
55.25 58.5625 62.283203125 46.8349609375 50.5849609375 53.8662109375 57.6474609375 60.9287109375 
46.80859375 50.0546875 53.8046875 57.109375 60.859375 63.2373046875 48.0107421875 51.2919921875 55.0419921875 58.3232421875 
62.8125 48.8994140625 52.1806640625 55.9541015625 59.2353515625 62.9853515625 48.0830078125 50.15234375 53.43359375 
59.78125 63.09375 47.802734375 51.107421875 54.857421875 58.138671875 61.919921875 65.0634765625 
50.1162109375 53.4287109375 57.1787109375 60.4833984375 63.3037109375 48.0126953125 51.7939453125 55.0751953125 58.8251953125 62.1064453125 
49.99609375 53.77734375 57.05859375 60.83203125 63.1591796875 47.328125 50.640625 54.390625 57.671875 61.421875 
58.884765625 49.123046875 52.873046875 56.177734375 59.927734375 63.05859375 47.3623046875 50.6064453125 
56.302734375 59.615234375 62.349609375 47.798828125 51.548828125 54.830078125 58.611328125 61.892578125 46.5322265625 48.4892578125 
54.220703125 57.533203125 61.283203125 63.279296875 48.2431640625 51.5244140625 55.3056640625 58.5869140625 62.3369140625 61.2744140625 
50.7685546875 54.0810546875 57.8310546875 61.1357421875 63.3076171875 48.7724609375 52.5537109375 55.8349609375 
61.5517578125 58.953125 50.15234375 53.45703125 57.20703125 60.48828125 64.1201171875 46.8935546875 50.6064453125 53.8876953125 
60.0322265625 62.369140625 48.10546875 51.41015625 55.16015625 58.44140625 62.22265625 65.3779296875 48.5166015625 51.7978515625 
56.0869140625 59.3994140625 62.2021484375 47.912109375 51.662109375 54.943359375 58.724609375 62.005859375 
47.208984375 50.4501953125 54.2001953125 57.5048828125 61.2548828125 63.35546875 48.0224609375 51.3037109375 55.0537109375 58.3349609375 
63.25 49.1328125 52.4140625 56.1875 59.46875 63.0439453125 46.9306640625 50.6376953125 53.9189453125 57.6689453125 
61.755859375 58.3193359375 49.751953125 53.056640625 56.806640625 60.087890625 63.869140625 62.546875 
52.544921875 56.326171875 59.607421875 62.8154296875 47.2685546875 50.94921875 54.26171875 58.01171875 61.29296875 65.04296875 
51.3759765625 54.6884765625 58.4384765625 61.7431640625 46.2626953125 49.462890625 53.244140625 56.525390625 60.275390625 63.556640625 
48.43359375 51.74609375 55.49609375 58.80078125 62.55078125 46.2783203125 49.974609375 53.255859375 
59.3212890625 62.6337890625 47.8583984375 51.0947265625 54.8447265625 58.1259765625 61.9072265625 65.1884765625 47.544921875 50.826171875 
57.57421875 60.88671875 57.3359375 48.6005859375 52.3505859375 55.6318359375 59.4130859375 62.6943359375 48.517578125 49.701171875 
54.0009765625 57.3134765625 61.0634765625 63.0244140625 49.80859375 53.08984375 56.87109375 60.15234375 
59.37890625 49.26171875 53.01171875 56.31640625 60.06640625 62.3525390625 47.7841796875 51.0654296875 
56.7255859375 60.0380859375 62.7158203125 48.9580078125 52.7080078125 55.9892578125 59.7705078125 63.0517578125 
48.5537109375 51.8662109375 55.6162109375 58.9208984375 62.5068359375 59.8701171875 50.1376953125 53.4189453125 
59.6533203125 62.5107421875 48.95703125 52.26171875 56.01171875 59.29296875 63.07421875 66.2294921875 
51.1279296875 54.4404296875 58.1904296875 61.4951171875 64.0302734375 48.72265625 52.50390625 55.78515625 
61.861328125 46.666015625 50.3447265625 53.6494140625 57.3994140625 60.6806640625 64.345703125 47.318359375 
53.5166015625 56.8291015625 60.5791015625 63.5068359375 48.5888671875 51.8701171875 55.6513671875 58.9326171875 
63.98828125 48.326171875 52.076171875 55.380859375 59.130859375 62.412109375 46.8310546875 48.4970703125 
54.6572265625 57.9697265625 61.7197265625 58.9072265625 50.1650390625 53.4462890625 57.2275390625 60.5087890625 
46.6611328125 47.958984375 51.166015625 54.939453125 58.220703125 61.970703125 58.9638671875 49.6689453125 52.9501953125 
58.8857421875 62.1982421875 47.408203125 50.634765625 54.384765625 57.666015625 61.447265625 64.728515625 
48.51953125 50.0341796875 53.3154296875 57.0888671875 60.3701171875 63.36328125 47.119140625 50.869140625 54.150390625 
59.9248046875 61.4775390625 63.58984375 49.2197265625 52.5009765625 56.2509765625 59.5634765625 63.3134765625 61.083984375 
51.6513671875 54.9638671875 58.7138671875 61.7880859375 46.9580078125 50.16015625 53.94140625 57.22265625 60.97265625 
57.4228515625 48.416015625 52.166015625 55.470703125 59.220703125 62.474609375 60.95703125 49.6767578125 53.4267578125 
57.4697265625 60.7822265625 59.59765625 49.7001953125 53.4501953125 56.7314453125 60.5126953125 63.7939453125 
49.326171875 52.638671875 56.388671875 59.693359375 62.3916015625 46.625 50.40625 53.6875 57.4375 
61.2900390625 58.611328125 49.6376953125 52.9423828125 56.6923828125 59.9736328125 63.7548828125 49.099609375 50.12109375 
53.73828125 57.05078125 60.80078125 63.3623046875 47.462890625 50.744140625 54.525390625 57.806640625 
62.931640625 47.8271484375 51.5771484375 54.8818359375 58.6318359375 61.9130859375 46.64453125 49.8916015625 53.6416015625 
57.728515625 61.041015625 58.65234375 48.2841796875 52.0341796875 55.3154296875 59.0966796875 62.3779296875 60.62109375 
49.279296875 52.591796875 56.341796875 59.646484375 61.90625 48.0458984375 51.8271484375 55.1083984375 
60.744140625 63.1005859375 49.6552734375 52.9599609375 56.7099609375 59.9912109375 63.638671875 47.583984375 51.298828125 
55.380859375 58.693359375 62.443359375 46.5 50.1708984375 53.4521484375 57.2333984375 60.5146484375 64.07421875 
48.724609375 52.037109375 55.787109375 59.091796875 62.841796875 45.9990234375 49.4716796875 52.7529296875 
58.427734375 61.740234375 60.271484375 49.6767578125 53.4267578125 56.7080078125 60.4892578125 63.7705078125 48.05859375 
52.556640625 55.869140625 59.619140625 62.923828125 46.2509765625 49.4541015625 53.2353515625 56.5166015625 60.2666015625 
57.984375 48.7958984375 52.5458984375 55.8505859375 59.6005859375 62.8818359375 47.376953125 49.681640625 
55.380859375 58.693359375 62.443359375 46.943359375 50.6220703125 53.9033203125 57.6845703125 60.9658203125 64.580078125 
48.33203125 51.64453125 55.39453125 58.69921875 62.44921875 58.7900390625 49.4853515625 52.7666015625 56.5166015625 
61.4091796875 63.6142578125 49.2060546875 52.5107421875 56.2607421875 59.5419921875 63.3232421875 47.3603515625 
51.4541015625 54.7666015625 58.5166015625 61.8212890625 45.7646484375 48.9716796875 52.7529296875 56.0341796875 59.7841796875 
57.87109375 48.6259765625 52.3759765625 55.6806640625 59.4306640625 62.7119140625 46.9140625 49.6865234375 53.4365234375 
58.43359375 61.74609375 47.890625 51.1171875 54.8671875 58.1484375 61.9296875 65.2109375 
49.140625 52.453125 56.203125 59.5078125 62.22265625 46.8291015625 50.6103515625 53.8916015625 57.6416015625 
62.3037109375 47.826171875 51.576171875 54.880859375 58.630859375 61.912109375 59.6630859375 48.494140625 52.244140625 
57.2294921875 60.5419921875 63.7666015625 48.28515625 52.03515625 55.31640625 59.09765625 62.37890625 
47.86328125 51.1064453125 54.8564453125 58.1611328125 61.9111328125 46.37890625 50.1259765625 53.4072265625 57.1572265625 
61.8984375 47.634765625 51.3056640625 54.6103515625 58.3603515625 61.6416015625 65.306640625 47.337890625 51.087890625 
56.0625 59.375 56.375 48.0634765625 51.8134765625 55.0947265625 58.8759765625 62.1572265625 
48.1767578125 51.4248046875 55.1748046875 58.4794921875 62.2294921875 59.8408203125 50.11328125 53.39453125 57.14453125 
62.599609375 47.15234375 50.82421875 54.12890625 57.87890625 61.16015625 58.1474609375 47.3349609375 51.0849609375 
56.482421875 59.794921875 63.2529296875 47.896484375 51.5712890625 54.8525390625 58.6337890625 61.9150390625 
46.7314453125 49.9716796875 53.7216796875 57.0263671875 60.7763671875 63.9267578125 47.322265625 50.603515625 54.353515625 
60.322265625 62.5185546875 49.439453125 52.744140625 56.494140625 59.775390625 63.556640625 62.02734375 50.1513671875 
55.5927734375 58.9052734375 62.6552734375 46.9677734375 50.640625 53.921875 57.703125 60.984375 
46.7607421875 49.6630859375 53.4130859375 56.7177734375 60.4677734375 63.1259765625 47.3056640625 50.5869140625 54.3369140625 
60.330078125 63.1328125 48.4931640625 51.7978515625 55.5478515625 58.8291015625 62.6103515625 65.78125 49.2177734375 
55.1171875 58.4296875 62.1796875 46.423828125 50.09765625 53.37890625 57.16015625 60.44140625 
46.125 49.3720703125 53.1220703125 56.4267578125 60.1767578125 63.4580078125 46.6005859375 49.8818359375 53.6318359375 
59.529296875 62.841796875 47.7783203125 51.0830078125 54.8330078125 58.1142578125 61.8955078125 65.1767578125 48.271484375 
54.2265625 57.5390625 61.2890625 57.9951171875 49.837890625 53.119140625 56.900390625 60.181640625 
59.62109375 48.8662109375 52.6162109375 55.9208984375 59.6708984375 62.9521484375 47.578125 50.8251953125 54.5751953125 
60.5087890625 62.9873046875 48.0185546875 51.3232421875 55.0732421875 58.3544921875 62.1357421875 65.3037109375 48.5068359375 
54.494140625 57.806640625 61.556640625 58.5166015625 50.232421875 53.513671875 57.294921875 60.576171875 
59.3056640625 49.0166015625 52.7666015625 56.0712890625 59.8212890625 63.1025390625 46.6142578125 49.8955078125 53.6455078125 
59.6357421875 62.6025390625 48.8173828125 52.509765625 55.791015625 59.541015625 62.853515625 61.328125 49.4521484375 
55.2607421875 56.810546875 60.091796875 62.7890625 49.2373046875 52.9873046875 56.2998046875 60.0498046875 63.3310546875 
49.748046875 52.982421875 56.732421875 60.037109375 63.7578125 47.7587890625 50.8525390625 54.1337890625 57.8837890625 
63.505859375 48.1357421875 51.4169921875 55.1904296875 58.4716796875 62.2216796875 58.505859375 48.505859375 51.787109375 55.537109375 
59.4365234375 62.7490234375 47.888671875 51.193359375 54.943359375 58.224609375 62.005859375 65.154296875 
49.0791015625 52.3916015625 56.1416015625 59.4462890625 62.91015625 47.087890625 50.869140625 54.150390625 57.900390625 61.181640625 
46.7509765625 50.4482421875 53.7294921875 57.5029296875 60.7841796875 56.3232421875 48.0546875 51.8046875 55.0859375 
61.4765625 63.4462890625 49.4541015625 52.7587890625 56.5087890625 59.7900390625 63.5712890625 46.6669921875 
51.8857421875 55.1982421875 58.9482421875 62.2529296875 46.2275390625 49.4365234375 53.2177734375 56.4990234375 60.2490234375 63.5302734375 
48.8359375 52.6171875 55.8984375 59.671875 61.7236328125 47.6064453125 50.875 54.625 57.90625 
64.068359375 49.2685546875 53.0185546875 56.3232421875 60.0732421875 63.1767578125 47.5703125 50.8193359375 
56.5556640625 59.8681640625 63.09765625 47.857421875 51.53515625 54.81640625 58.59765625 61.87890625 65.62890625 47.5546875 
52.2958984375 56.0771484375 59.3583984375 62.3134765625 47.3486328125 51.0986328125 54.4111328125 58.1611328125 61.4423828125 
47.3310546875 48.904296875 52.185546875 55.958984375 59.240234375 62.1630859375 46.7607421875 50.4296875 53.7109375 
59.5732421875 61.6650390625 48.0390625 51.34375 55.09375 58.375 62.15625 65.2978515625 48.501953125 51.783203125 
57.3271484375 60.6396484375 58.708984375 49.986328125 53.736328125 57.017578125 60.798828125 64.080078125 49.4189453125 
53.259765625 57.041015625 60.322265625 55.9755859375 47.4599609375 51.2099609375 54.5224609375 58.2724609375 
63.5419921875 48.3544921875 52.1044921875 55.4091796875 59.1591796875 62.2509765625 47.2333984375 49.666015625 53.416015625 56.697265625 
62.4970703125 47.8818359375 51.1630859375 54.9365234375 58.2177734375 61.9677734375 65.1572265625 48.2939453125 51.5751953125 55.3251953125 
59.263671875 62.576171875 47.9130859375 51.2177734375 54.9677734375 58.2490234375 62.0302734375 65.1611328125 
49.109375 52.421875 56.171875 59.4765625 62.0986328125 46.859375 50.640625 53.921875 57.671875 60.953125 
47.3974609375 51.1083984375 54.3896484375 58.1630859375 61.4443359375 64.3056640625 48.0205078125 51.7705078125 55.0517578125 58.8017578125 
62.927734375 47.5712890625 51.3212890625 54.6259765625 58.3759765625 61.6572265625 59.4111328125 49.703125 
55.42578125 58.73828125 61.8671875 46.50390625 50.25390625 53.53515625 57.31640625 60.59765625 64.34765625 48.2568359375 
54.3408203125 57.6533203125 61.4033203125 63.48046875 48.6962890625 51.9775390625 55.7587890625 59.0400390625 62.7900390625 46.2587890625 
50.552734375 53.865234375 57.615234375 60.919921875 58.4169921875 49.244140625 53.025390625 56.306640625 
62.42578125 46.93359375 50.61328125 53.91796875 57.66796875 60.94921875 64.73046875 46.6494140625 50.3642578125 53.6455078125 
60.240234375 62.1455078125 49.033203125 52.337890625 56.087890625 59.369140625 63.150390625 61.15625 49.4521484375 52.7333984375 
57.0361328125 60.3486328125 62.6796875 48.14453125 51.89453125 55.17578125 58.95703125 62.23828125 
46.2001953125 49.9140625 53.1953125 56.96875 60.25 63.443359375 48.2470703125 51.9970703125 55.2783203125 59.0283203125 
64.4501953125 50.5751953125 53.8564453125 57.6298828125 60.9111328125 64.1513671875 47.1396484375 50.8505859375 54.1318359375 57.8818359375 
62.2939453125 47.28125 50.943359375 54.248046875 57.998046875 61.279296875 58.3642578125 47.359375 
52.9990234375 56.3115234375 60.0615234375 62.8896484375 48.0947265625 51.30859375 55.08984375 58.37109375 
63.7412109375 48.529296875 52.279296875 55.583984375 59.333984375 62.587890625 46.416015625 49.662109375 
55.3671875 58.6796875 62.4296875 46.92578125 50.60546875 53.88671875 57.66796875 60.94921875 
59.634765625 48.8828125 52.6328125 55.9375 59.6875 62.96875 46.6318359375 49.880859375 
55.4140625 58.7265625 62.4765625 46.0986328125 49.677734375 52.958984375 56.740234375 60.021484375 
45.666015625 49.3798828125 52.6611328125 56.4345703125 59.7158203125 62.841796875 47.5439453125 51.2939453125 
57.0419921875 60.8232421875 63.482421875 48.96484375 52.24609375 55.99609375 59.30859375 63.05859375 
48.078125 51.390625 55.140625 58.4453125 62.1953125 59.2197265625 50.1591796875 53.4404296875 
59.4462890625 62.7587890625 47.3447265625 50.583984375 54.333984375 57.615234375 61.396484375 64.5625 
50.1923828125 53.5048828125 57.2548828125 60.5595703125 57.3466796875 48.01953125 51.80078125 55.08203125 
60.7744140625 63.0703125 51.0478515625 54.3525390625 58.1025390625 61.3837890625 65.048828125 50.158203125 
53.271484375 56.583984375 60.333984375 63.095703125 48.84765625 52.12890625 55.91015625 59.19140625 
64.7587890625 47.505859375 50.1328125 53.90625 57.1875 60.9375 56.4775390625 48.013671875 51.294921875 
56.5927734375 59.9052734375 63.1181640625 49.025390625 52.7060546875 55.9873046875 59.7685546875 63.0498046875 
48.29296875 49.822265625 53.103515625 56.876953125 60.158203125 56.4267578125 48.064453125 51.814453125 55.095703125 58.845703125 
62.08203125 47.6162109375 51.283203125 54.587890625 58.337890625 61.619140625 46.216796875 49.45703125 
55.13671875 58.44921875 61.8134765625 46.7265625 50.4072265625 53.6884765625 57.4697265625 60.7509765625 64.341796875 
48.05859375 51.37109375 55.12109375 58.42578125 62.146484375 46.2451171875 49.94921875 53.23046875 56.98046875 
60.90625 58.23046875 49.6650390625 52.9697265625 56.7197265625 60.0009765625 63.7822265625 49.408203125 
52.0595703125 55.3720703125 59.1220703125 62.4267578125 46.2177734375 49.4287109375 53.2099609375 56.4912109375 60.2412109375 
63.8623046875 48.2119140625 51.9619140625 55.2666015625 59.0166015625 62.2978515625 46.2109375 49.4521484375 53.2021484375 
57.2890625 60.6015625 58.26171875 49.2451171875 52.9951171875 56.2763671875 60.0576171875 63.3388671875 
48.0146484375 51.3271484375 55.0771484375 58.3818359375 62.1318359375 46.1474609375 49.8935546875 53.1748046875 56.9248046875 
61.509765625 63.76953125 49.6728515625 52.9775390625 56.7275390625 60.0087890625 63.7900390625 62.5 50.6240234375 
55.1025390625 58.4150390625 62.1650390625 46.373046875 50.0478515625 53.3291015625 57.1103515625 60.3916015625 
59.3486328125 49.291015625 53.041015625 56.345703125 60.095703125 62.5068359375 48.02734375 51.30859375 55.05859375 
59.5556640625 62.5673828125 48.7275390625 52.0322265625 55.7822265625 59.0634765625 62.8447265625 66.1259765625 49.205078125 
53.78125 57.09375 60.84375 62.76171875 48.1708984375 51.4521484375 55.2333984375 58.5146484375 
63.75390625 48.3681640625 52.1181640625 55.4228515625 59.1728515625 62.4541015625 46.166015625 49.4140625 53.1640625 
57.677734375 60.990234375 58.9228515625 49.6748046875 53.4248046875 56.7060546875 60.4873046875 63.7685546875 48.4794921875 
51.18359375 54.49609375 58.24609375 61.55078125 45.7880859375 48.9892578125 52.7705078125 56.0517578125 
61.6845703125 59.39453125 50.36328125 53.66796875 57.41796875 60.69921875 64.3427734375 46.6474609375 50.3623046875 
54.83984375 58.15234375 61.90234375 63.953125 49.828125 53.109375 56.890625 60.171875 63.921875 
48.58984375 51.90234375 55.65234375 58.95703125 62.70703125 59.2099609375 49.4482421875 52.7294921875 
58.3583984375 61.6708984375 46.41796875 49.6533203125 53.4033203125 56.6845703125 60.4658203125 63.7470703125 48.05078125 
53.03515625 56.34765625 60.09765625 63.373046875 47.4248046875 50.626953125 54.408203125 57.689453125 61.439453125 
46.4111328125 49.6484375 53.3984375 56.703125 60.453125 63.150390625 48.2666015625 51.5478515625 
57.1630859375 60.4755859375 63.3037109375 48.4931640625 52.2431640625 55.5244140625 59.3056640625 62.5869140625 60.8173828125 
50.2529296875 53.5654296875 57.3154296875 60.6201171875 63.103515625 49.2265625 53.0078125 56.2890625 60.0390625 
45.96484375 49.203125 52.953125 56.2578125 60.0078125 62.8115234375 47.0927734375 50.3740234375 
55.9677734375 59.2802734375 63.0302734375 46.8486328125 50.5986328125 53.8798828125 57.6611328125 60.9423828125 64.6923828125 
49.314453125 52.626953125 56.376953125 59.681640625 56.2216796875 47.8203125 51.6015625 54.8828125 58.6328125 
64.44140625 50.1025390625 53.8525390625 57.1572265625 60.9072265625 63.38671875 48.296875 50.8388671875 
56.0673828125 59.3798828125 62.076171875 47.794921875 51.544921875 54.826171875 58.607421875 61.888671875 65.638671875 
50.6669921875 53.9794921875 57.7294921875 61.0341796875 58.0830078125 49.216796875 52.998046875 56.279296875 60.029296875 
45.7919921875 49.025390625 52.775390625 56.080078125 59.830078125 63.111328125 46.634765625 49.916015625 
55.6171875 58.9296875 62.384765625 47.2138671875 50.8935546875 54.1748046875 57.9560546875 61.2373046875 58.4853515625 
50.169921875 53.482421875 57.232421875 60.537109375 62.8291015625 49.216796875 52.998046875 56.279296875 60.029296875 
46.2119140625 49.681640625 52.962890625 56.736328125 60.017578125 62.90234375 47.8017578125 51.5517578125 
56.7900390625 60.1025390625 63.4072265625 48.2744140625 52.0244140625 55.3056640625 59.0869140625 62.3681640625 59.423828125 
50.724609375 54.505859375 57.787109375 61.2353515625 58.2041015625 49.4599609375 52.7724609375 56.5224609375 59.8037109375 
46.0703125 47.6953125 50.9765625 54.75 58.03125 61.78125 46.5205078125 50.19140625 53.47265625 
59.1005859375 62.4130859375 47.8369140625 51.076171875 54.826171875 58.107421875 61.888671875 65.169921875 47.3046875 
53.236328125 57.017578125 60.298828125 62.875 49.12109375 52.87109375 56.18359375 59.93359375 63.1865234375 
50.0107421875 51.53125 54.8125 58.5859375 61.8671875 47.3251953125 50.6376953125 54.3876953125 57.6689453125 
63.302734375 48.3857421875 52.0634765625 55.3681640625 59.1181640625 62.3994140625 61.0693359375 49.431640625 53.181640625 
59.14453125 61.6123046875 48.970703125 52.744140625 56.025390625 59.775390625 62.96484375 48.08203125 51.3232421875 55.0732421875 
58.908203125 62.220703125 64.796875 49.548828125 53.298828125 56.580078125 60.361328125 63.642578125 
48.548828125 51.861328125 55.611328125 58.916015625 62.5498046875 46.6123046875 50.3935546875 53.6748046875 57.4248046875 60.7060546875 
46.75390625 50.44921875 53.73046875 57.50390625 60.78515625 56.3271484375 48.0576171875 51.8076171875 55.0888671875 
61.423828125 63.38671875 49.923828125 53.228515625 56.978515625 60.259765625 63.8916015625 46.6650390625 
52.318359375 55.630859375 59.380859375 61.7890625 46.9228515625 50.1337890625 53.9150390625 57.1962890625 60.9462890625 57.8994140625 
49.078125 52.859375 56.140625 59.9140625 62.287109375 46.89453125 50.20703125 53.95703125 57.23828125 
62.751953125 63.611328125 48.5419921875 52.3154296875 55.5966796875 59.3466796875 62.6591796875 48.28515625 50.8291015625 
56.3115234375 59.6240234375 62.609375 48.126953125 51.7978515625 55.0791015625 58.8603515625 62.1416015625 61.322265625 49.681640625 
55.423828125 58.736328125 62.486328125 45.5166015625 49.1826171875 52.4638671875 56.2451171875 59.5263671875 63.2763671875 
50.25 54.03125 57.3125 61.0859375 63.0126953125 48.05078125 51.36328125 55.11328125 
60.541015625 62.896484375 48.9267578125 52.2314453125 55.9814453125 59.2626953125 62.9072265625 61.8447265625 50.1337890625 53.4150390625 
59.18359375 62.49609375 46.7734375 49.9912109375 53.7412109375 57.0224609375 60.8037109375 64.0849609375 47.869140625 
53.71484375 57.49609375 60.77734375 45.6591796875 48.86328125 52.61328125 55.92578125 59.67578125 
65.2724609375 49.181640625 52.931640625 56.236328125 59.986328125 62.884765625 47.107421875 50.35546875 54.10546875 57.38671875 
63.08984375 48.7021484375 52.4521484375 55.7568359375 59.5068359375 62.7880859375 60.9248046875 48.7509765625 52.5009765625 
57.8603515625 59.896484375 62.1142578125 49.482421875 52.763671875 56.513671875 59.826171875 63.576171875 61.3251953125 
51.16015625 54.47265625 58.22265625 61.52734375 58.4287109375 49.2177734375 52.9990234375 56.2802734375 60.0302734375 63.3115234375 
49.4482421875 53.2294921875 56.5107421875 60.2841796875 62.486328125 47.787109375 51.099609375 54.849609375 58.130859375 61.880859375 
47.490234375 50.7177734375 54.4677734375 57.7724609375 61.5224609375 63.4580078125 49.2275390625 52.5087890625 
58.255859375 61.568359375 46.47265625 49.7041015625 53.4541015625 56.7353515625 60.5166015625 63.7978515625 50.056640625 50.83984375 
57.056640625 60.369140625 57.2333984375 48.2119140625 51.9619140625 55.2431640625 59.0244140625 62.3056640625 46.0419921875 48.5234375 
52.8857421875 56.1982421875 59.9482421875 62.8251953125 47.076171875 50.357421875 54.138671875 57.419921875 
62.8955078125 48.1005859375 51.3818359375 55.1552734375 58.4365234375 62.1865234375 65.125 48.4921875 51.7734375 55.5234375 
61.6904296875 63.859375 49.970703125 53.275390625 57.025390625 60.306640625 64.087890625 47.4345703125 49.44921875 52.73046875 
57.4765625 60.7890625 63.52734375 49.0771484375 52.8271484375 56.1083984375 59.8896484375 63.1708984375 
47.5498046875 50.8623046875 54.6123046875 57.9169921875 61.6669921875 63.634765625 49.6591796875 52.9404296875 56.6904296875 59.9716796875 
59.1611328125 49.67578125 53.42578125 56.73046875 60.48046875 63.76171875 46.6552734375 49.9365234375 
55.59765625 58.91015625 61.998046875 47.205078125 50.8857421875 54.1669921875 57.9482421875 61.2294921875 
46.21484375 49.4560546875 53.2060546875 56.5107421875 60.2607421875 62.890625 48.255859375 51.537109375 
57.234375 60.546875 63.318359375 48.494140625 52.244140625 55.525390625 59.306640625 62.587890625 
48.943359375 50.3212890625 54.0712890625 57.3759765625 61.1259765625 63.4853515625 48.01171875 51.29296875 
57.0234375 60.3359375 63.6845703125 48.4912109375 52.2412109375 55.5224609375 59.3037109375 62.5849609375 
47.8564453125 51.09765625 54.84765625 58.15234375 61.90234375 46.384765625 50.130859375 53.412109375 
59.544921875 62.857421875 47.83203125 51.068359375 54.818359375 58.099609375 61.880859375 65.162109375 
49.0107421875 52.7919921875 56.0732421875 59.8466796875 62.93359375 47.3876953125 50.630859375 54.380859375 
60.0830078125 63.2958984375 48.3115234375 51.5439453125 55.2939453125 58.5751953125 62.3564453125 65.6376953125 
50.5087890625 54.2900390625 57.5712890625 61.3447265625 57.7099609375 48.7373046875 52.0498046875 55.7998046875 
61.4697265625 48.169921875 51.376953125 55.150390625 58.431640625 62.181640625 64.8232421875 48.4970703125 
53.7451171875 57.0576171875 60.8076171875 63.0595703125 48.84765625 52.12890625 55.91015625 59.19140625 
46.16015625 49.47265625 53.22265625 56.52734375 60.27734375 62.9716796875 48.2529296875 51.5341796875 
57.6630859375 60.9755859375 63.7470703125 49.1923828125 52.9423828125 56.2236328125 60.0048828125 63.2861328125 
48.3193359375 51.6318359375 55.3818359375 58.6865234375 61.9853515625 46.5908203125 50.3720703125 53.6533203125 
59.8876953125 62.73828125 49.19140625 52.49609375 56.24609375 59.52734375 63.30859375 61.0732421875 
51.8076171875 55.1201171875 58.8701171875 62.1748046875 46.4443359375 49.6572265625 53.4384765625 56.7197265625 
62.3828125 47.8740234375 51.5498046875 54.8544921875 58.6044921875 61.8857421875 58.6044921875 47.5595703125 
53.7265625 57.0390625 60.7890625 57.2353515625 48.8505859375 52.1318359375 55.9130859375 59.1943359375 
58.7109375 47.5537109375 50.8349609375 54.6083984375 57.8896484375 61.6396484375 63.7412109375 49.189453125 52.470703125 
57.939453125 61.251953125 63.9208984375 49.6884765625 53.4384765625 56.7197265625 60.5009765625 63.7822265625 
48.2451171875 49.8251953125 53.1064453125 56.8798828125 60.1611328125 55.9560546875 47.125 50.875 54.15625 
59.8974609375 61.4150390625 59.15234375 50.8466796875 54.1279296875 57.8779296875 61.1904296875 64.9404296875 46.88671875 
52.8056640625 56.1181640625 59.8681640625 63.1728515625 46.525390625 49.806640625 53.587890625 56.869140625 60.619140625 
63.9736328125 48.6142578125 52.3642578125 55.6689453125 59.4189453125 62.7001953125 61.4306640625 49.6806640625 53.4306640625 
57.0732421875 60.3857421875 62.8486328125 48.072265625 51.822265625 55.103515625 58.884765625 62.166015625 
47.2060546875 50.447265625 54.197265625 57.501953125 61.251953125 63.341796875 48.0224609375 51.3037109375 55.0537109375 
59.115234375 62.427734375 48.1064453125 51.3330078125 55.0830078125 58.3642578125 62.1455078125 65.3056640625 48.0400390625 
52.125 55.4375 59.1875 62.4921875 46.9599609375 50.1611328125 53.9423828125 57.2236328125 
62.693359375 47.7900390625 51.4765625 54.78125 58.53125 61.8125 65.025390625 48.501953125 52.251953125 
56.583984375 59.896484375 63.365234375 48.2431640625 51.9931640625 55.2744140625 59.0556640625 62.3369140625 59.419921875 
49.27734375 52.58984375 56.33984375 59.64453125 55.1513671875 46.876953125 50.658203125 53.939453125 
59.552734375 62.5478515625 48.013671875 51.318359375 55.068359375 58.349609375 62.130859375 65.2763671875 48.015625 
52.5146484375 55.8271484375 59.5771484375 62.07421875 47.8056640625 51.0869140625 54.8681640625 58.1494140625 61.8994140625 
46.96875 50.201171875 53.951171875 57.255859375 61.005859375 62.9208984375 48.51171875 51.79296875 
57.42578125 60.73828125 63.470703125 50.6142578125 54.3642578125 57.6455078125 61.4267578125 64.5703125 49.1015625 
51.08984375 54.40234375 58.15234375 61.45703125 46.7080078125 49.9140625 53.6953125 56.9765625 60.7265625 
58.9482421875 48.775390625 52.525390625 55.830078125 59.580078125 62.732421875 47.814453125 49.662109375 
54.8984375 58.2109375 61.9609375 46.0419921875 49.7216796875 53.0029296875 56.7841796875 60.0654296875 63.8154296875 
48.271484375 51.583984375 55.333984375 58.638671875 62.388671875 45.7744140625 49.4794921875 52.7607421875 56.5107421875 
61.4638671875 58.7177734375 49.6787109375 52.9833984375 56.7333984375 60.0146484375 63.7958984375 48.3056640625 
52.162109375 55.474609375 59.224609375 62.529296875 45.9990234375 49.2060546875 52.9873046875 56.2685546875 60.0185546875 
46.234375 49.4677734375 53.2177734375 56.5224609375 60.2724609375 62.962890625 48.275390625 51.556640625 55.306640625 
60.740234375 62.8798828125 49.4443359375 52.7490234375 56.4990234375 59.7802734375 63.5615234375 62.25390625 
52.603515625 55.916015625 59.666015625 61.6943359375 46.9755859375 50.2568359375 54.0380859375 57.3193359375 61.0693359375 
46.9453125 50.1787109375 53.9287109375 57.2333984375 60.9833984375 62.7578125 49.2138671875 52.4951171875 56.2451171875 
61.6953125 63.94140625 49.6826171875 52.9873046875 56.7373046875 60.0185546875 63.7998046875 62.4912109375 
52.568359375 55.880859375 59.630859375 62.935546875 46.73828125 50.01953125 53.80078125 57.08203125 60.83203125 
46.3857421875 49.6240234375 53.3740234375 56.6787109375 60.4287109375 63.337890625 48.2626953125 51.5439453125 55.2939453125 
61.2744140625 63.33203125 48.9765625 52.28125 56.03125 59.3125 63.09375 47.1474609375 
51.2333984375 54.5458984375 58.2958984375 61.6005859375 45.7138671875 48.93359375 52.71484375 55.99609375 59.74609375 
46.19921875 49.4345703125 53.1845703125 56.4892578125 60.2392578125 62.8486328125 47.3330078125 50.6142578125 54.3642578125 
60.32421875 63.2255859375 49.21484375 52.51953125 56.26953125 59.55078125 63.33203125 61.0908203125 
51.3486328125 54.6611328125 58.4111328125 61.7158203125 58.7490234375 49.6572265625 53.4384765625 56.7197265625 60.4697265625 
60.388671875 49.7373046875 53.0185546875 56.7919921875 60.0732421875 63.314453125 47.8115234375 51.5615234375 54.8427734375 
